898.826141,-0.002706
900.754953,-0.002178
902.683764,-0.000772
904.612576,0.000644
906.541387,0.000693
908.470199,-0.000003
910.399010,0.000162
912.327822,0.000789
914.256633,0.000767
916.185445,0.000163
918.114256,-0.000344
920.043068,0.000057
921.971879,0.000890
923.900690,0.001272
925.829502,0.000881
927.758313,0.000551
929.687125,0.000394
931.615936,0.000202
933.544748,0.000478
935.473559,0.001009
937.402371,0.001289
939.331182,0.001290
941.259994,0.001067
943.188805,0.000696
945.117617,0.000449
947.046428,0.000537
948.975240,0.000635
950.904051,0.000477
952.832862,0.000442
954.761674,0.000726
956.690485,0.000768
958.619297,0.000448
960.548108,0.000366
962.476920,0.000521
964.405731,0.000552
966.334543,0.000466
968.263354,0.000335
970.192166,0.000304
972.120977,0.000432
974.049789,0.000405
975.978600,0.000207
977.907411,0.000061
979.836223,-0.000077
981.765034,-0.000024
983.693846,0.000162
985.622657,0.000195
987.551469,0.000157
989.480280,0.000188
991.409092,0.000315
993.337903,0.000315
995.266715,0.000090
997.195526,-0.000036
999.124338,-0.000034
1001.053149,-0.000050
1002.981960,-0.000031
1004.910772,0.000089
1006.839583,0.000248
1008.768395,0.000256
1010.697206,0.000129
1012.626018,0.000038
1014.554829,-0.000028
1016.483641,-0.000129
1018.412452,-0.000189
1020.341264,-0.000175
1022.270075,-0.000128
1024.198887,-0.000022
1026.127698,0.000037
1028.056509,-0.000017
1029.985321,-0.000018
1031.914132,0.000036
1033.842944,0.000072
1035.771755,0.000088
1037.700567,0.000038
1039.629378,0.000018
1041.558190,0.000084
1043.487001,0.000119
1045.415813,0.000106
1047.344624,0.000061
1049.273436,0.000042
1051.202247,0.000124
1053.131058,0.000192
1055.059870,0.000114
1056.988681,-0.000044
1058.917493,-0.000097
1060.846304,-0.000118
1062.775116,-0.000180
1064.703927,-0.000077
1066.632739,0.000058
1068.561550,0.000074
1070.490362,0.000100
1072.419173,0.000032
1074.347985,-0.000068
1076.276796,-0.000022
1078.205607,0.000032
1080.134419,0.000047
1082.063230,0.000085
1083.992042,0.000053
1085.920853,-0.000043
1087.849665,-0.000064
1089.778476,-0.000098
1091.707288,-0.000161
1093.636099,-0.000082
1095.564911,0.000009
1097.493722,-0.000010
1099.422534,-0.000023
1101.351345,-0.000042
1103.280156,-0.000076
1105.208968,-0.000069
1107.137779,-0.000074
1109.066591,-0.000074
1110.995402,-0.000039
1112.924214,-0.000050
1114.853025,-0.000061
1116.781837,-0.000018
1118.710648,0.000020
1120.639460,-0.000007
1122.568271,-0.000081
1124.497083,-0.000087
1126.425894,-0.000029
1128.354706,-0.000028
1130.283517,-0.000078
1132.212328,-0.000111
1134.141140,-0.000102
1136.069951,-0.000081
1137.998763,-0.000097
1139.927574,-0.000111
1141.856386,-0.000109
1143.785197,-0.000104
1145.714009,-0.000080
1147.642820,-0.000077
1149.571632,-0.000073
1151.500443,-0.000056
1153.429255,-0.000080
1155.358066,-0.000068
1157.286877,-0.000020
1159.215689,-0.000049
1161.144500,-0.000095
1163.073312,-0.000076
1165.002123,-0.000017
1166.930935,0.000071
1168.859746,0.000141
1170.788558,0.000119
1172.717369,0.000053
1174.646181,0.000018
1176.574992,-0.000010
1178.503804,0.000026
1180.432615,0.000146
1182.361426,0.000154
1184.290238,0.000026
1186.219049,-0.000012
1188.147861,0.000054
1190.076672,0.000109
1192.005484,0.000124
1193.934295,0.000087
1195.863107,0.000068
1197.791918,0.000117
1199.720730,0.000108
1201.649541,0.000039
1203.578353,-0.000005
1205.507164,-0.000004
1207.435975,0.000006
1209.364787,0.000074
1211.293598,0.000159
1213.222410,0.000075
1215.151221,0.000013
1217.080033,0.000137
1219.008844,0.000197
1220.937656,0.000270
1222.866467,0.000421
1224.795279,0.000535
1226.724090,0.000760
1228.652902,0.001050
1230.581713,0.001319
1232.510524,0.001771
1234.439336,0.002264
1236.368147,0.002725
1238.296959,0.003430
1240.225770,0.004074
1242.154582,0.004594
1244.083393,0.005257
1246.012205,0.005889
1247.941016,0.006513
1249.869828,0.006983
1251.798639,0.007123
1253.727451,0.006586
1255.656262,0.005614
1257.585073,0.004832
1259.513885,0.004063
1261.442696,0.005516
1263.371508,0.008329
1265.300319,0.007415
1267.229131,0.005224
1269.157942,0.005589
1271.086754,0.006599
1273.015565,0.007249
1274.944377,0.007582
1276.873188,0.007372
1278.802000,0.006975
1280.730811,0.006465
1282.659622,0.005683
1284.588434,0.004751
1286.517245,0.003953
1288.446057,0.003182
1290.374868,0.002478
1292.303680,0.001891
1294.232491,0.001344
1296.161303,0.001039
1298.090114,0.000851
1300.018926,0.000669
1301.947737,0.000565
1303.876549,0.000428
1305.805360,0.000291
1307.734172,0.000263
1309.662983,0.000340
1311.591794,0.000282
1313.520606,0.000161
1315.449417,0.000078
1317.378229,0.000001
1319.307040,-0.000010
1321.235852,0.000035
1323.164663,0.000031
1325.093475,0.000040
1327.022286,0.000113
1328.951098,0.000141
1330.879909,0.000122
1332.808721,0.000087
1334.737532,-0.000013
1336.666343,-0.000179
1338.595155,-0.000334
1340.523966,-0.000280
1342.452778,-0.000090
1344.381589,0.000016
1346.310401,0.000068
1348.239212,0.000084
1350.168024,0.000142
1352.096835,0.000197
1354.025647,0.000061
1355.954458,0.000008
1357.883270,0.000104
1359.812081,-0.000142
1361.740892,-0.000546
1363.669704,-0.000360
1365.598515,0.000129
1367.527327,0.000266
1369.456138,0.000311
1371.384950,0.000282
1373.313761,0.000003
1375.242573,0.000044
1377.171384,0.000439
1379.100196,0.000668
1381.029007,0.000785
1382.957819,0.000945
1384.886630,0.000843
1386.815441,0.000449
1388.744253,0.000625
1390.673064,0.001190
1392.601876,0.000981
1394.530687,0.000447
1396.459499,0.000476
1398.388310,0.000650
1400.317122,0.001065
1402.245933,0.001451
1404.174745,0.001327
1406.103556,0.001415
1408.032368,0.001677
1409.961179,0.001631
1411.889990,0.001556
1413.818802,0.001568
1415.747613,0.001257
1417.676425,0.000224
1419.605236,-0.000126
1421.534048,0.000788
1423.462859,0.001239
1425.391671,0.001439
1427.320482,0.001589
1429.249294,0.001244
1431.178105,0.001293
1433.106917,0.001528
1435.035728,0.000752
1436.964539,0.000240
1438.893351,0.001209
1440.822162,0.001837
1442.750974,0.001869
1444.679785,0.001857
1446.608597,0.001564
1448.537408,0.001461
1450.466220,0.001662
1452.395031,0.001657
1454.323843,0.000849
1456.252654,-0.000959
1458.181466,-0.000896
1460.110277,0.001165
1462.039089,0.002004
1463.967900,0.001511
1465.896711,0.001503
1467.825523,0.002201
1469.754334,0.001892
1471.683146,0.000537
1473.611957,0.000243
1475.540769,0.001097
1477.469580,0.001975
1479.398392,0.002510
1481.327203,0.002624
1483.256015,0.002676
1485.184826,0.002470
1487.113638,0.001766
1489.042449,0.001161
1490.971260,0.001586
1492.900072,0.002478
1494.828883,0.002289
1496.757695,0.001538
1498.686506,0.001769
1500.615318,0.002563
1502.544129,0.002845
1504.472941,0.001340
1506.401752,-0.000849
1508.330564,0.000212
1510.259375,0.001983
1512.188187,0.002641
1514.116998,0.002554
1516.045809,0.001906
1517.974621,0.001539
1519.903432,0.001057
1521.832244,0.000706
1523.761055,0.001633
1525.689867,0.002297
1527.618678,0.002729
1529.547490,0.003450
1531.476301,0.003061
1533.405113,0.002284
1535.333924,0.002936
1537.262736,0.002596
1539.191547,0.000225
1541.120358,-0.000034
1543.049170,0.001648
1544.977981,0.002895
1546.906793,0.003894
1548.835604,0.004155
1550.764416,0.004077
1552.693227,0.003738
1554.622039,0.003218
1556.550850,0.002107
1558.479662,0.000372
1560.408473,0.002715
1562.337285,0.006331
1564.266096,0.008102
1566.194907,0.009605
1568.123719,0.010917
1570.052530,0.013140
1571.981342,0.017171
1573.910153,0.020475
1575.838965,0.024317
1577.767776,0.031097
1579.696588,0.038612
1581.625399,0.046512
1583.554211,0.055363
1585.483022,0.065224
1587.411834,0.075846
1589.340645,0.087044
1591.269456,0.098456
1593.198268,0.108965
1595.127079,0.118036
1597.055891,0.124972
1598.984702,0.129317
1600.913514,0.130529
1602.842325,0.128485
1604.771137,0.123898
1606.699948,0.116685
1608.628760,0.107702
1610.557571,0.097004
1612.486383,0.086234
1614.415194,0.074388
1616.344005,0.061920
1618.272817,0.070800
1620.201628,0.100319
1622.130440,0.131379
1624.059251,0.155165
1625.988063,0.168345
1627.916874,0.173404
1629.845686,0.170528
1631.774497,0.159634
1633.703309,0.142870
1635.632120,0.119368
1637.560932,0.097841
1639.489743,0.080911
1641.418555,0.061493
1643.347366,0.043429
1645.276177,0.029000
1647.204989,0.016872
1649.133800,0.010440
1651.062612,0.005399
1652.991423,-0.000504
1654.920235,-0.000514
1656.849046,0.001327
1658.777858,0.001499
1660.706669,0.000809
1662.635481,0.000069
1664.564292,0.000301
1666.493104,0.000436
1668.421915,-0.000692
1670.350726,-0.000812
1672.279538,0.000112
1674.208349,0.000248
1676.137161,0.000942
1678.065972,0.002407
1679.994784,0.003047
1681.923595,0.002431
1683.852407,0.001362
1685.781218,0.002328
1687.710030,0.003713
1689.638841,0.003527
1691.567653,0.003149
1693.496464,0.001812
1695.425275,0.000602
1697.354087,0.003017
1699.282898,0.003160
1701.211710,0.000123
1703.140521,0.000362
1705.069333,0.001764
1706.998144,0.003330
1708.926956,0.005278
1710.855767,0.006347
1712.784579,0.006352
1714.713390,0.005451
1716.642202,0.004127
1718.571013,0.003956
1720.499824,0.004858
1722.428636,0.004983
1724.357447,0.004313
1726.286259,0.003757
1728.215070,0.002962
1730.143882,0.002177
1732.072693,0.001030
1734.001505,-0.000179
1735.930316,0.000853
1737.859128,0.001779
1739.787939,0.001632
1741.716751,0.001970
1743.645562,0.002352
1745.574373,0.002216
1747.503185,0.001887
1749.431996,0.001508
1751.360808,0.001753
1753.289619,0.002602
1755.218431,0.002788
1757.147242,0.002641
1759.076054,0.002754
1761.004865,0.002313
1762.933677,0.002023
1764.862488,0.002168
1766.791300,0.001667
1768.720111,0.000966
1770.648922,0.000236
1772.577734,-0.000240
1774.506545,0.000547
1776.435357,0.001290
1778.364168,0.001299
1780.292980,0.001197
1782.221791,0.001286
1784.150603,0.001373
1786.079414,0.001502
1788.008226,0.001667
1789.937037,0.001187
1791.865849,0.000366
1793.794660,0.000603
1795.723471,0.001321
1797.652283,0.001448
1799.581094,0.001220
1801.509906,0.001277
1803.438717,0.001722
1805.367529,0.002111
1807.296340,0.002214
1809.225152,0.002077
1811.153963,0.002024
1813.082775,0.002331
1815.011586,0.002660
1816.940398,0.002759
1818.869209,0.002817
1820.798021,0.002995
1822.726832,0.002989
1824.655643,0.002839
1826.584455,0.002970
1828.513266,0.002936
1830.442078,0.003001
1832.370889,0.003716
1834.299701,0.004258
1836.228512,0.004431
1838.157324,0.004607
1840.086135,0.004728
1842.014947,0.004499
1843.943758,0.004093
1845.872570,0.004356
1847.801381,0.004922
1849.730192,0.005184
1851.659004,0.005248
1853.587815,0.005157
1855.516627,0.005001
1857.445438,0.004794
1859.374250,0.004597
1861.303061,0.004322
1863.231873,0.003883
1865.160684,0.003219
1867.089496,0.002148
1869.018307,0.001342
1870.947119,0.001274
1872.875930,0.002219
1874.804741,0.003618
1876.733553,0.003051
1878.662364,0.001504
1880.591176,0.001577
1882.519987,0.002320
1884.448799,0.002909
1886.377610,0.003558
1888.306422,0.003992
1890.235233,0.004475
1892.164045,0.005133
1894.092856,0.005632
1896.021668,0.005959
1897.950479,0.006242
1899.879290,0.006414
1901.808102,0.006476
1903.736913,0.006501
1905.665725,0.006403
1907.594536,0.006201
1909.523348,0.005994
1911.452159,0.005799
1913.380971,0.005580
1915.309782,0.005063
1917.238594,0.004318
1919.167405,0.003989
1921.096217,0.003859
1923.025028,0.003514
1924.953839,0.003294
1926.882651,0.003055
1928.811462,0.002659
1930.740274,0.002312
1932.669085,0.001964
1934.597897,0.001616
1936.526708,0.001320
1938.455520,0.001087
1940.384331,0.000760
1942.313143,0.000399
1944.241954,0.000337
1946.170766,0.000394
1948.099577,0.000350
1950.028388,0.000265
1951.957200,0.000191
1953.886011,0.000155
1955.814823,0.000107
1957.743634,0.000076
1959.672446,0.000054
1961.601257,0.000017
1963.530069,-0.000000
1965.458880,-0.000050
1967.387692,-0.000076
1969.316503,0.000002
1971.245315,0.000059
1973.174126,0.000061
1975.102938,0.000018
1977.031749,-0.000047
1978.960560,-0.000006
1980.889372,0.000031
1982.818183,0.000032
1984.746995,0.000062
1986.675806,0.000006
1988.604618,-0.000060
1990.533429,-0.000117
1992.462241,-0.000150
1994.391052,-0.000060
1996.319864,-0.000026
1998.248675,-0.000037
2000.177487,-0.000002
2002.106298,0.000017
2004.035109,0.000065
2005.963921,0.000077
2007.892732,0.000026
2009.821544,-0.000027
2011.750355,-0.000068
2013.679167,-0.000042
2015.607978,-0.000051
2017.536790,-0.000117
2019.465601,-0.000071
2021.394413,0.000007
2023.323224,0.000004
2025.252036,-0.000016
2027.180847,-0.000010
2029.109658,0.000009
2031.038470,0.000003
2032.967281,-0.000022
2034.896093,-0.000022
2036.824904,-0.000011
2038.753716,-0.000022
2040.682527,-0.000033
2042.611339,0.000008
2044.540150,0.000028
2046.468962,-0.000026
2048.397773,-0.000036
2050.326585,0.000017
2052.255396,0.000033
2054.184207,-0.000005
2056.113019,-0.000029
2058.041830,-0.000023
2059.970642,-0.000043
2061.899453,-0.000042
2063.828265,-0.000034
2065.757076,-0.000082
2067.685888,-0.000058
2069.614699,0.000022
2071.543511,0.000024
2073.472322,-0.000039
2075.401134,-0.000099
2077.329945,-0.000088
2079.258756,-0.000033
2081.187568,-0.000029
2083.116379,-0.000062
2085.045191,-0.000042
2086.974002,0.000019
2088.902814,0.000025
2090.831625,0.000041
2092.760437,0.000112
2094.689248,0.000096
2096.618060,0.000042
2098.546871,0.000061
2100.475683,0.000103
2102.404494,0.000140
2104.333305,0.000140
2106.262117,0.000118
2108.190928,0.000108
2110.119740,0.000066
2112.048551,0.000048
2113.977363,0.000055
2115.906174,0.000011
2117.834986,0.000019
2119.763797,0.000110
2121.692609,0.000137
2123.621420,0.000105
2125.550232,0.000092
2127.479043,0.000075
2129.407854,0.000070
2131.336666,0.000063
2133.265477,-0.000018
2135.194289,-0.000102
2137.123100,-0.000095
2139.051912,-0.000046
2140.980723,-0.000059
2142.909535,-0.000116
2144.838346,-0.000114
2146.767158,-0.000057
2148.695969,0.000025
2150.624781,0.000080
2152.553592,0.000038
2154.482404,0.000024
2156.411215,0.000090
2158.340026,0.000093
2160.268838,0.000078
2162.197649,0.000124
2164.126461,0.000161
2166.055272,0.000197
2167.984084,0.000255
2169.912895,0.000241
2171.841707,0.000186
2173.770518,0.000226
2175.699330,0.000255
2177.628141,0.000227
2179.556953,0.000295
2181.485764,0.000349
2183.414575,0.000325
2185.343387,0.000365
2187.272198,0.000431
2189.201010,0.000465
2191.129821,0.000488
2193.058633,0.000533
2194.987444,0.000636
2196.916256,0.000763
2198.845067,0.000856
2200.773879,0.000890
2202.702690,0.000947
2204.631502,0.001014
2206.560313,0.001018
2208.489124,0.001085
2210.417936,0.001180
2212.346747,0.001130
2214.275559,0.001036
2216.204370,0.000960
2218.133182,0.000834
2220.061993,0.000703
2221.990805,0.000542
2223.919616,0.000403
2225.848428,0.000489
2227.777239,0.000735
2229.706051,0.000972
2231.634862,0.001234
2233.563673,0.001458
2235.492485,0.001514
2237.421296,0.001488
2239.350108,0.001458
2241.278919,0.001346
2243.207731,0.001133
2245.136542,0.000877
2247.065354,0.000641
2248.994165,0.000489
2250.922977,0.000348
2252.851788,0.000152
2254.780600,0.000024
2256.709411,-0.000022
2258.638222,-0.000090
2260.567034,-0.000129
2262.495845,-0.000118
2264.424657,-0.000140
2266.353468,-0.000180
2268.282280,-0.000157
2270.211091,-0.000093
2272.139903,-0.000064
2274.068714,-0.000042
2275.997526,-0.000031
2277.926337,-0.000014
2279.855149,0.000036
2281.783960,0.000048
2283.712771,0.000018
2285.641583,0.000003
2287.570394,-0.000012
2289.499206,-0.000037
2291.428017,-0.000069
2293.356829,-0.000117
2295.285640,-0.000145
2297.214452,-0.000165
2299.143263,-0.000285
2301.072075,-0.000441
2303.000886,-0.000548
2304.929698,-0.000257
2306.858509,-0.000000
2308.787320,0.000229
2310.716132,0.000330
2312.644943,0.000379
2314.573755,0.000457
2316.502566,0.000453
2318.431378,0.000378
2320.360189,0.000383
2322.289001,0.000406
2324.217812,0.000452
2326.146624,0.000351
2328.075435,0.000140
2330.004247,-0.000137
2331.933058,-0.000140
2333.861870,-0.000034
2335.790681,-0.000038
2337.719492,-0.000001
2339.648304,0.000161
2341.577115,0.000514
2343.505927,0.001126
2345.434738,0.002189
2347.363550,0.003603
2349.292361,0.004218
2351.221173,0.003358
2353.149984,0.001889
2355.078796,0.000785
2357.007607,0.000157
2358.936419,-0.000026
2360.865230,0.000101
2362.794041,0.000366
2364.722853,-0.000138
2366.651664,-0.000328
2368.580476,-0.000419
2370.509287,-0.000368
2372.438099,-0.000047
2374.366910,0.000323
2376.295722,0.000587
2378.224533,0.000716
2380.153345,0.000636
2382.082156,0.000337
2384.010968,-0.000176
2385.939779,-0.000003
2387.868590,0.000089
2389.797402,0.000075
2391.726213,0.000041
2393.655025,0.000045
2395.583836,0.000006
2397.512648,-0.000060
2399.441459,-0.000042
2401.370271,0.000051
2403.299082,0.000041
2405.227894,-0.000025
2407.156705,0.000030
2409.085517,0.000078
2411.014328,0.000078
2412.943139,0.000112
2414.871951,0.000126
2416.800762,0.000106
2418.729574,0.000051
2420.658385,0.000038
2422.587197,0.000075
2424.516008,0.000072
2426.444820,0.000089
2428.373631,0.000099
2430.302443,0.000138
2432.231254,0.000232
2434.160066,0.000184
2436.088877,0.000075
2438.017688,0.000026
2439.946500,0.000004
2441.875311,0.000046
2443.804123,0.000048
2445.732934,0.000056
2447.661746,0.000157
2449.590557,0.000172
2451.519369,0.000120
2453.448180,0.000145
2455.376992,0.000172
2457.305803,0.000151
2459.234615,0.000177
2461.163426,0.000216
2463.092237,0.000228
2465.021049,0.000271
2466.949860,0.000262
2468.878672,0.000186
2470.807483,0.000104
2472.736295,0.000073
2474.665106,0.000139
2476.593918,0.000168
2478.522729,0.000156
2480.451541,0.000200
2482.380352,0.000220
2484.309164,0.000182
2486.237975,0.000165
2488.166786,0.000171
2490.095598,0.000142
2492.024409,0.000154
2493.953221,0.000203
2495.882032,0.000172
2497.810844,0.000124
2499.739655,0.000107
2501.668467,0.000105
2503.597278,0.000172
2505.526090,0.000268
2507.454901,0.000264
2509.383713,0.000189
2511.312524,0.000176
2513.241336,0.000166
2515.170147,0.000111
2517.098958,0.000073
2519.027770,0.000040
2520.956581,0.000010
2522.885393,-0.000002
2524.814204,0.000015
2526.743016,0.000087
2528.671827,0.000158
2530.600639,0.000139
2532.529450,0.000053
2534.458262,-0.000030
2536.387073,-0.000083
2538.315885,-0.000043
2540.244696,0.000009
2542.173507,-0.000007
2544.102319,-0.000015
2546.031130,-0.000043
2547.959942,-0.000083
2549.888753,-0.000050
2551.817565,0.000022
2553.746376,0.000075
2555.675188,0.000066
2557.603999,0.000023
2559.532811,0.000018
2561.461622,0.000031
2563.390434,0.000032
2565.319245,0.000022
2567.248056,-0.000013
2569.176868,-0.000035
2571.105679,0.000015
2573.034491,0.000052
2574.963302,0.000039
2576.892114,0.000013
2578.820925,-0.000060
2580.749737,-0.000068
2582.678548,0.000015
2584.607360,0.000015
2586.536171,-0.000041
2588.464983,-0.000068
2590.393794,-0.000083
2592.322605,-0.000076
2594.251417,-0.000045
2596.180228,-0.000030
2598.109040,-0.000062
2600.037851,-0.000064
2601.966663,-0.000017
2603.895474,-0.000011
2605.824286,0.000007
2607.753097,0.000047
2609.681909,0.000008
2611.610720,-0.000039
2613.539532,-0.000010
2615.468343,0.000016
2617.397154,0.000032
2619.325966,0.000062
2621.254777,0.000024
2623.183589,-0.000037
2625.112400,-0.000006
2627.041212,0.000032
2628.970023,0.000005
2630.898835,0.000000
2632.827646,0.000040
2634.756458,0.000065
2636.685269,0.000074
2638.614081,0.000035
2640.542892,-0.000004
2642.471703,0.000043
2644.400515,0.000022
2646.329326,-0.000060
2648.258138,-0.000036
2650.186949,-0.000005
2652.115761,-0.000049
2654.044572,-0.000069
2655.973384,-0.000018
2657.902195,-0.000008
2659.831007,-0.000091
2661.759818,-0.000104
2663.688630,-0.000061
2665.617441,-0.000085
2667.546253,-0.000104
2669.475064,-0.000089
2671.403875,-0.000029
2673.332687,0.000059
2675.261498,0.000008
2677.190310,-0.000107
2679.119121,-0.000078
2681.047933,-0.000008
2682.976744,0.000012
2684.905556,-0.000006
2686.834367,-0.000040
2688.763179,-0.000002
2690.691990,0.000018
2692.620802,-0.000008
2694.549613,-0.000003
2696.478424,-0.000062
2698.407236,-0.000081
2700.336047,0.000002
2702.264859,0.000008
2704.193670,-0.000015
2706.122482,-0.000039
2708.051293,-0.000100
2709.980105,-0.000085
2711.908916,-0.000031
2713.837728,-0.000005
2715.766539,0.000009
2717.695351,-0.000044
2719.624162,-0.000081
2721.552973,-0.000021
2723.481785,0.000008
2725.410596,0.000002
2727.339408,0.000028
2729.268219,-0.000017
2731.197031,-0.000066
2733.125842,-0.000002
2735.054654,0.000023
2736.983465,0.000031
2738.912277,0.000097
2740.841088,0.000059
2742.769900,0.000003
2744.698711,0.000010
2746.627522,-0.000018
2748.556334,0.000020
2750.485145,0.000082
2752.413957,0.000033
2754.342768,-0.000003
2756.271580,0.000011
2758.200391,0.000002
2760.129203,0.000008
2762.058014,0.000043
2763.986826,0.000054
2765.915637,0.000049
2767.844449,0.000044
2769.773260,0.000011
2771.702071,-0.000016
2773.630883,-0.000037
2775.559694,-0.000034
2777.488506,0.000050
2779.417317,0.000071
2781.346129,0.000012
2783.274940,0.000013
2785.203752,0.000037
2787.132563,0.000040
2789.061375,0.000011
2790.990186,-0.000024
2792.918998,-0.000013
2794.847809,0.000036
2796.776620,0.000080
2798.705432,0.000042
2800.634243,0.000014
2802.563055,0.000065
2804.491866,0.000100
2806.420678,0.000064
2808.349489,-0.000017
2810.278301,0.000024
2812.207112,0.000164
2814.135924,0.000162
2816.064735,0.000104
2817.993547,0.000105
2819.922358,0.000091
2821.851169,0.000090
2823.779981,0.000072
2825.708792,-0.000005
2827.637604,0.000004
2829.566415,0.000085
2831.495227,0.000115
2833.424038,0.000077
2835.352850,-0.000011
2837.281661,0.000008
2839.210473,0.000112
2841.139284,0.000167
2843.068096,0.000280
2844.996907,0.000377
2846.925719,0.000381
2848.854530,0.000389
2850.783341,0.000392
2852.712153,0.000465
2854.640964,0.000619
2856.569776,0.000738
2858.498587,0.000881
2860.427399,0.001041
2862.356210,0.001169
2864.285022,0.001420
2866.213833,0.001790
2868.142645,0.002136
2870.071456,0.002464
2872.000268,0.002815
2873.929079,0.003279
2875.857890,0.003792
2877.786702,0.004230
2879.715513,0.004709
2881.644325,0.005208
2883.573136,0.005703
2885.501948,0.006153
2887.430759,0.006415
2889.359571,0.006589
2891.288382,0.006650
2893.217194,0.006538
2895.146005,0.006278
2897.074817,0.005818
2899.003628,0.005391
2900.932439,0.005037
2902.861251,0.004424
2904.790062,0.003525
2906.718874,0.003189
2908.647685,0.004326
2910.576497,0.006284
2912.505308,0.008064
2914.434120,0.009454
2916.362931,0.010195
2918.291743,0.010295
2920.220554,0.009901
2922.149366,0.008948
2924.078177,0.007624
2926.006988,0.006097
2927.935800,0.004472
2929.864611,0.002967
2931.793423,0.001740
2933.722234,0.000942
2935.651046,0.000519
2937.579857,0.000264
2939.508669,0.000130
2941.437480,0.000002
2943.366292,-0.000067
2945.295103,0.000026
2947.223915,0.000030
2949.152726,0.000009
2951.081537,0.000096
2953.010349,0.000090
2954.939160,0.000056
2956.867972,0.000104
2958.796783,0.000136
2960.725595,0.000098
2962.654406,0.000020
2964.583218,-0.000024
2966.512029,-0.000006
2968.440841,0.000002
2970.369652,-0.000026
2972.298464,0.000008
2974.227275,0.000086
2976.156086,0.000105
2978.084898,0.000070
2980.013709,0.000039
2981.942521,0.000041
2983.871332,0.000025
2985.800144,-0.000031
2987.728955,-0.000071
2989.657767,-0.000039
2991.586578,-0.000011
2993.515390,-0.000050
2995.444201,-0.000085
2997.373013,-0.000108
2999.301824,-0.000057
3001.230635,0.000028
3003.159447,-0.000038
3005.088258,-0.000088
3007.017070,-0.000050
3008.945881,-0.000126
3010.874693,-0.000226
3012.803504,-0.000198
3014.732316,-0.000146
3016.661127,-0.000157
3018.589939,-0.000211
3020.518750,-0.000171
3022.447562,-0.000021
3024.376373,-0.000046
3026.305185,-0.000193
3028.233996,-0.000167
3030.162807,-0.000105
3032.091619,-0.000151
3034.020430,-0.000177
3035.949242,-0.000113
3037.878053,-0.000041
3039.806865,0.000005
3041.735676,0.000008
3043.664488,-0.000095
3045.593299,-0.000162
3047.522111,-0.000161
3049.450922,-0.000181
3051.379734,-0.000201
3053.308545,-0.000253
3055.237356,-0.000223
3057.166168,-0.000123
3059.094979,-0.000139
3061.023791,-0.000144
3062.952602,-0.000079
3064.881414,-0.000059
3066.810225,-0.000106
3068.739037,-0.000181
3070.667848,-0.000183
3072.596660,-0.000172
3074.525471,-0.000175
3076.454283,-0.000098
3078.383094,-0.000107
3080.311905,-0.000183
3082.240717,-0.000175
3084.169528,-0.000180
3086.098340,-0.000115
3088.027151,-0.000013
3089.955963,-0.000092
3091.884774,-0.000188
3093.813586,-0.000172
3095.742397,-0.000177
3097.671209,-0.000212
3099.600020,-0.000148
3101.528832,-0.000117
3103.457643,-0.000209
3105.386454,-0.000121
3107.315266,0.000023
3109.244077,-0.000086
3111.172889,-0.000198
3113.101700,-0.000207
3115.030512,-0.000254
3116.959323,-0.000242
3118.888135,-0.000134
3120.816946,-0.000064
3122.745758,-0.000039
3124.674569,-0.000037
3126.603381,-0.000097
3128.532192,-0.000150
3130.461003,-0.000162
3132.389815,-0.000165
3134.318626,-0.000157
3136.247438,-0.000119
3138.176249,-0.000093
3140.105061,-0.000170
3142.033872,-0.000203
3143.962684,-0.000134
3145.891495,-0.000148
3147.820307,-0.000139
3149.749118,-0.000021
3151.677930,0.000021
3153.606741,-0.000071
3155.535552,-0.000178
3157.464364,-0.000163
3159.393175,-0.000070
3161.321987,-0.000036
3163.250798,-0.000035
3165.179610,0.000022
3167.108421,0.000091
3169.037233,0.000067
3170.966044,-0.000010
3172.894856,-0.000030
3174.823667,-0.000014
3176.752479,-0.000071
3178.681290,-0.000149
3180.610102,-0.000117
3182.538913,-0.000069
3184.467724,-0.000074
3186.396536,-0.000054
3188.325347,-0.000033
3190.254159,0.000032
3192.182970,0.000174
3194.111782,0.000235
3196.040593,0.000194
3197.969405,0.000168
3199.898216,0.000151
3201.827028,0.000094
3203.755839,0.000038
3205.684651,0.000054
3207.613462,0.000073
3209.542273,0.000061
3211.471085,0.000093
3213.399896,0.000145
3215.328708,0.000171
3217.257519,0.000079
3219.186331,-0.000056
3221.115142,0.000024
3223.043954,0.000124
3224.972765,0.000044
3226.901577,-0.000000
3228.830388,0.000063
3230.759200,0.000134
3232.688011,0.000083
3234.616822,0.000004
3236.545634,0.000073
3238.474445,0.000147
3240.403257,0.000233
3242.332068,0.000334
3244.260880,0.000326
3246.189691,0.000286
3248.118503,0.000260
3250.047314,0.000253
3251.976126,0.000164
3253.904937,0.000025
3255.833749,0.000111
3257.762560,0.000262
3259.691371,0.000137
3261.620183,-0.000090
3263.548994,-0.000002
3265.477806,0.000221
3267.406617,0.000223
3269.335429,0.000276
3271.264240,0.000368
3273.193052,0.000195
3275.121863,0.000012
3277.050675,0.000028
3278.979486,0.000084
3280.908298,0.000080
3282.837109,-0.000006
3284.765920,-0.000063
3286.694732,0.000021
3288.623543,0.000090
3290.552355,0.000060
3292.481166,0.000017
3294.409978,-0.000001
3296.338789,0.000022
3298.267601,-0.000036
3300.196412,-0.000107
3302.125224,0.000062
3304.054035,0.000236
3305.982847,0.000152
3307.911658,0.000034
3309.840469,-0.000052
3311.769281,-0.000201
3313.698092,-0.000211
3315.626904,-0.000119
3317.555715,-0.000144
3319.484527,-0.000098
3321.413338,0.000013
3323.342150,-0.000012
3325.270961,-0.000027
3327.199773,-0.000004
3329.128584,-0.000037
3331.057396,0.000003
3332.986207,0.000103
3334.915018,0.000098
3336.843830,0.000006
3338.772641,-0.000133
3340.701453,-0.000231
3342.630264,-0.000094
3344.559076,0.000050
3346.487887,0.000025
3348.416699,0.000093
3350.345510,0.000185
3352.274322,0.000111
3354.203133,0.000013
3356.131945,0.000071
3358.060756,0.000177
3359.989568,0.000191
3361.918379,0.000285
3363.847190,0.000323
3365.776002,0.000282
3367.704813,0.000457
3369.633625,0.000574
3371.562436,0.000523
3373.491248,0.000427
3375.420059,0.000346
3377.348871,0.000448
3379.277682,0.000454
3381.206494,0.000316
3383.135305,0.000438
3385.064117,0.000618
3386.992928,0.000498
3388.921739,0.000438
3390.850551,0.000595
3392.779362,0.000572
3394.708174,0.000526
3396.636985,0.000559
3398.565797,0.000374
3400.494608,0.000262
3402.423420,0.000396
3404.352231,0.000469
3406.281043,0.000499
3408.209854,0.000588
3410.138666,0.000555
3412.067477,0.000342
3413.996288,0.000234
3415.925100,0.000320
3417.853911,0.000352
3419.782723,0.000411
3421.711534,0.000445
3423.640346,0.000189
3425.569157,0.000036
3427.497969,0.000119
3429.426780,0.000168
3431.355592,0.000271
3433.284403,0.000404
3435.213215,0.000452
3437.142026,0.000384
3439.070837,0.000449
3440.999649,0.000713
3442.928460,0.000573
3444.857272,0.000227
3446.786083,0.000299
3448.714895,0.000383
3450.643706,0.000263
3452.572518,0.000215
3454.501329,0.000212
3456.430141,0.000264
3458.358952,0.000345
3460.287764,0.000416
3462.216575,0.000459
3464.145386,0.000313
3466.074198,0.000222
3468.003009,0.000298
3469.931821,0.000312
3471.860632,0.000384
3473.789444,0.000446
3475.718255,0.000342
3477.647067,0.000163
3479.575878,-0.000046
3481.504690,-0.000056
3483.433501,0.000044
3485.362313,-0.000061
3487.291124,-0.000015
3489.219935,0.000168
3491.148747,0.000041
3493.077558,-0.000095
3495.006370,-0.000061
3496.935181,-0.000054
3498.863993,-0.000008
3500.792804,-0.000043
3502.721616,-0.000248
3504.650427,-0.000288
3506.579239,-0.000109
3508.508050,0.000039
3510.436862,0.000010
3512.365673,-0.000235
3514.294484,-0.000277
3516.223296,-0.000064
3518.152107,-0.000003
3520.080919,0.000078
3522.009730,0.000120
3523.938542,0.000087
3525.867353,0.000111
3527.796165,-0.000115
3529.724976,-0.000292
3531.653788,-0.000066
3533.582599,0.000180
3535.511411,0.000112
3537.440222,-0.000033
3539.369034,0.000058
3541.297845,0.000130
3543.226656,0.000029
3545.155468,-0.000248
3547.084279,-0.000357
3549.013091,0.000068
3550.941902,0.000377
3552.870714,0.000316
3554.799525,0.000499
3556.728337,0.000793
3558.657148,0.000903
3560.585960,0.000986
3562.514771,0.001120
3564.443583,0.001309
3566.372394,0.001279
3568.301205,0.001307
3570.230017,0.002013
3572.158828,0.002709
3574.087640,0.002923
3576.016451,0.002879
3577.945263,0.002601
3579.874074,0.002316
3581.802886,0.001977
3583.731697,0.001638
3585.660509,0.001493
3587.589320,0.001583
3589.518132,0.002038
3591.446943,0.002079
3593.375754,0.001680
3595.304566,0.001746
3597.233377,0.002005
3599.162189,0.002256
3601.091000,0.002705
3603.019812,0.002973
3604.948623,0.002807
3606.877435,0.002350
3608.806246,0.001963
3610.735058,0.001778
3612.663869,0.001525
3614.592681,0.001364
3616.521492,0.001252
3618.450303,0.000759
3620.379115,0.000575
3622.307926,0.000873
3624.236738,0.000906
3626.165549,0.000712
3628.094361,-0.000019
3630.023172,-0.000546
3631.951984,0.000281
3633.880795,0.001062
3635.809607,0.001143
3637.738418,0.001122
3639.667230,0.001027
3641.596041,0.000891
3643.524852,0.000768
3645.453664,0.000402
3647.382475,-0.000218
3649.311287,-0.000868
3651.240098,-0.000767
3653.168910,0.000283
3655.097721,0.000802
3657.026533,0.000647
3658.955344,0.000923
3660.884156,0.001246
3662.812967,0.001308
3664.741779,0.001165
3666.670590,0.000803
3668.599401,0.000088
3670.528213,-0.000769
3672.457024,-0.000562
3674.385836,-0.000305
3676.314647,-0.000593
3678.243459,0.000063
3680.172270,0.000866
3682.101082,0.001114
3684.029893,0.001264
3685.958705,0.001217
3687.887516,0.000743
3689.816328,0.000199
3691.745139,0.000433
3693.673951,0.001188
3695.602762,0.001598
3697.531573,0.001595
3699.460385,0.001515
3701.389196,0.001406
3703.318008,0.001433
3705.246819,0.001664
3707.175631,0.001527
3709.104442,0.000978
3711.033254,0.000557
3712.962065,0.000682
3714.890877,0.001298
3716.819688,0.001666
3718.748500,0.001680
3720.677311,0.001598
3722.606122,0.001468
3724.534934,0.001450
3726.463745,0.001413
3728.392557,0.001403
3730.321368,0.001320
3732.250180,0.000787
3734.178991,0.000196
3736.107803,0.000111
3738.036614,0.000503
3739.965426,0.001160
3741.894237,0.001473
3743.823049,0.000618
3745.751860,-0.000222
3747.680671,0.000319
3749.609483,0.000436
3751.538294,0.000158
3753.467106,0.000803
3755.395917,0.001470
3757.324729,0.001833
3759.253540,0.001975
3761.182352,0.001932
3763.111163,0.002057
3765.039975,0.002097
3766.968786,0.002062
3768.897598,0.002039
3770.826409,0.002001
3772.755220,0.002164
3774.684032,0.002205
3776.612843,0.002045
3778.541655,0.001857
3780.470466,0.001718
3782.399278,0.001878
3784.328089,0.002055
3786.256901,0.002110
3788.185712,0.002304
3790.114524,0.002199
3792.043335,0.001833
3793.972147,0.001646
3795.900958,0.001018
3797.829769,0.000604
3799.758581,0.000854
3801.687392,0.000404
3803.616204,0.000445
3805.545015,0.001097
3807.473827,0.000970
3809.402638,0.001096
3811.331450,0.001424
3813.260261,0.001461
3815.189073,0.000949
3817.117884,0.000103
3819.046696,0.000234
3820.975507,0.000178
3822.904318,0.000052
3824.833130,0.000772
3826.761941,0.000954
3828.690753,0.000832
3830.619564,0.000724
3832.548376,0.000271
3834.477187,0.000163
3836.405999,0.000084
3838.334810,-0.000322
3840.263622,-0.000186
3842.192433,0.000344
3844.121245,0.000638
3846.050056,0.000778
3847.978867,0.000591
3849.907679,0.000175
3851.836490,-0.000341
3853.765302,-0.001304
3855.694113,-0.001255
3857.622925,-0.000052
3859.551736,0.000574
3861.480548,0.000450
3863.409359,-0.000031
3865.338171,-0.000318
3867.266982,0.000036
3869.195794,-0.000003
3871.124605,-0.000310
3873.053417,-0.000081
3874.982228,0.000011
3876.911039,0.000199
3878.839851,0.000259
3880.768662,-0.000228
3882.697474,-0.000089
3884.626285,0.000053
3886.555097,-0.000276
3888.483908,0.000066
3890.412720,0.000300
3892.341531,-0.000019
3894.270343,-0.000018
3896.199154,0.000124
3898.127966,-0.000174
3900.056777,-0.000634
3901.985588,-0.000640
3903.914400,-0.000463
3905.843211,-0.000229
3907.772023,0.000250
3909.700834,0.000454
3911.629646,0.000382
3913.558457,0.000419
3915.487269,0.000334
3917.416080,0.000105
3919.344892,-0.000009
3921.273703,0.000054
3923.202515,0.000227
3925.131326,0.000260
3927.060137,0.000118
3928.988949,0.000077
3930.917760,0.000061
3932.846572,-0.000030
3934.775383,0.000036
3936.704195,0.000132
3938.633006,0.000064
3940.561818,-0.000040
3942.490629,-0.000151
3944.419441,-0.000046
3946.348252,0.000159
3948.277064,0.000021
3950.205875,-0.000094
3952.134686,-0.000003
3954.063498,-0.000019
3955.992309,-0.000091
3957.921121,-0.000098
3959.849932,0.000020
3961.778744,0.000022
3963.707555,-0.000102
3965.636367,-0.000030
3967.565178,0.000068
3969.493990,0.000013
3971.422801,-0.000141
3973.351613,-0.000206
3975.280424,0.000023
3977.209235,0.000181
3979.138047,0.000137
3981.066858,0.000091
3982.995670,0.000009
3984.924481,0.000082
3986.853293,0.000208
3988.782104,0.000050
3990.710916,-0.000087
3992.639727,-0.000018
3994.568539,0.000002
3996.497350,-0.000041
3998.426162,0.000014
4000.354973,0.000086
