898.826141,-0.001541
900.754953,-0.000576
902.683764,0.000197
904.612576,0.000360
906.541387,0.000490
908.470199,-0.000026
910.399010,-0.000438
912.327822,0.000307
914.256633,0.000881
916.185445,0.000324
918.114256,-0.000183
920.043068,-0.000568
921.971879,-0.000573
923.900690,0.000096
925.829502,0.000265
927.758313,-0.000210
929.687125,-0.000304
931.615936,-0.000064
933.544748,0.000177
935.473559,0.000439
937.402371,0.000617
939.331182,0.000610
941.259994,0.000396
943.188805,0.000100
945.117617,0.000027
947.046428,0.000143
948.975240,0.000031
950.904051,-0.000160
952.832862,-0.000068
954.761674,0.000130
956.690485,0.000202
958.619297,0.000136
960.548108,0.000087
962.476920,0.000174
964.405731,0.000233
966.334543,0.000184
968.263354,0.000183
970.192166,0.000189
972.120977,0.000002
974.049789,-0.000132
975.978600,-0.000013
977.907411,-0.000081
979.836223,-0.000201
981.765034,-0.000035
983.693846,0.000030
985.622657,0.000019
987.551469,0.000042
989.480280,-0.000054
991.409092,-0.000064
993.337903,-0.000025
995.266715,-0.000094
997.195526,-0.000200
999.124338,-0.000312
1001.053149,-0.000335
1002.981960,-0.000264
1004.910772,-0.000188
1006.839583,-0.000050
1008.768395,0.000019
1010.697206,-0.000165
1012.626018,-0.000317
1014.554829,-0.000311
1016.483641,-0.000330
1018.412452,-0.000331
1020.341264,-0.000331
1022.270075,-0.000282
1024.198887,-0.000111
1026.127698,-0.000046
1028.056509,-0.000101
1029.985321,-0.000061
1031.914132,0.000016
1033.842944,-0.000018
1035.771755,-0.000076
1037.700567,-0.000057
1039.629378,0.000008
1041.558190,0.000090
1043.487001,0.000117
1045.415813,0.000073
1047.344624,0.000012
1049.273436,-0.000005
1051.202247,0.000023
1053.131058,-0.000015
1055.059870,-0.000099
1056.988681,-0.000134
1058.917493,-0.000121
1060.846304,-0.000083
1062.775116,-0.000051
1064.703927,-0.000012
1066.632739,0.000057
1068.561550,0.000134
1070.490362,0.000127
1072.419173,0.000063
1074.347985,0.000109
1076.276796,0.000153
1078.205607,0.000082
1080.134419,0.000067
1082.063230,0.000126
1083.992042,0.000134
1085.920853,0.000103
1087.849665,0.000119
1089.778476,0.000160
1091.707288,0.000185
1093.636099,0.000262
1095.564911,0.000298
1097.493722,0.000237
1099.422534,0.000170
1101.351345,0.000124
1103.280156,0.000089
1105.208968,0.000043
1107.137779,-0.000010
1109.066591,-0.000001
1110.995402,0.000009
1112.924214,-0.000022
1114.853025,0.000024
1116.781837,0.000086
1118.710648,0.000083
1120.639460,0.000059
1122.568271,-0.000027
1124.497083,-0.000075
1126.425894,-0.000002
1128.354706,0.000032
1130.283517,0.000019
1132.212328,-0.000009
1134.141140,-0.000058
1136.069951,-0.000092
1137.998763,-0.000130
1139.927574,-0.000133
1141.856386,-0.000113
1143.785197,-0.000122
1145.714009,-0.000117
1147.642820,-0.000116
1149.571632,-0.000107
1151.500443,-0.000067
1153.429255,-0.000054
1155.358066,-0.000074
1157.286877,-0.000091
1159.215689,-0.000090
1161.144500,-0.000058
1163.073312,-0.000008
1165.002123,0.000022
1166.930935,0.000036
1168.859746,0.000063
1170.788558,0.000054
1172.717369,-0.000013
1174.646181,-0.000030
1176.574992,-0.000017
1178.503804,-0.000003
1180.432615,0.000105
1182.361426,0.000145
1184.290238,0.000053
1186.219049,0.000048
1188.147861,0.000047
1190.076672,0.000010
1192.005484,0.000083
1193.934295,0.000095
1195.863107,0.000021
1197.791918,0.000069
1199.720730,0.000095
1201.649541,-0.000006
1203.578353,-0.000019
1205.507164,0.000086
1207.435975,0.000124
1209.364787,0.000127
1211.293598,0.000209
1213.222410,0.000193
1215.151221,0.000180
1217.080033,0.000330
1219.008844,0.000418
1220.937656,0.000480
1222.866467,0.000610
1224.795279,0.000699
1226.724090,0.000861
1228.652902,0.001101
1230.581713,0.001312
1232.510524,0.001633
1234.439336,0.002099
1236.368147,0.002538
1238.296959,0.002999
1240.225770,0.003526
1242.154582,0.004097
1244.083393,0.004647
1246.012205,0.005148
1247.941016,0.005730
1249.869828,0.006191
1251.798639,0.006385
1253.727451,0.006097
1255.656262,0.005432
1257.585073,0.004895
1259.513885,0.004514
1261.442696,0.005712
1263.371508,0.007736
1265.300319,0.007121
1267.229131,0.005650
1269.157942,0.005953
1271.086754,0.006687
1273.015565,0.007188
1274.944377,0.007415
1276.873188,0.007188
1278.802000,0.006870
1280.730811,0.006557
1282.659622,0.006073
1284.588434,0.005448
1286.517245,0.004953
1288.446057,0.004580
1290.374868,0.004271
1292.303680,0.003983
1294.232491,0.003714
1296.161303,0.003657
1298.090114,0.003641
1300.018926,0.003568
1301.947737,0.003554
1303.876549,0.003528
1305.805360,0.003499
1307.734172,0.003487
1309.662983,0.003419
1311.591794,0.003271
1313.520606,0.003171
1315.449417,0.003049
1317.378229,0.002721
1319.307040,0.002454
1321.235852,0.002383
1323.164663,0.002297
1325.093475,0.002162
1327.022286,0.001947
1328.951098,0.001742
1330.879909,0.001672
1332.808721,0.001479
1334.737532,0.001181
1336.666343,0.000899
1338.595155,0.000536
1340.523966,0.000428
1342.452778,0.000598
1344.381589,0.000633
1346.310401,0.000512
1348.239212,0.000363
1350.168024,0.000276
1352.096835,0.000203
1354.025647,0.000098
1355.954458,0.000078
1357.883270,0.000091
1359.812081,-0.000181
1361.740892,-0.000693
1363.669704,-0.000603
1365.598515,-0.000039
1367.527327,0.000125
1369.456138,0.000217
1371.384950,0.000194
1373.313761,-0.000156
1375.242573,-0.000082
1377.171384,0.000392
1379.100196,0.000645
1381.029007,0.000813
1382.957819,0.001004
1384.886630,0.000812
1386.815441,0.000344
1388.744253,0.000563
1390.673064,0.001116
1392.601876,0.000801
1394.530687,0.000263
1396.459499,0.000397
1398.388310,0.000613
1400.317122,0.001039
1402.245933,0.001442
1404.174745,0.001368
1406.103556,0.001542
1408.032368,0.001850
1409.961179,0.001903
1411.889990,0.001930
1413.818802,0.001930
1415.747613,0.001558
1417.676425,0.000427
1419.605236,0.000122
1421.534048,0.001277
1423.462859,0.001897
1425.391671,0.002185
1427.320482,0.002396
1429.249294,0.002107
1431.178105,0.002242
1433.106917,0.002481
1435.035728,0.001611
1436.964539,0.001160
1438.893351,0.002421
1440.822162,0.003243
1442.750974,0.003303
1444.679785,0.003275
1446.608597,0.002914
1448.537408,0.002850
1450.466220,0.003255
1452.395031,0.003277
1454.323843,0.002256
1456.252654,0.000258
1458.181466,0.000469
1460.110277,0.002842
1462.039089,0.003762
1463.967900,0.003179
1465.896711,0.003300
1467.825523,0.004215
1469.754334,0.003797
1471.683146,0.002211
1473.611957,0.002011
1475.540769,0.003123
1477.469580,0.004152
1479.398392,0.004718
1481.327203,0.004807
1483.256015,0.004837
1485.184826,0.004605
1487.113638,0.003798
1489.042449,0.003024
1490.971260,0.003471
1492.900072,0.004446
1494.828883,0.004057
1496.757695,0.003113
1498.686506,0.003426
1500.615318,0.004236
1502.544129,0.004361
1504.472941,0.002484
1506.401752,-0.000096
1508.330564,0.001165
1510.259375,0.003211
1512.188187,0.003914
1514.116998,0.003768
1516.045809,0.002956
1517.974621,0.002435
1519.903432,0.001819
1521.832244,0.001384
1523.761055,0.002437
1525.689867,0.003183
1527.618678,0.003634
1529.547490,0.004439
1531.476301,0.004043
1533.405113,0.003183
1535.333924,0.003803
1537.262736,0.003214
1539.191547,0.000333
1541.120358,-0.000161
1543.049170,0.001698
1544.977981,0.003286
1546.906793,0.004500
1548.835604,0.004796
1550.764416,0.004764
1552.693227,0.004498
1554.622039,0.003850
1556.550850,0.002341
1558.479662,0.000175
1560.408473,0.002885
1562.337285,0.007051
1564.266096,0.008947
1566.194907,0.010428
1568.123719,0.011668
1570.052530,0.013912
1571.981342,0.018173
1573.910153,0.021460
1575.838965,0.025140
1577.767776,0.032163
1579.696588,0.039972
1581.625399,0.047935
1583.554211,0.056795
1585.483022,0.066694
1587.411834,0.077352
1589.340645,0.088602
1591.269456,0.100067
1593.198268,0.110641
1595.127079,0.119798
1597.055891,0.126765
1598.984702,0.131094
1600.913514,0.132278
1602.842325,0.130190
1604.771137,0.125564
1606.699948,0.118260
1608.628760,0.109177
1610.557571,0.098478
1612.486383,0.087657
1614.415194,0.075556
1616.344005,0.062819
1618.272817,0.071780
1620.201628,0.101466
1622.130440,0.132458
1624.059251,0.156218
1625.988063,0.169555
1627.916874,0.174714
1629.845686,0.172025
1631.774497,0.161176
1633.703309,0.144055
1635.632120,0.120454
1637.560932,0.098985
1639.489743,0.081879
1641.418555,0.062760
1643.347366,0.045062
1645.276177,0.030367
1647.204989,0.017920
1649.133800,0.011340
1651.062612,0.005851
1652.991423,-0.000459
1654.920235,-0.000130
1656.849046,0.002070
1658.777858,0.002279
1660.706669,0.001525
1662.635481,0.000842
1664.564292,0.001274
1666.493104,0.001454
1668.421915,0.000096
1670.350726,-0.000153
1672.279538,0.000797
1674.208349,0.000793
1676.137161,0.001421
1678.065972,0.002924
1679.994784,0.003368
1681.923595,0.002380
1683.852407,0.001121
1685.781218,0.002497
1687.710030,0.004381
1689.638841,0.004523
1691.567653,0.004423
1693.496464,0.003234
1695.425275,0.001758
1697.354087,0.003276
1699.282898,0.002975
1701.211710,0.000929
1703.140521,0.001877
1705.069333,0.003060
1706.998144,0.004311
1708.926956,0.006126
1710.855767,0.007105
1712.784579,0.006905
1714.713390,0.005735
1716.642202,0.004368
1718.571013,0.004484
1720.499824,0.005736
1722.428636,0.006048
1724.357447,0.005533
1726.286259,0.005138
1728.215070,0.004367
1730.143882,0.003487
1732.072693,0.002102
1734.001505,0.000689
1735.930316,0.001858
1737.859128,0.002848
1739.787939,0.002616
1741.716751,0.002972
1743.645562,0.003387
1745.574373,0.003205
1747.503185,0.002735
1749.431996,0.002191
1751.360808,0.002417
1753.289619,0.003312
1755.218431,0.003486
1757.147242,0.003272
1759.076054,0.003246
1761.004865,0.002687
1762.933677,0.002446
1764.862488,0.002663
1766.791300,0.002065
1768.720111,0.001165
1770.648922,0.000248
1772.577734,-0.000239
1774.506545,0.000684
1776.435357,0.001579
1778.364168,0.001605
1780.292980,0.001441
1782.221791,0.001536
1784.150603,0.001652
1786.079414,0.001739
1788.008226,0.001808
1789.937037,0.001193
1791.865849,0.000301
1793.794660,0.000597
1795.723471,0.001352
1797.652283,0.001422
1799.581094,0.001088
1801.509906,0.001084
1803.438717,0.001516
1805.367529,0.001863
1807.296340,0.001929
1809.225152,0.001764
1811.153963,0.001657
1813.082775,0.001877
1815.011586,0.002081
1816.940398,0.002055
1818.869209,0.001980
1820.798021,0.001987
1822.726832,0.001743
1824.655643,0.001352
1826.584455,0.001326
1828.513266,0.001108
1830.442078,0.001042
1832.370889,0.001746
1834.299701,0.002193
1836.228512,0.002199
1838.157324,0.002255
1840.086135,0.002250
1842.014947,0.001721
1843.943758,0.001049
1845.872570,0.001451
1847.801381,0.002194
1849.730192,0.002433
1851.659004,0.002510
1853.587815,0.002484
1855.516627,0.002375
1857.445438,0.002283
1859.374250,0.002211
1861.303061,0.002080
1863.231873,0.001907
1865.160684,0.001570
1867.089496,0.000795
1869.018307,0.000278
1870.947119,0.000574
1872.875930,0.001214
1874.804741,0.001762
1876.733553,0.001600
1878.662364,0.001066
1880.591176,0.001067
1882.519987,0.001285
1884.448799,0.001403
1886.377610,0.001553
1888.306422,0.001577
1890.235233,0.001693
1892.164045,0.002043
1894.092856,0.002258
1896.021668,0.002343
1897.950479,0.002456
1899.879290,0.002519
1901.808102,0.002509
1903.736913,0.002481
1905.665725,0.002423
1907.594536,0.002288
1909.523348,0.002159
1911.452159,0.002128
1913.380971,0.002129
1915.309782,0.001847
1917.238594,0.001337
1919.167405,0.001254
1921.096217,0.001359
1923.025028,0.001184
1924.953839,0.001107
1926.882651,0.001136
1928.811462,0.001067
1930.740274,0.000967
1932.669085,0.000821
1934.597897,0.000639
1936.526708,0.000484
1938.455520,0.000377
1940.384331,0.000174
1942.313143,-0.000030
1944.241954,0.000024
1946.170766,0.000145
1948.099577,0.000179
1950.028388,0.000146
1951.957200,0.000117
1953.886011,0.000151
1955.814823,0.000132
1957.743634,0.000073
1959.672446,0.000073
1961.601257,0.000084
1963.530069,0.000069
1965.458880,-0.000019
1967.387692,-0.000078
1969.316503,0.000011
1971.245315,0.000102
1973.174126,0.000146
1975.102938,0.000134
1977.031749,0.000069
1978.960560,0.000088
1980.889372,0.000132
1982.818183,0.000151
1984.746995,0.000160
1986.675806,0.000070
1988.604618,-0.000048
1990.533429,-0.000167
1992.462241,-0.000183
1994.391052,-0.000028
1996.319864,0.000038
1998.248675,0.000041
2000.177487,0.000077
2002.106298,0.000087
2004.035109,0.000121
2005.963921,0.000094
2007.892732,0.000014
2009.821544,0.000003
2011.750355,0.000009
2013.679167,-0.000022
2015.607978,-0.000080
2017.536790,-0.000093
2019.465601,-0.000015
2021.394413,0.000049
2023.323224,0.000051
2025.252036,0.000055
2027.180847,0.000061
2029.109658,0.000033
2031.038470,0.000008
2032.967281,0.000012
2034.896093,0.000021
2036.824904,0.000023
2038.753716,0.000008
2040.682527,0.000010
2042.611339,0.000047
2044.540150,0.000049
2046.468962,0.000036
2048.397773,0.000060
2050.326585,0.000060
2052.255396,0.000005
2054.184207,-0.000044
2056.113019,-0.000023
2058.041830,-0.000008
2059.970642,-0.000053
2061.899453,-0.000054
2063.828265,-0.000055
2065.757076,-0.000084
2067.685888,-0.000043
2069.614699,0.000010
2071.543511,0.000033
2073.472322,0.000035
2075.401134,0.000005
2077.329945,0.000012
2079.258756,0.000035
2081.187568,0.000024
2083.116379,0.000008
2085.045191,0.000017
2086.974002,0.000068
2088.902814,0.000083
2090.831625,0.000096
2092.760437,0.000184
2094.689248,0.000186
2096.618060,0.000098
2098.546871,0.000080
2100.475683,0.000132
2102.404494,0.000180
2104.333305,0.000179
2106.262117,0.000183
2108.190928,0.000198
2110.119740,0.000171
2112.048551,0.000149
2113.977363,0.000125
2115.906174,0.000100
2117.834986,0.000127
2119.763797,0.000182
2121.692609,0.000198
2123.621420,0.000134
2125.550232,0.000065
2127.479043,0.000056
2129.407854,0.000068
2131.336666,0.000049
2133.265477,-0.000018
2135.194289,-0.000066
2137.123100,-0.000048
2139.051912,-0.000024
2140.980723,-0.000020
2142.909535,-0.000028
2144.838346,-0.000039
2146.767158,0.000002
2148.695969,0.000090
2150.624781,0.000113
2152.553592,0.000075
2154.482404,0.000125
2156.411215,0.000232
2158.340026,0.000256
2160.268838,0.000252
2162.197649,0.000275
2164.126461,0.000280
2166.055272,0.000270
2167.984084,0.000262
2169.912895,0.000256
2171.841707,0.000287
2173.770518,0.000350
2175.699330,0.000336
2177.628141,0.000304
2179.556953,0.000405
2181.485764,0.000523
2183.414575,0.000551
2185.343387,0.000578
2187.272198,0.000669
2189.201010,0.000778
2191.129821,0.000876
2193.058633,0.000996
2194.987444,0.001096
2196.916256,0.001184
2198.845067,0.001287
2200.773879,0.001391
2202.702690,0.001545
2204.631502,0.001663
2206.560313,0.001702
2208.489124,0.001794
2210.417936,0.001896
2212.346747,0.001876
2214.275559,0.001766
2216.204370,0.001617
2218.133182,0.001394
2220.061993,0.001099
2221.990805,0.000791
2223.919616,0.000656
2225.848428,0.000881
2227.777239,0.001286
2229.706051,0.001668
2231.634862,0.002030
2233.563673,0.002292
2235.492485,0.002383
2237.421296,0.002411
2239.350108,0.002383
2241.278919,0.002178
2243.207731,0.001865
2245.136542,0.001546
2247.065354,0.001196
2248.994165,0.000855
2250.922977,0.000584
2252.851788,0.000396
2254.780600,0.000272
2256.709411,0.000155
2258.638222,0.000076
2260.567034,0.000079
2262.495845,0.000067
2264.424657,-0.000001
2266.353468,-0.000024
2268.282280,0.000034
2270.211091,0.000088
2272.139903,0.000073
2274.068714,0.000042
2275.997526,0.000042
2277.926337,0.000053
2279.855149,0.000100
2281.783960,0.000129
2283.712771,0.000067
2285.641583,0.000055
2287.570394,0.000081
2289.499206,0.000077
2291.428017,0.000045
2293.356829,-0.000010
2295.285640,-0.000006
2297.214452,0.000048
2299.143263,0.000010
2301.072075,-0.000088
2303.000886,-0.000192
2304.929698,-0.000288
2306.858509,-0.000015
2308.787320,0.000159
2310.716132,0.000235
2312.644943,0.000302
2314.573755,0.000347
2316.502566,0.000296
2318.431378,0.000149
2320.360189,0.000066
2322.289001,0.000081
2324.217812,0.000151
2326.146624,0.000240
2328.075435,0.000034
2330.004247,-0.000139
2331.933058,-0.000085
2333.861870,0.000015
2335.790681,0.000073
2337.719492,0.000164
2339.648304,0.000279
2341.577115,0.000559
2343.505927,0.001144
2345.434738,0.002149
2347.363550,0.003397
2349.292361,0.003886
2351.221173,0.003080
2353.149984,0.001781
2355.078796,0.000817
2357.007607,0.000215
2358.936419,0.000003
2360.865230,0.000167
2362.794041,0.000551
2364.722853,0.000164
2366.651664,-0.000063
2368.580476,-0.000168
2370.509287,-0.000044
2372.438099,0.000271
2374.366910,0.000525
2376.295722,0.000691
2378.224533,0.000828
2380.153345,0.000741
2382.082156,0.000340
2384.010968,-0.000223
2385.939779,-0.000055
2387.868590,0.000095
2389.797402,0.000124
2391.726213,0.000066
2393.655025,0.000085
2395.583836,0.000087
2397.512648,0.000027
2399.441459,0.000023
2401.370271,0.000039
2403.299082,0.000030
2405.227894,0.000053
2407.156705,0.000121
2409.085517,0.000145
2411.014328,0.000113
2412.943139,0.000099
2414.871951,0.000109
2416.800762,0.000135
2418.729574,0.000113
2420.658385,0.000075
2422.587197,0.000101
2424.516008,0.000110
2426.444820,0.000122
2428.373631,0.000126
2430.302443,0.000099
2432.231254,0.000143
2434.160066,0.000157
2436.088877,0.000101
2438.017688,0.000095
2439.946500,0.000081
2441.875311,0.000038
2443.804123,0.000041
2445.732934,0.000099
2447.661746,0.000160
2449.590557,0.000153
2451.519369,0.000076
2453.448180,0.000066
2455.376992,0.000133
2457.305803,0.000138
2459.234615,0.000104
2461.163426,0.000078
2463.092237,0.000080
2465.021049,0.000149
2466.949860,0.000185
2468.878672,0.000162
2470.807483,0.000136
2472.736295,0.000124
2474.665106,0.000139
2476.593918,0.000139
2478.522729,0.000129
2480.451541,0.000128
2482.380352,0.000127
2484.309164,0.000116
2486.237975,0.000077
2488.166786,0.000058
2490.095598,0.000076
2492.024409,0.000108
2493.953221,0.000152
2495.882032,0.000146
2497.810844,0.000076
2499.739655,0.000052
2501.668467,0.000118
2503.597278,0.000193
2505.526090,0.000250
2507.454901,0.000279
2509.383713,0.000255
2511.312524,0.000231
2513.241336,0.000191
2515.170147,0.000153
2517.098958,0.000150
2519.027770,0.000092
2520.956581,0.000056
2522.885393,0.000070
2524.814204,0.000030
2526.743016,0.000042
2528.671827,0.000085
2530.600639,0.000071
2532.529450,0.000079
2534.458262,0.000065
2536.387073,0.000014
2538.315885,0.000003
2540.244696,-0.000038
2542.173507,-0.000086
2544.102319,-0.000066
2546.031130,-0.000065
2547.959942,-0.000075
2549.888753,-0.000012
2551.817565,0.000048
2553.746376,0.000048
2555.675188,0.000054
2557.603999,0.000074
2559.532811,0.000040
2561.461622,-0.000014
2563.390434,-0.000020
2565.319245,-0.000045
2567.248056,-0.000066
2569.176868,-0.000007
2571.105679,-0.000001
2573.034491,-0.000038
2574.963302,0.000005
2576.892114,-0.000013
2578.820925,-0.000067
2580.749737,-0.000003
2582.678548,0.000042
2584.607360,0.000042
2586.536171,0.000066
2588.464983,0.000036
2590.393794,-0.000034
2592.322605,-0.000079
2594.251417,-0.000092
2596.180228,-0.000120
2598.109040,-0.000150
2600.037851,-0.000097
2601.966663,0.000013
2603.895474,0.000061
2605.824286,0.000027
2607.753097,0.000022
2609.681909,-0.000002
2611.610720,-0.000065
2613.539532,-0.000041
2615.468343,-0.000034
2617.397154,-0.000050
2619.325966,0.000028
2621.254777,0.000060
2623.183589,0.000011
2625.112400,0.000017
2627.041212,0.000051
2628.970023,0.000024
2630.898835,-0.000041
2632.827646,-0.000074
2634.756458,-0.000068
2636.685269,-0.000039
2638.614081,-0.000020
2640.542892,0.000013
2642.471703,0.000071
2644.400515,0.000015
2646.329326,-0.000094
2648.258138,-0.000080
2650.186949,-0.000028
2652.115761,-0.000020
2654.044572,-0.000037
2655.973384,-0.000052
2657.902195,-0.000042
2659.831007,-0.000042
2661.759818,-0.000052
2663.688630,-0.000064
2665.617441,-0.000072
2667.546253,-0.000072
2669.475064,-0.000062
2671.403875,0.000028
2673.332687,0.000108
2675.261498,0.000065
2677.190310,-0.000010
2679.119121,-0.000080
2681.047933,-0.000089
2682.976744,-0.000037
2684.905556,-0.000043
2686.834367,-0.000047
2688.763179,-0.000023
2690.691990,-0.000036
2692.620802,-0.000041
2694.549613,-0.000042
2696.478424,-0.000030
2698.407236,0.000047
2700.336047,0.000073
2702.264859,-0.000022
2704.193670,-0.000080
2706.122482,-0.000073
2708.051293,-0.000091
2709.980105,-0.000070
2711.908916,-0.000042
2713.837728,-0.000048
2715.766539,-0.000024
2717.695351,-0.000057
2719.624162,-0.000096
2721.552973,-0.000017
2723.481785,0.000010
2725.410596,-0.000050
2727.339408,-0.000033
2729.268219,-0.000001
2731.197031,-0.000008
2733.125842,0.000046
2735.054654,0.000072
2736.983465,0.000025
2738.912277,-0.000000
2740.841088,-0.000050
2742.769900,-0.000057
2744.698711,0.000019
2746.627522,0.000010
2748.556334,-0.000009
2750.485145,0.000024
2752.413957,-0.000015
2754.342768,-0.000036
2756.271580,-0.000008
2758.200391,-0.000046
2760.129203,-0.000084
2762.058014,-0.000036
2763.986826,0.000012
2765.915637,-0.000006
2767.844449,-0.000018
2769.773260,-0.000016
2771.702071,-0.000089
2773.630883,-0.000146
2775.559694,-0.000033
2777.488506,0.000130
2779.417317,0.000154
2781.346129,0.000079
2783.274940,-0.000016
2785.203752,-0.000068
2787.132563,0.000009
2789.061375,0.000071
2790.990186,0.000049
2792.918998,0.000076
2794.847809,0.000104
2796.776620,0.000052
2798.705432,-0.000032
2800.634243,-0.000069
2802.563055,-0.000042
2804.491866,0.000010
2806.420678,0.000003
2808.349489,-0.000098
2810.278301,-0.000095
2812.207112,0.000046
2814.135924,0.000106
2816.064735,0.000073
2817.993547,0.000018
2819.922358,-0.000040
2821.851169,-0.000074
2823.779981,-0.000061
2825.708792,-0.000030
2827.637604,-0.000031
2829.566415,-0.000039
2831.495227,-0.000006
2833.424038,0.000025
2835.352850,-0.000019
2837.281661,-0.000055
2839.210473,-0.000037
2841.139284,0.000027
2843.068096,0.000168
2844.996907,0.000278
2846.925719,0.000334
2848.854530,0.000367
2850.783341,0.000309
2852.712153,0.000297
2854.640964,0.000424
2856.569776,0.000594
2858.498587,0.000750
2860.427399,0.000894
2862.356210,0.001077
2864.285022,0.001303
2866.213833,0.001553
2868.142645,0.001843
2870.071456,0.002225
2872.000268,0.002706
2873.929079,0.003201
2875.857890,0.003688
2877.786702,0.004213
2879.715513,0.004742
2881.644325,0.005202
2883.573136,0.005665
2885.501948,0.006095
2887.430759,0.006325
2889.359571,0.006481
2891.288382,0.006552
2893.217194,0.006393
2895.146005,0.006156
2897.074817,0.005816
2899.003628,0.005356
2900.932439,0.004926
2902.861251,0.004344
2904.790062,0.003494
2906.718874,0.003172
2908.647685,0.004300
2910.576497,0.006281
2912.505308,0.008028
2914.434120,0.009363
2916.362931,0.010164
2918.291743,0.010298
2920.220554,0.009835
2922.149366,0.008826
2924.078177,0.007502
2926.006988,0.005993
2927.935800,0.004408
2929.864611,0.002978
2931.793423,0.001772
2933.722234,0.000926
2935.651046,0.000437
2937.579857,0.000131
2939.508669,0.000041
2941.437480,-0.000007
2943.366292,-0.000097
2945.295103,-0.000046
2947.223915,-0.000044
2949.152726,-0.000110
2951.081537,-0.000071
2953.010349,-0.000056
2954.939160,-0.000106
2956.867972,-0.000104
2958.796783,-0.000018
2960.725595,0.000030
2962.654406,-0.000010
2964.583218,0.000007
2966.512029,0.000047
2968.440841,-0.000031
2970.369652,-0.000113
2972.298464,-0.000029
2974.227275,0.000124
2976.156086,0.000189
2978.084898,0.000177
2980.013709,0.000150
2981.942521,0.000127
2983.871332,0.000065
2985.800144,-0.000001
2987.728955,0.000017
2989.657767,0.000088
2991.586578,0.000128
2993.515390,0.000123
2995.444201,0.000095
2997.373013,0.000050
2999.301824,0.000074
3001.230635,0.000128
3003.159447,0.000070
3005.088258,0.000012
3007.017070,0.000021
3008.945881,-0.000009
3010.874693,-0.000049
3012.803504,-0.000038
3014.732316,-0.000024
3016.661127,-0.000068
3018.589939,-0.000097
3020.518750,-0.000004
3022.447562,0.000068
3024.376373,-0.000065
3026.305185,-0.000184
3028.233996,-0.000101
3030.162807,-0.000023
3032.091619,-0.000023
3034.020430,-0.000035
3035.949242,-0.000035
3037.878053,-0.000003
3039.806865,-0.000003
3041.735676,0.000021
3043.664488,0.000049
3045.593299,0.000016
3047.522111,-0.000003
3049.450922,-0.000107
3051.379734,-0.000213
3053.308545,-0.000146
3055.237356,-0.000074
3057.166168,-0.000036
3059.094979,-0.000010
3061.023791,-0.000022
3062.952602,0.000032
3064.881414,0.000082
3066.810225,-0.000006
3068.739037,-0.000102
3070.667848,-0.000062
3072.596660,0.000023
3074.525471,0.000103
3076.454283,0.000147
3078.383094,0.000064
3080.311905,-0.000034
3082.240717,-0.000081
3084.169528,-0.000062
3086.098340,0.000053
3088.027151,0.000065
3089.955963,-0.000019
3091.884774,0.000006
3093.813586,0.000043
3095.742397,-0.000058
3097.671209,-0.000138
3099.600020,-0.000061
3101.528832,-0.000051
3103.457643,-0.000120
3105.386454,0.000005
3107.315266,0.000157
3109.244077,0.000117
3111.172889,0.000059
3113.101700,0.000033
3115.030512,-0.000011
3116.959323,-0.000041
3118.888135,-0.000085
3120.816946,-0.000073
3122.745758,0.000063
3124.674569,0.000104
3126.603381,-0.000046
3128.532192,-0.000133
3130.461003,-0.000091
3132.389815,-0.000047
3134.318626,-0.000000
3136.247438,0.000010
3138.176249,-0.000054
3140.105061,-0.000118
3142.033872,-0.000130
3143.962684,-0.000136
3145.891495,-0.000133
3147.820307,-0.000098
3149.749118,-0.000129
3151.677930,-0.000168
3153.606741,-0.000152
3155.535552,-0.000213
3157.464364,-0.000285
3159.393175,-0.000250
3161.321987,-0.000148
3163.250798,-0.000096
3165.179610,-0.000101
3167.108421,-0.000068
3169.037233,-0.000086
3170.966044,-0.000152
3172.894856,-0.000088
3174.823667,-0.000022
3176.752479,-0.000176
3178.681290,-0.000335
3180.610102,-0.000244
3182.538913,-0.000119
3184.467724,-0.000164
3186.396536,-0.000243
3188.325347,-0.000244
3190.254159,-0.000156
3192.182970,-0.000025
3194.111782,-0.000002
3196.040593,0.000029
3197.969405,0.000119
3199.898216,0.000036
3201.827028,-0.000021
3203.755839,-0.000007
3205.684651,-0.000169
3207.613462,-0.000273
3209.542273,-0.000175
3211.471085,-0.000119
3213.399896,-0.000220
3215.328708,-0.000274
3217.257519,-0.000281
3219.186331,-0.000359
3221.115142,-0.000322
3223.043954,-0.000270
3224.972765,-0.000323
3226.901577,-0.000316
3228.830388,-0.000266
3230.759200,-0.000224
3232.688011,-0.000279
3234.616822,-0.000325
3236.545634,-0.000173
3238.474445,-0.000093
3240.403257,-0.000225
3242.332068,-0.000288
3244.260880,-0.000199
3246.189691,-0.000154
3248.118503,-0.000134
3250.047314,-0.000134
3251.976126,-0.000277
3253.904937,-0.000354
3255.833749,-0.000271
3257.762560,-0.000205
3259.691371,-0.000224
3261.620183,-0.000294
3263.548994,-0.000176
3265.477806,0.000036
3267.406617,0.000005
3269.335429,-0.000066
3271.264240,-0.000046
3273.193052,-0.000154
3275.121863,-0.000276
3277.050675,-0.000267
3278.979486,-0.000285
3280.908298,-0.000286
3282.837109,-0.000196
3284.765920,-0.000140
3286.694732,-0.000099
3288.623543,-0.000091
3290.552355,-0.000116
3292.481166,-0.000164
3294.409978,-0.000333
3296.338789,-0.000418
3298.267601,-0.000367
3300.196412,-0.000409
3302.125224,-0.000381
3304.054035,-0.000240
3305.982847,-0.000273
3307.911658,-0.000314
3309.840469,-0.000275
3311.769281,-0.000399
3313.698092,-0.000404
3315.626904,-0.000282
3317.555715,-0.000321
3319.484527,-0.000250
3321.413338,-0.000190
3323.342150,-0.000348
3325.270961,-0.000398
3327.199773,-0.000273
3329.128584,-0.000145
3331.057396,-0.000160
3332.986207,-0.000321
3334.915018,-0.000412
3336.843830,-0.000380
3338.772641,-0.000419
3340.701453,-0.000469
3342.630264,-0.000256
3344.559076,-0.000011
3346.487887,-0.000033
3348.416699,-0.000083
3350.345510,-0.000064
3352.274322,-0.000144
3354.203133,-0.000292
3356.131945,-0.000378
3358.060756,-0.000354
3359.989568,-0.000192
3361.918379,-0.000007
3363.847190,-0.000036
3365.776002,-0.000116
3367.704813,-0.000031
3369.633625,0.000048
3371.562436,0.000041
3373.491248,-0.000018
3375.420059,-0.000081
3377.348871,-0.000146
3379.277682,-0.000237
3381.206494,-0.000191
3383.135305,0.000010
3385.064117,0.000033
3386.992928,-0.000151
3388.921739,0.000017
3390.850551,0.000358
3392.779362,0.000232
3394.708174,0.000044
3396.636985,0.000070
3398.565797,-0.000001
3400.494608,-0.000137
3402.423420,-0.000181
3404.352231,-0.000117
3406.281043,-0.000074
3408.209854,-0.000004
3410.138666,0.000072
3412.067477,-0.000017
3413.996288,-0.000073
3415.925100,0.000006
3417.853911,0.000156
3419.782723,0.000279
3421.711534,0.000146
3423.640346,-0.000092
3425.569157,-0.000145
3427.497969,-0.000140
3429.426780,-0.000163
3431.355592,-0.000025
3433.284403,0.000195
3435.213215,0.000208
3437.142026,0.000097
3439.070837,0.000168
3440.999649,0.000309
3442.928460,0.000167
3444.857272,-0.000007
3446.786083,0.000054
3448.714895,0.000051
3450.643706,0.000117
3452.572518,0.000292
3454.501329,0.000247
3456.430141,0.000178
3458.358952,0.000108
3460.287764,0.000129
3462.216575,0.000402
3464.145386,0.000447
3466.074198,0.000423
3468.003009,0.000642
3469.931821,0.000685
3471.860632,0.000601
3473.789444,0.000654
3475.718255,0.000556
3477.647067,0.000314
3479.575878,0.000315
3481.504690,0.000315
3483.433501,0.000195
3485.362313,0.000340
3487.291124,0.000607
3489.219935,0.000709
3491.148747,0.000675
3493.077558,0.000640
3495.006370,0.000628
3496.935181,0.000512
3498.863993,0.000497
3500.792804,0.000614
3502.721616,0.000515
3504.650427,0.000467
3506.579239,0.000726
3508.508050,0.000856
3510.436862,0.000711
3512.365673,0.000609
3514.294484,0.000703
3516.223296,0.000854
3518.152107,0.000886
3520.080919,0.000871
3522.009730,0.000889
3523.938542,0.000866
3525.867353,0.000766
3527.796165,0.000689
3529.724976,0.000728
3531.653788,0.000938
3533.582599,0.001248
3535.511411,0.001314
3537.440222,0.001195
3539.369034,0.001197
3541.297845,0.001196
3543.226656,0.001065
3545.155468,0.000757
3547.084279,0.000658
3549.013091,0.001122
3550.941902,0.001376
3552.870714,0.001189
3554.799525,0.001359
3556.728337,0.001753
3558.657148,0.001799
3560.585960,0.001658
3562.514771,0.001694
3564.443583,0.001872
3566.372394,0.001797
3568.301205,0.001781
3570.230017,0.002376
3572.158828,0.002896
3574.087640,0.003002
3576.016451,0.003087
3577.945263,0.003034
3579.874074,0.002828
3581.802886,0.002547
3583.731697,0.002275
3585.660509,0.002180
3587.589320,0.002162
3589.518132,0.002313
3591.446943,0.002303
3593.375754,0.002046
3595.304566,0.002222
3597.233377,0.002596
3599.162189,0.002805
3601.091000,0.003097
3603.019812,0.003317
3604.948623,0.003279
3606.877435,0.002940
3608.806246,0.002508
3610.735058,0.002375
3612.663869,0.002106
3614.592681,0.001797
3616.521492,0.001969
3618.450303,0.001751
3620.379115,0.001394
3622.307926,0.001622
3624.236738,0.001845
3626.165549,0.002057
3628.094361,0.001445
3630.023172,0.000467
3631.951984,0.001153
3633.880795,0.002134
3635.809607,0.002353
3637.738418,0.002446
3639.667230,0.002436
3641.596041,0.002260
3643.524852,0.002005
3645.453664,0.001601
3647.382475,0.001132
3649.311287,0.000513
3651.240098,0.000235
3653.168910,0.001211
3655.097721,0.002078
3657.026533,0.002015
3658.955344,0.002362
3660.884156,0.002870
3662.812967,0.002890
3664.741779,0.002627
3666.670590,0.002359
3668.599401,0.001678
3670.528213,0.000451
3672.457024,0.000616
3674.385836,0.000968
3676.314647,0.000283
3678.243459,0.000964
3680.172270,0.002139
3682.101082,0.002387
3684.029893,0.002407
3685.958705,0.002469
3687.887516,0.002066
3689.816328,0.001292
3691.745139,0.001507
3693.673951,0.002475
3695.602762,0.002903
3697.531573,0.002813
3699.460385,0.002708
3701.389196,0.002496
3703.318008,0.002373
3705.246819,0.002584
3707.175631,0.002477
3709.104442,0.002060
3711.033254,0.001618
3712.962065,0.001416
3714.890877,0.002046
3716.819688,0.002687
3718.748500,0.002803
3720.677311,0.002617
3722.606122,0.002354
3724.534934,0.002364
3726.463745,0.002296
3728.392557,0.002182
3730.321368,0.001959
3732.250180,0.001221
3734.178991,0.000687
3736.107803,0.000659
3738.036614,0.000665
3739.965426,0.000988
3741.894237,0.001547
3743.823049,0.000767
3745.751860,-0.000448
3747.680671,0.000280
3749.609483,0.000591
3751.538294,-0.000124
3753.467106,0.000570
3755.395917,0.001734
3757.324729,0.002271
3759.253540,0.002225
3761.182352,0.002238
3763.111163,0.002677
3765.039975,0.002582
3766.968786,0.002375
3768.897598,0.002449
3770.826409,0.002298
3772.755220,0.002533
3774.684032,0.002880
3776.612843,0.002838
3778.541655,0.002601
3780.470466,0.002365
3782.399278,0.002601
3784.328089,0.002855
3786.256901,0.002722
3788.185712,0.002864
3790.114524,0.002954
3792.043335,0.002671
3793.972147,0.002469
3795.900958,0.001750
3797.829769,0.001336
3799.758581,0.001681
3801.687392,0.000896
3803.616204,0.000746
3805.545015,0.001590
3807.473827,0.001436
3809.402638,0.001579
3811.331450,0.002025
3813.260261,0.002312
3815.189073,0.001878
3817.117884,0.000685
3819.046696,0.000930
3820.975507,0.000919
3822.904318,0.000468
3824.833130,0.001231
3826.761941,0.001320
3828.690753,0.001160
3830.619564,0.001428
3832.548376,0.001119
3834.477187,0.001036
3836.405999,0.000978
3838.334810,0.000160
3840.263622,-0.000017
3842.192433,0.000636
3844.121245,0.001075
3846.050056,0.001292
3847.978867,0.001110
3849.907679,0.000861
3851.836490,0.000717
3853.765302,-0.000468
3855.694113,-0.000801
3857.622925,0.000626
3859.551736,0.001361
3861.480548,0.001156
3863.409359,0.000697
3865.338171,0.000192
3867.266982,0.000520
3869.195794,0.000596
3871.124605,0.000140
3873.053417,0.000550
3874.982228,0.000777
3876.911039,0.000882
3878.839851,0.001045
3880.768662,0.000438
3882.697474,0.000521
3884.626285,0.000653
3886.555097,-0.000019
3888.483908,0.000420
3890.412720,0.000945
3892.341531,0.000483
3894.270343,0.000410
3896.199154,0.000622
3898.127966,0.000282
3900.056777,-0.000213
3901.985588,-0.000164
3903.914400,0.000057
3905.843211,0.000150
3907.772023,0.000475
3909.700834,0.000785
3911.629646,0.000893
3913.558457,0.000960
3915.487269,0.000853
3917.416080,0.000620
3919.344892,0.000532
3921.273703,0.000719
3923.202515,0.000869
3925.131326,0.000675
3927.060137,0.000525
3928.988949,0.000595
3930.917760,0.000505
3932.846572,0.000309
3934.775383,0.000421
3936.704195,0.000534
3938.633006,0.000394
3940.561818,0.000391
3942.490629,0.000291
3944.419441,0.000190
3946.348252,0.000382
3948.277064,0.000298
3950.205875,0.000165
3952.134686,0.000294
3954.063498,0.000373
3955.992309,0.000372
3957.921121,0.000265
3959.849932,0.000222
3961.778744,0.000209
3963.707555,0.000069
3965.636367,0.000132
3967.565178,0.000294
3969.493990,0.000307
3971.422801,0.000125
3973.351613,-0.000051
3975.280424,0.000055
3977.209235,0.000163
3979.138047,0.000120
3981.066858,0.000029
3982.995670,-0.000035
3984.924481,0.000099
3986.853293,0.000197
3988.782104,0.000127
3990.710916,0.000132
3992.639727,0.000140
3994.568539,0.000054
3996.497350,-0.000059
3998.426162,-0.000145
4000.354973,-0.000106
