898.826141,-0.002170
900.754953,-0.001345
902.683764,-0.000922
904.612576,0.000125
906.541387,0.000885
908.470199,0.000264
910.399010,-0.000020
912.327822,0.000300
914.256633,0.000610
916.185445,0.000395
918.114256,-0.000192
920.043068,-0.000390
921.971879,-0.000329
923.900690,0.000181
925.829502,0.000404
927.758313,-0.000159
929.687125,-0.000507
931.615936,-0.000077
933.544748,0.000621
935.473559,0.000681
937.402371,0.000414
939.331182,0.000539
941.259994,0.000486
943.188805,0.000066
945.117617,-0.000024
947.046428,0.000193
948.975240,0.000202
950.904051,0.000122
952.832862,0.000244
954.761674,0.000360
956.690485,0.000318
958.619297,0.000238
960.548108,0.000163
962.476920,0.000027
964.405731,-0.000165
966.334543,-0.000261
968.263354,-0.000278
970.192166,-0.000126
972.120977,0.000102
974.049789,0.000074
975.978600,0.000059
977.907411,0.000104
979.836223,-0.000047
981.765034,-0.000003
983.693846,0.000148
985.622657,0.000109
987.551469,0.000077
989.480280,0.000075
991.409092,0.000155
993.337903,0.000232
995.266715,0.000131
997.195526,0.000010
999.124338,-0.000111
1001.053149,-0.000192
1002.981960,-0.000111
1004.910772,-0.000014
1006.839583,0.000028
1008.768395,0.000059
1010.697206,0.000074
1012.626018,0.000055
1014.554829,-0.000021
1016.483641,-0.000090
1018.412452,-0.000138
1020.341264,-0.000174
1022.270075,-0.000084
1024.198887,0.000043
1026.127698,0.000023
1028.056509,-0.000043
1029.985321,0.000018
1031.914132,0.000105
1033.842944,0.000066
1035.771755,0.000008
1037.700567,-0.000004
1039.629378,-0.000069
1041.558190,-0.000061
1043.487001,0.000047
1045.415813,-0.000005
1047.344624,-0.000147
1049.273436,-0.000158
1051.202247,-0.000095
1053.131058,-0.000064
1055.059870,-0.000111
1056.988681,-0.000119
1058.917493,-0.000086
1060.846304,-0.000122
1062.775116,-0.000079
1064.703927,-0.000013
1066.632739,-0.000052
1068.561550,0.000007
1070.490362,0.000090
1072.419173,-0.000013
1074.347985,-0.000106
1076.276796,-0.000062
1078.205607,-0.000077
1080.134419,-0.000116
1082.063230,-0.000032
1083.992042,0.000025
1085.920853,-0.000009
1087.849665,-0.000046
1089.778476,-0.000098
1091.707288,-0.000106
1093.636099,-0.000033
1095.564911,0.000033
1097.493722,0.000081
1099.422534,0.000053
1101.351345,-0.000094
1103.280156,-0.000166
1105.208968,-0.000120
1107.137779,-0.000137
1109.066591,-0.000158
1110.995402,-0.000100
1112.924214,-0.000110
1114.853025,-0.000103
1116.781837,0.000022
1118.710648,0.000067
1120.639460,0.000018
1122.568271,-0.000022
1124.497083,-0.000049
1126.425894,-0.000033
1128.354706,-0.000004
1130.283517,-0.000026
1132.212328,-0.000107
1134.141140,-0.000119
1136.069951,-0.000036
1137.998763,-0.000051
1139.927574,-0.000091
1141.856386,-0.000038
1143.785197,-0.000035
1145.714009,-0.000093
1147.642820,-0.000068
1149.571632,0.000020
1151.500443,0.000031
1153.429255,-0.000013
1155.358066,-0.000027
1157.286877,-0.000030
1159.215689,-0.000000
1161.144500,0.000039
1163.073312,0.000044
1165.002123,0.000065
1166.930935,0.000075
1168.859746,0.000059
1170.788558,0.000045
1172.717369,-0.000008
1174.646181,-0.000019
1176.574992,0.000026
1178.503804,0.000046
1180.432615,0.000111
1182.361426,0.000126
1184.290238,0.000017
1186.219049,-0.000041
1188.147861,-0.000040
1190.076672,-0.000032
1192.005484,-0.000014
1193.934295,-0.000058
1195.863107,-0.000062
1197.791918,0.000084
1199.720730,0.000135
1201.649541,0.000034
1203.578353,-0.000024
1205.507164,-0.000048
1207.435975,-0.000011
1209.364787,0.000126
1211.293598,0.000185
1213.222410,0.000092
1215.151221,0.000033
1217.080033,0.000067
1219.008844,0.000057
1220.937656,0.000072
1222.866467,0.000133
1224.795279,0.000124
1226.724090,0.000180
1228.652902,0.000321
1230.581713,0.000360
1232.510524,0.000395
1234.439336,0.000576
1236.368147,0.000764
1238.296959,0.000880
1240.225770,0.000986
1242.154582,0.001099
1244.083393,0.001224
1246.012205,0.001331
1247.941016,0.001425
1249.869828,0.001525
1251.798639,0.001532
1253.727451,0.001275
1255.656262,0.000936
1257.585073,0.000699
1259.513885,0.000489
1261.442696,0.000898
1263.371508,0.001682
1265.300319,0.001521
1267.229131,0.000968
1269.157942,0.000993
1271.086754,0.001206
1273.015565,0.001407
1274.944377,0.001632
1276.873188,0.001711
1278.802000,0.001662
1280.730811,0.001613
1282.659622,0.001447
1284.588434,0.001164
1286.517245,0.000992
1288.446057,0.000866
1290.374868,0.000702
1292.303680,0.000514
1294.232491,0.000359
1296.161303,0.000329
1298.090114,0.000289
1300.018926,0.000209
1301.947737,0.000156
1303.876549,0.000067
1305.805360,0.000009
1307.734172,0.000069
1309.662983,0.000107
1311.591794,0.000033
1313.520606,0.000002
1315.449417,0.000057
1317.378229,0.000033
1319.307040,0.000012
1321.235852,0.000077
1323.164663,0.000131
1325.093475,0.000152
1327.022286,0.000247
1328.951098,0.000361
1330.879909,0.000422
1332.808721,0.000451
1334.737532,0.000409
1336.666343,0.000254
1338.595155,0.000045
1340.523966,0.000037
1342.452778,0.000274
1344.381589,0.000461
1346.310401,0.000516
1348.239212,0.000533
1350.168024,0.000573
1352.096835,0.000573
1354.025647,0.000469
1355.954458,0.000428
1357.883270,0.000485
1359.812081,0.000337
1361.740892,0.000053
1363.669704,0.000175
1365.598515,0.000520
1367.527327,0.000605
1369.456138,0.000591
1371.384950,0.000495
1373.313761,0.000316
1375.242573,0.000413
1377.171384,0.000724
1379.100196,0.000893
1381.029007,0.000932
1382.957819,0.001058
1384.886630,0.000945
1386.815441,0.000521
1388.744253,0.000696
1390.673064,0.001171
1392.601876,0.000924
1394.530687,0.000534
1396.459499,0.000655
1398.388310,0.000757
1400.317122,0.000972
1402.245933,0.001255
1404.174745,0.001185
1406.103556,0.001225
1408.032368,0.001435
1409.961179,0.001426
1411.889990,0.001305
1413.818802,0.001249
1415.747613,0.001055
1417.676425,0.000324
1419.605236,0.000020
1421.534048,0.000697
1423.462859,0.001016
1425.391671,0.001065
1427.320482,0.001154
1429.249294,0.000939
1431.178105,0.000928
1433.106917,0.001070
1435.035728,0.000557
1436.964539,0.000146
1438.893351,0.000815
1440.822162,0.001332
1442.750974,0.001348
1444.679785,0.001285
1446.608597,0.001008
1448.537408,0.000881
1450.466220,0.001077
1452.395031,0.001118
1454.323843,0.000530
1456.252654,-0.000796
1458.181466,-0.000784
1460.110277,0.000703
1462.039089,0.001300
1463.967900,0.000902
1465.896711,0.000857
1467.825523,0.001354
1469.754334,0.001132
1471.683146,0.000150
1473.611957,-0.000061
1475.540769,0.000520
1477.469580,0.001108
1479.398392,0.001515
1481.327203,0.001657
1483.256015,0.001718
1485.184826,0.001552
1487.113638,0.001043
1489.042449,0.000609
1490.971260,0.000928
1492.900072,0.001634
1494.828883,0.001516
1496.757695,0.000975
1498.686506,0.001215
1500.615318,0.001769
1502.544129,0.001908
1504.472941,0.000845
1506.401752,-0.000705
1508.330564,0.000106
1510.259375,0.001400
1512.188187,0.001819
1514.116998,0.001712
1516.045809,0.001216
1517.974621,0.000973
1519.903432,0.000665
1521.832244,0.000416
1523.761055,0.001184
1525.689867,0.001723
1527.618678,0.001957
1529.547490,0.002498
1531.476301,0.002327
1533.405113,0.001701
1535.333924,0.002012
1537.262736,0.001740
1539.191547,0.000009
1541.120358,-0.000195
1543.049170,0.001034
1544.977981,0.001965
1546.906793,0.002726
1548.835604,0.002974
1550.764416,0.002961
1552.693227,0.002764
1554.622039,0.002289
1556.550850,0.001357
1558.479662,-0.000179
1560.408473,0.001005
1562.337285,0.003113
1564.266096,0.003686
1566.194907,0.003832
1568.123719,0.003737
1570.052530,0.003850
1571.981342,0.004998
1573.910153,0.005526
1575.838965,0.005576
1577.767776,0.007070
1579.696588,0.008910
1581.625399,0.010304
1583.554211,0.011807
1585.483022,0.013532
1587.411834,0.015325
1589.340645,0.017243
1591.269456,0.019176
1593.198268,0.020944
1595.127079,0.022595
1597.055891,0.023967
1598.984702,0.024830
1600.913514,0.025109
1602.842325,0.024783
1604.771137,0.023886
1606.699948,0.022420
1608.628760,0.020632
1610.557571,0.018726
1612.486383,0.016945
1614.415194,0.014602
1616.344005,0.011798
1618.272817,0.013560
1620.201628,0.019132
1622.130440,0.024259
1624.059251,0.028260
1625.988063,0.030769
1627.916874,0.031603
1629.845686,0.031122
1631.774497,0.029305
1633.703309,0.025786
1635.632120,0.020912
1637.560932,0.017664
1639.489743,0.015479
1641.418555,0.012139
1643.347366,0.008668
1645.276177,0.005450
1647.204989,0.002891
1649.133800,0.002308
1651.062612,0.001049
1652.991423,-0.001375
1654.920235,-0.000566
1656.849046,0.001123
1658.777858,0.001456
1660.706669,0.001059
1662.635481,0.000676
1664.564292,0.001004
1666.493104,0.001190
1668.421915,0.000374
1670.350726,0.000162
1672.279538,0.000688
1674.208349,0.000531
1676.137161,0.000701
1678.065972,0.001402
1679.994784,0.001443
1681.923595,0.000732
1683.852407,-0.000173
1685.781218,0.000456
1687.710030,0.001533
1689.638841,0.001594
1691.567653,0.001560
1693.496464,0.000943
1695.425275,-0.000096
1697.354087,0.000296
1699.282898,-0.000034
1701.211710,-0.000728
1703.140521,0.000119
1705.069333,0.000591
1706.998144,0.001000
1708.926956,0.001830
1710.855767,0.002169
1712.784579,0.001945
1714.713390,0.001270
1716.642202,0.000423
1718.571013,0.000551
1720.499824,0.001484
1722.428636,0.001795
1724.357447,0.001591
1726.286259,0.001483
1728.215070,0.001114
1730.143882,0.000698
1732.072693,-0.000019
1734.001505,-0.000898
1735.930316,-0.000219
1737.859128,0.000436
1739.787939,0.000227
1741.716751,0.000331
1743.645562,0.000554
1745.574373,0.000426
1747.503185,0.000202
1749.431996,-0.000055
1751.360808,0.000041
1753.289619,0.000595
1755.218431,0.000776
1757.147242,0.000741
1759.076054,0.000881
1761.004865,0.000693
1762.933677,0.000768
1764.862488,0.001150
1766.791300,0.000899
1768.720111,0.000462
1770.648922,-0.000003
1772.577734,-0.000299
1774.506545,0.000296
1776.435357,0.000867
1778.364168,0.000866
1780.292980,0.000773
1782.221791,0.000858
1784.150603,0.000938
1786.079414,0.000971
1788.008226,0.001004
1789.937037,0.000652
1791.865849,0.000133
1793.794660,0.000350
1795.723471,0.000818
1797.652283,0.000848
1799.581094,0.000703
1801.509906,0.000745
1803.438717,0.000974
1805.367529,0.001180
1807.296340,0.001250
1809.225152,0.001197
1811.153963,0.001216
1813.082775,0.001436
1815.011586,0.001667
1816.940398,0.001795
1818.869209,0.001834
1820.798021,0.001879
1822.726832,0.001820
1824.655643,0.001672
1826.584455,0.001742
1828.513266,0.001697
1830.442078,0.001709
1832.370889,0.002208
1834.299701,0.002575
1836.228512,0.002669
1838.157324,0.002780
1840.086135,0.002842
1842.014947,0.002622
1843.943758,0.002284
1845.872570,0.002495
1847.801381,0.002920
1849.730192,0.003063
1851.659004,0.003089
1853.587815,0.003071
1855.516627,0.002997
1857.445438,0.002869
1859.374250,0.002752
1861.303061,0.002594
1863.231873,0.002344
1865.160684,0.001973
1867.089496,0.001324
1869.018307,0.000778
1870.947119,0.000743
1872.875930,0.001355
1874.804741,0.002148
1876.733553,0.001783
1878.662364,0.000899
1880.591176,0.000988
1882.519987,0.001437
1884.448799,0.001751
1886.377610,0.002130
1888.306422,0.002363
1890.235233,0.002607
1892.164045,0.002985
1894.092856,0.003261
1896.021668,0.003430
1897.950479,0.003546
1899.879290,0.003654
1901.808102,0.003735
1903.736913,0.003698
1905.665725,0.003627
1907.594536,0.003532
1909.523348,0.003380
1911.452159,0.003310
1913.380971,0.003259
1915.309782,0.002931
1917.238594,0.002396
1919.167405,0.002175
1921.096217,0.002143
1923.025028,0.001922
1924.953839,0.001750
1926.882651,0.001649
1928.811462,0.001474
1930.740274,0.001301
1932.669085,0.001130
1934.597897,0.000952
1936.526708,0.000781
1938.455520,0.000627
1940.384331,0.000402
1942.313143,0.000210
1944.241954,0.000220
1946.170766,0.000223
1948.099577,0.000178
1950.028388,0.000150
1951.957200,0.000061
1953.886011,0.000024
1955.814823,0.000030
1957.743634,-0.000026
1959.672446,-0.000047
1961.601257,-0.000028
1963.530069,-0.000061
1965.458880,-0.000110
1967.387692,-0.000120
1969.316503,-0.000085
1971.245315,-0.000059
1973.174126,-0.000052
1975.102938,-0.000055
1977.031749,-0.000088
1978.960560,-0.000048
1980.889372,0.000036
1982.818183,0.000065
1984.746995,0.000054
1986.675806,-0.000013
1988.604618,-0.000079
1990.533429,-0.000140
1992.462241,-0.000171
1994.391052,-0.000113
1996.319864,-0.000084
1998.248675,-0.000054
2000.177487,-0.000025
2002.106298,-0.000040
2004.035109,0.000025
2005.963921,0.000052
2007.892732,-0.000018
2009.821544,-0.000041
2011.750355,-0.000035
2013.679167,-0.000020
2015.607978,-0.000021
2017.536790,-0.000047
2019.465601,-0.000037
2021.394413,-0.000032
2023.323224,-0.000041
2025.252036,-0.000052
2027.180847,-0.000062
2029.109658,-0.000025
2031.038470,-0.000013
2032.967281,-0.000073
2034.896093,-0.000083
2036.824904,-0.000029
2038.753716,-0.000024
2040.682527,-0.000036
2042.611339,0.000001
2044.540150,0.000002
2046.468962,-0.000047
2048.397773,-0.000049
2050.326585,-0.000014
2052.255396,-0.000000
2054.184207,-0.000018
2056.113019,-0.000043
2058.041830,-0.000046
2059.970642,-0.000023
2061.899453,-0.000015
2063.828265,-0.000078
2065.757076,-0.000107
2067.685888,-0.000012
2069.614699,0.000022
2071.543511,-0.000050
2073.472322,-0.000077
2075.401134,-0.000079
2077.329945,-0.000072
2079.258756,-0.000049
2081.187568,-0.000071
2083.116379,-0.000102
2085.045191,-0.000078
2086.974002,-0.000043
2088.902814,-0.000059
2090.831625,-0.000057
2092.760437,-0.000012
2094.689248,-0.000011
2096.618060,-0.000037
2098.546871,-0.000055
2100.475683,-0.000058
2102.404494,-0.000028
2104.333305,-0.000011
2106.262117,0.000001
2108.190928,0.000032
2110.119740,0.000048
2112.048551,0.000042
2113.977363,0.000007
2115.906174,-0.000044
2117.834986,-0.000043
2119.763797,-0.000005
2121.692609,-0.000009
2123.621420,-0.000025
2125.550232,-0.000003
2127.479043,0.000003
2129.407854,-0.000001
2131.336666,-0.000002
2133.265477,-0.000047
2135.194289,-0.000084
2137.123100,-0.000069
2139.051912,-0.000042
2140.980723,-0.000015
2142.909535,-0.000018
2144.838346,-0.000044
2146.767158,-0.000042
2148.695969,-0.000003
2150.624781,0.000050
2152.553592,0.000039
2154.482404,-0.000029
2156.411215,-0.000028
2158.340026,0.000019
2160.268838,0.000047
2162.197649,0.000056
2164.126461,0.000023
2166.055272,0.000004
2167.984084,0.000002
2169.912895,-0.000021
2171.841707,0.000000
2173.770518,0.000043
2175.699330,0.000015
2177.628141,-0.000029
2179.556953,0.000011
2181.485764,0.000093
2183.414575,0.000115
2185.343387,0.000114
2187.272198,0.000136
2189.201010,0.000140
2191.129821,0.000115
2193.058633,0.000113
2194.987444,0.000175
2196.916256,0.000257
2198.845067,0.000255
2200.773879,0.000189
2202.702690,0.000200
2204.631502,0.000230
2206.560313,0.000211
2208.489124,0.000290
2210.417936,0.000366
2212.346747,0.000313
2214.275559,0.000273
2216.204370,0.000211
2218.133182,0.000147
2220.061993,0.000146
2221.990805,0.000113
2223.919616,0.000085
2225.848428,0.000087
2227.777239,0.000103
2229.706051,0.000155
2231.634862,0.000205
2233.563673,0.000280
2235.492485,0.000330
2237.421296,0.000317
2239.350108,0.000353
2241.278919,0.000357
2243.207731,0.000249
2245.136542,0.000145
2247.065354,0.000075
2248.994165,0.000030
2250.922977,0.000007
2252.851788,-0.000035
2254.780600,-0.000076
2256.709411,-0.000092
2258.638222,-0.000086
2260.567034,-0.000074
2262.495845,-0.000093
2264.424657,-0.000138
2266.353468,-0.000167
2268.282280,-0.000156
2270.211091,-0.000114
2272.139903,-0.000096
2274.068714,-0.000064
2275.997526,-0.000042
2277.926337,-0.000035
2279.855149,0.000021
2281.783960,0.000085
2283.712771,0.000115
2285.641583,0.000098
2287.570394,0.000050
2289.499206,0.000052
2291.428017,0.000089
2293.356829,0.000087
2295.285640,0.000091
2297.214452,0.000118
2299.143263,0.000079
2301.072075,-0.000014
2303.000886,-0.000110
2304.929698,-0.000222
2306.858509,-0.000328
2308.787320,-0.000474
2310.716132,-0.000377
2312.644943,-0.000294
2314.573755,-0.000168
2316.502566,-0.000103
2318.431378,-0.000072
2320.360189,-0.000004
2322.289001,0.000048
2324.217812,0.000210
2326.146624,0.000469
2328.075435,0.000536
2330.004247,0.000302
2331.933058,0.000303
2333.861870,0.000329
2335.790681,0.000227
2337.719492,0.000091
2339.648304,0.000033
2341.577115,0.000219
2343.505927,0.000660
2345.434738,0.001437
2347.363550,0.002488
2349.292361,0.002968
2351.221173,0.002361
2353.149984,0.001304
2355.078796,0.000551
2357.007607,0.000122
2358.936419,-0.000103
2360.865230,-0.000136
2362.794041,0.000015
2364.722853,0.000323
2366.651664,0.000054
2368.580476,-0.000067
2370.509287,0.000010
2372.438099,0.000213
2374.366910,0.000482
2376.295722,0.000732
2378.224533,0.000908
2380.153345,0.000981
2382.082156,0.000864
2384.010968,0.000533
2385.939779,0.000091
2387.868590,0.000156
2389.797402,0.000137
2391.726213,0.000114
2393.655025,0.000134
2395.583836,0.000063
2397.512648,-0.000025
2399.441459,0.000002
2401.370271,0.000060
2403.299082,0.000068
2405.227894,0.000070
2407.156705,0.000117
2409.085517,0.000116
2411.014328,0.000087
2412.943139,0.000106
2414.871951,0.000123
2416.800762,0.000154
2418.729574,0.000159
2420.658385,0.000138
2422.587197,0.000200
2424.516008,0.000237
2426.444820,0.000188
2428.373631,0.000174
2430.302443,0.000200
2432.231254,0.000210
2434.160066,0.000187
2436.088877,0.000171
2438.017688,0.000200
2439.946500,0.000206
2441.875311,0.000151
2443.804123,0.000118
2445.732934,0.000164
2447.661746,0.000225
2449.590557,0.000242
2451.519369,0.000205
2453.448180,0.000158
2455.376992,0.000165
2457.305803,0.000203
2459.234615,0.000199
2461.163426,0.000147
2463.092237,0.000156
2465.021049,0.000219
2466.949860,0.000231
2468.878672,0.000205
2470.807483,0.000154
2472.736295,0.000169
2474.665106,0.000260
2476.593918,0.000246
2478.522729,0.000162
2480.451541,0.000137
2482.380352,0.000185
2484.309164,0.000202
2486.237975,0.000124
2488.166786,0.000083
2490.095598,0.000101
2492.024409,0.000126
2493.953221,0.000143
2495.882032,0.000145
2497.810844,0.000160
2499.739655,0.000144
2501.668467,0.000156
2503.597278,0.000236
2505.526090,0.000274
2507.454901,0.000268
2509.383713,0.000247
2511.312524,0.000193
2513.241336,0.000119
2515.170147,0.000088
2517.098958,0.000096
2519.027770,0.000075
2520.956581,0.000075
2522.885393,0.000069
2524.814204,0.000034
2526.743016,0.000091
2528.671827,0.000185
2530.600639,0.000179
2532.529450,0.000110
2534.458262,0.000018
2536.387073,-0.000059
2538.315885,0.000001
2540.244696,0.000108
2542.173507,0.000110
2544.102319,0.000091
2546.031130,0.000083
2547.959942,0.000064
2549.888753,0.000056
2551.817565,0.000076
2553.746376,0.000141
2555.675188,0.000186
2557.603999,0.000161
2559.532811,0.000122
2561.461622,0.000107
2563.390434,0.000091
2565.319245,0.000050
2567.248056,0.000010
2569.176868,0.000014
2571.105679,0.000040
2573.034491,0.000049
2574.963302,0.000049
2576.892114,0.000014
2578.820925,-0.000019
2580.749737,-0.000008
2582.678548,0.000006
2584.607360,0.000084
2586.536171,0.000152
2588.464983,0.000093
2590.393794,0.000021
2592.322605,-0.000026
2594.251417,-0.000035
2596.180228,0.000006
2598.109040,-0.000001
2600.037851,-0.000025
2601.966663,0.000007
2603.895474,0.000043
2605.824286,0.000054
2607.753097,0.000080
2609.681909,0.000080
2611.610720,0.000021
2613.539532,0.000007
2615.468343,0.000039
2617.397154,0.000046
2619.325966,0.000062
2621.254777,0.000073
2623.183589,0.000056
2625.112400,0.000077
2627.041212,0.000103
2628.970023,0.000063
2630.898835,0.000012
2632.827646,0.000017
2634.756458,0.000065
2636.685269,0.000082
2638.614081,0.000024
2640.542892,-0.000004
2642.471703,0.000025
2644.400515,-0.000016
2646.329326,-0.000051
2648.258138,-0.000000
2650.186949,-0.000021
2652.115761,-0.000084
2654.044572,-0.000067
2655.973384,0.000002
2657.902195,0.000066
2659.831007,0.000046
2661.759818,-0.000005
2663.688630,-0.000003
2665.617441,-0.000006
2667.546253,0.000017
2669.475064,0.000044
2671.403875,0.000038
2673.332687,0.000058
2675.261498,0.000011
2677.190310,-0.000061
2679.119121,-0.000035
2681.047933,-0.000043
2682.976744,-0.000062
2684.905556,-0.000032
2686.834367,-0.000049
2688.763179,-0.000036
2690.691990,0.000001
2692.620802,-0.000040
2694.549613,-0.000066
2696.478424,-0.000095
2698.407236,-0.000132
2700.336047,-0.000056
2702.264859,-0.000008
2704.193670,-0.000031
2706.122482,-0.000021
2708.051293,-0.000029
2709.980105,0.000014
2711.908916,0.000029
2713.837728,-0.000064
2715.766539,-0.000073
2717.695351,-0.000074
2719.624162,-0.000098
2721.552973,-0.000055
2723.481785,-0.000059
2725.410596,-0.000066
2727.339408,-0.000030
2729.268219,-0.000042
2731.197031,-0.000016
2733.125842,0.000056
2735.054654,0.000001
2736.983465,-0.000074
2738.912277,-0.000034
2740.841088,-0.000046
2742.769900,-0.000068
2744.698711,-0.000006
2746.627522,0.000007
2748.556334,-0.000001
2750.485145,-0.000023
2752.413957,-0.000051
2754.342768,0.000014
2756.271580,0.000015
2758.200391,-0.000079
2760.129203,-0.000107
2762.058014,-0.000123
2763.986826,-0.000166
2765.915637,-0.000146
2767.844449,-0.000043
2769.773260,0.000008
2771.702071,-0.000081
2773.630883,-0.000150
2775.559694,-0.000103
2777.488506,-0.000024
2779.417317,-0.000001
2781.346129,-0.000021
2783.274940,-0.000040
2785.203752,-0.000085
2787.132563,-0.000095
2789.061375,-0.000059
2790.990186,-0.000066
2792.918998,-0.000077
2794.847809,-0.000064
2796.776620,-0.000070
2798.705432,-0.000117
2800.634243,-0.000146
2802.563055,-0.000142
2804.491866,-0.000145
2806.420678,-0.000132
2808.349489,-0.000131
2810.278301,-0.000085
2812.207112,0.000045
2814.135924,0.000085
2816.064735,-0.000018
2817.993547,-0.000131
2819.922358,-0.000158
2821.851169,-0.000137
2823.779981,-0.000163
2825.708792,-0.000214
2827.637604,-0.000172
2829.566415,-0.000051
2831.495227,0.000002
2833.424038,-0.000038
2835.352850,-0.000067
2837.281661,-0.000032
2839.210473,-0.000032
2841.139284,-0.000055
2843.068096,0.000051
2844.996907,0.000168
2846.925719,0.000140
2848.854530,0.000055
2850.783341,0.000020
2852.712153,0.000038
2854.640964,0.000052
2856.569776,0.000064
2858.498587,0.000074
2860.427399,0.000048
2862.356210,0.000060
2864.285022,0.000153
2866.213833,0.000257
2868.142645,0.000385
2870.071456,0.000502
2872.000268,0.000546
2873.929079,0.000637
2875.857890,0.000721
2877.786702,0.000712
2879.715513,0.000805
2881.644325,0.000974
2883.573136,0.001073
2885.501948,0.001145
2887.430759,0.001226
2889.359571,0.001310
2891.288382,0.001281
2893.217194,0.001138
2895.146005,0.001070
2897.074817,0.001066
2899.003628,0.001032
2900.932439,0.000975
2902.861251,0.000856
2904.790062,0.000663
2906.718874,0.000603
2908.647685,0.000835
2910.576497,0.001166
2912.505308,0.001445
2914.434120,0.001718
2916.362931,0.001907
2918.291743,0.001933
2920.220554,0.001845
2922.149366,0.001679
2924.078177,0.001488
2926.006988,0.001268
2927.935800,0.000949
2929.864611,0.000641
2931.793423,0.000419
2933.722234,0.000279
2935.651046,0.000253
2937.579857,0.000206
2939.508669,0.000118
2941.437480,0.000065
2943.366292,0.000043
2945.295103,0.000094
2947.223915,0.000071
2949.152726,-0.000015
2951.081537,-0.000005
2953.010349,0.000007
2954.939160,0.000027
2956.867972,0.000105
2958.796783,0.000153
2960.725595,0.000102
2962.654406,0.000005
2964.583218,-0.000008
2966.512029,0.000036
2968.440841,0.000022
2970.369652,-0.000029
2972.298464,-0.000018
2974.227275,0.000033
2976.156086,0.000050
2978.084898,-0.000003
2980.013709,-0.000037
2981.942521,0.000056
2983.871332,0.000078
2985.800144,-0.000016
2987.728955,-0.000012
2989.657767,0.000011
2991.586578,-0.000045
2993.515390,-0.000126
2995.444201,-0.000183
2997.373013,-0.000158
2999.301824,-0.000068
3001.230635,0.000000
3003.159447,-0.000033
3005.088258,-0.000051
3007.017070,0.000025
3008.945881,-0.000018
3010.874693,-0.000178
3012.803504,-0.000239
3014.732316,-0.000200
3016.661127,-0.000156
3018.589939,-0.000130
3020.518750,-0.000035
3022.447562,0.000024
3024.376373,-0.000121
3026.305185,-0.000211
3028.233996,-0.000089
3030.162807,0.000017
3032.091619,-0.000007
3034.020430,-0.000096
3035.949242,-0.000106
3037.878053,-0.000051
3039.806865,-0.000063
3041.735676,-0.000041
3043.664488,-0.000002
3045.593299,-0.000057
3047.522111,-0.000050
3049.450922,-0.000009
3051.379734,-0.000084
3053.308545,-0.000139
3055.237356,-0.000090
3057.166168,-0.000051
3059.094979,-0.000081
3061.023791,-0.000083
3062.952602,0.000005
3064.881414,0.000028
3066.810225,-0.000055
3068.739037,-0.000079
3070.667848,-0.000061
3072.596660,-0.000139
3074.525471,-0.000204
3076.454283,-0.000141
3078.383094,-0.000081
3080.311905,-0.000047
3082.240717,-0.000025
3084.169528,-0.000060
3086.098340,-0.000040
3088.027151,0.000005
3089.955963,-0.000036
3091.884774,-0.000038
3093.813586,0.000060
3095.742397,0.000017
3097.671209,-0.000183
3099.600020,-0.000152
3101.528832,-0.000034
3103.457643,-0.000139
3105.386454,-0.000130
3107.315266,0.000018
3109.244077,0.000044
3111.172889,0.000005
3113.101700,-0.000087
3115.030512,-0.000124
3116.959323,-0.000010
3118.888135,0.000091
3120.816946,0.000087
3122.745758,0.000039
3124.674569,-0.000027
3126.603381,-0.000139
3128.532192,-0.000186
3130.461003,-0.000120
3132.389815,-0.000093
3134.318626,-0.000074
3136.247438,-0.000009
3138.176249,-0.000007
3140.105061,-0.000065
3142.033872,-0.000070
3143.962684,-0.000025
3145.891495,-0.000019
3147.820307,-0.000009
3149.749118,0.000043
3151.677930,0.000093
3153.606741,0.000088
3155.535552,-0.000058
3157.464364,-0.000135
3159.393175,-0.000013
3161.321987,0.000056
3163.250798,0.000142
3165.179610,0.000278
3167.108421,0.000180
3169.037233,-0.000000
3170.966044,-0.000034
3172.894856,-0.000001
3174.823667,0.000074
3176.752479,0.000080
3178.681290,0.000004
3180.610102,0.000030
3182.538913,0.000098
3184.467724,0.000094
3186.396536,0.000098
3188.325347,0.000181
3190.254159,0.000284
3192.182970,0.000249
3194.111782,0.000147
3196.040593,0.000190
3197.969405,0.000255
3199.898216,0.000222
3201.827028,0.000244
3203.755839,0.000296
3205.684651,0.000238
3207.613462,0.000203
3209.542273,0.000319
3211.471085,0.000299
3213.399896,0.000133
3215.328708,0.000232
3217.257519,0.000302
3219.186331,0.000054
3221.115142,-0.000033
3223.043954,0.000063
3224.972765,0.000081
3226.901577,0.000096
3228.830388,0.000145
3230.759200,0.000161
3232.688011,0.000076
3234.616822,0.000062
3236.545634,0.000187
3238.474445,0.000228
3240.403257,0.000236
3242.332068,0.000296
3244.260880,0.000294
3246.189691,0.000226
3248.118503,0.000233
3250.047314,0.000268
3251.976126,0.000176
3253.904937,0.000119
3255.833749,0.000109
3257.762560,0.000029
3259.691371,-0.000013
3261.620183,-0.000020
3263.548994,0.000070
3265.477806,0.000218
3267.406617,0.000208
3269.335429,0.000196
3271.264240,0.000246
3273.193052,0.000126
3275.121863,0.000020
3277.050675,0.000132
3278.979486,0.000202
3280.908298,0.000201
3282.837109,0.000208
3284.765920,0.000135
3286.694732,0.000086
3288.623543,0.000056
3290.552355,0.000031
3292.481166,0.000043
3294.409978,-0.000008
3296.338789,-0.000001
3298.267601,0.000027
3300.196412,-0.000075
3302.125224,-0.000060
3304.054035,0.000101
3305.982847,0.000172
3307.911658,0.000198
3309.840469,0.000126
3311.769281,-0.000103
3313.698092,-0.000194
3315.626904,-0.000159
3317.555715,-0.000153
3319.484527,-0.000026
3321.413338,0.000051
3323.342150,-0.000015
3325.270961,0.000027
3327.199773,0.000058
3329.128584,0.000018
3331.057396,0.000107
3332.986207,0.000178
3334.915018,0.000089
3336.843830,0.000001
3338.772641,-0.000123
3340.701453,-0.000288
3342.630264,-0.000137
3344.559076,0.000195
3346.487887,0.000207
3348.416699,0.000086
3350.345510,0.000064
3352.274322,0.000040
3354.203133,0.000055
3356.131945,0.000096
3358.060756,0.000111
3359.989568,0.000131
3361.918379,0.000165
3363.847190,0.000117
3365.776002,0.000076
3367.704813,0.000156
3369.633625,0.000147
3371.562436,0.000147
3373.491248,0.000234
3375.420059,0.000190
3377.348871,0.000193
3379.277682,0.000208
3381.206494,0.000082
3383.135305,0.000058
3385.064117,0.000000
3386.992928,-0.000151
3388.921739,0.000038
3390.850551,0.000305
3392.779362,0.000179
3394.708174,-0.000045
3396.636985,-0.000090
3398.565797,-0.000116
3400.494608,-0.000205
3402.423420,-0.000175
3404.352231,-0.000043
3406.281043,0.000023
3408.209854,0.000213
3410.138666,0.000352
3412.067477,0.000118
3413.996288,-0.000050
3415.925100,0.000025
3417.853911,0.000093
3419.782723,0.000208
3421.711534,0.000195
3423.640346,0.000001
3425.569157,-0.000018
3427.497969,0.000011
3429.426780,0.000050
3431.355592,0.000208
3433.284403,0.000230
3435.213215,0.000125
3437.142026,-0.000040
3439.070837,0.000015
3440.999649,0.000300
3442.928460,0.000092
3444.857272,-0.000241
3446.786083,-0.000135
3448.714895,-0.000036
3450.643706,0.000111
3452.572518,0.000334
3454.501329,0.000339
3456.430141,0.000292
3458.358952,0.000189
3460.287764,0.000182
3462.216575,0.000386
3464.145386,0.000284
3466.074198,0.000122
3468.003009,0.000355
3469.931821,0.000480
3471.860632,0.000322
3473.789444,0.000226
3475.718255,0.000244
3477.647067,0.000194
3479.575878,0.000061
3481.504690,0.000019
3483.433501,-0.000021
3485.362313,-0.000076
3487.291124,0.000038
3489.219935,0.000145
3491.148747,0.000049
3493.077558,-0.000114
3495.006370,-0.000148
3496.935181,-0.000066
3498.863993,-0.000023
3500.792804,-0.000017
3502.721616,0.000011
3504.650427,0.000055
3506.579239,0.000101
3508.508050,0.000111
3510.436862,0.000028
3512.365673,-0.000145
3514.294484,-0.000115
3516.223296,0.000168
3518.152107,0.000369
3520.080919,0.000336
3522.009730,0.000088
3523.938542,-0.000002
3525.867353,0.000203
3527.796165,0.000264
3529.724976,0.000092
3531.653788,-0.000011
3533.582599,0.000146
3535.511411,0.000219
3537.440222,0.000027
3539.369034,-0.000021
3541.297845,0.000048
3543.226656,0.000041
3545.155468,-0.000135
3547.084279,-0.000358
3549.013091,-0.000217
3550.941902,-0.000040
3552.870714,-0.000056
3554.799525,0.000162
3556.728337,0.000457
3558.657148,0.000490
3560.585960,0.000279
3562.514771,0.000045
3564.443583,-0.000005
3566.372394,-0.000116
3568.301205,-0.000137
3570.230017,0.000299
3572.158828,0.000708
3574.087640,0.000772
3576.016451,0.000583
3577.945263,0.000424
3579.874074,0.000503
3581.802886,0.000359
3583.731697,0.000026
3585.660509,-0.000059
3587.589320,0.000015
3589.518132,0.000241
3591.446943,0.000341
3593.375754,0.000073
3595.304566,-0.000077
3597.233377,0.000112
3599.162189,0.000361
3601.091000,0.000511
3603.019812,0.000612
3604.948623,0.000570
3606.877435,0.000287
3608.806246,0.000001
3610.735058,-0.000152
3612.663869,-0.000235
3614.592681,-0.000163
3616.521492,-0.000050
3618.450303,-0.000138
3620.379115,-0.000141
3622.307926,0.000029
3624.236738,0.000050
3626.165549,-0.000178
3628.094361,-0.000890
3630.023172,-0.001308
3631.951984,-0.000613
3633.880795,0.000063
3635.809607,0.000259
3637.738418,0.000363
3639.667230,0.000302
3641.596041,0.000156
3643.524852,0.000074
3645.453664,-0.000201
3647.382475,-0.000781
3649.311287,-0.001277
3651.240098,-0.001098
3653.168910,-0.000407
3655.097721,-0.000130
3657.026533,-0.000173
3658.955344,0.000190
3660.884156,0.000513
3662.812967,0.000448
3664.741779,0.000214
3666.670590,-0.000024
3668.599401,-0.000385
3670.528213,-0.000854
3672.457024,-0.000801
3674.385836,-0.000768
3676.314647,-0.000874
3678.243459,-0.000249
3680.172270,0.000300
3682.101082,0.000409
3684.029893,0.000464
3685.958705,0.000292
3687.887516,-0.000163
3689.816328,-0.000450
3691.745139,-0.000045
3693.673951,0.000566
3695.602762,0.000734
3697.531573,0.000704
3699.460385,0.000698
3701.389196,0.000662
3703.318008,0.000768
3705.246819,0.000825
3707.175631,0.000476
3709.104442,0.000085
3711.033254,-0.000053
3712.962065,0.000097
3714.890877,0.000614
3716.819688,0.000934
3718.748500,0.000831
3720.677311,0.000715
3722.606122,0.000717
3724.534934,0.000762
3726.463745,0.000786
3728.392557,0.000821
3730.321368,0.000685
3732.250180,0.000244
3734.178991,0.000040
3736.107803,0.000275
3738.036614,0.000570
3739.965426,0.000863
3741.894237,0.000903
3743.823049,0.000205
3745.751860,-0.000379
3747.680671,-0.000032
3749.609483,0.000003
3751.538294,-0.000175
3753.467106,0.000360
3755.395917,0.000834
3757.324729,0.000933
3759.253540,0.000984
3761.182352,0.001138
3763.111163,0.001399
3765.039975,0.001445
3766.968786,0.001398
3768.897598,0.001398
3770.826409,0.001403
3772.755220,0.001585
3774.684032,0.001616
3776.612843,0.001447
3778.541655,0.001327
3780.470466,0.001209
3782.399278,0.001238
3784.328089,0.001380
3786.256901,0.001543
3788.185712,0.001777
3790.114524,0.001845
3792.043335,0.001708
3793.972147,0.001468
3795.900958,0.001015
3797.829769,0.000791
3799.758581,0.000795
3801.687392,0.000482
3803.616204,0.000685
3805.545015,0.001100
3807.473827,0.000943
3809.402638,0.001123
3811.331450,0.001467
3813.260261,0.001436
3815.189073,0.001005
3817.117884,0.000385
3819.046696,0.000390
3820.975507,0.000498
3822.904318,0.000616
3824.833130,0.000994
3826.761941,0.000910
3828.690753,0.000767
3830.619564,0.000844
3832.548376,0.000751
3834.477187,0.000724
3836.405999,0.000594
3838.334810,0.000211
3840.263622,0.000230
3842.192433,0.000662
3844.121245,0.001001
3846.050056,0.001191
3847.978867,0.001116
3849.907679,0.000742
3851.836490,0.000172
3853.765302,-0.000467
3855.694113,-0.000112
3857.622925,0.000878
3859.551736,0.001122
3861.480548,0.000763
3863.409359,0.000362
3865.338171,0.000142
3867.266982,0.000291
3869.195794,0.000279
3871.124605,0.000235
3873.053417,0.000507
3874.982228,0.000487
3876.911039,0.000439
3878.839851,0.000423
3880.768662,0.000122
3882.697474,0.000155
3884.626285,0.000168
3886.555097,0.000055
3888.483908,0.000437
3890.412720,0.000547
3892.341531,0.000276
3894.270343,0.000389
3896.199154,0.000542
3898.127966,0.000205
3900.056777,-0.000349
3901.985588,-0.000481
3903.914400,-0.000170
3905.843211,0.000175
3907.772023,0.000391
3909.700834,0.000424
3911.629646,0.000370
3913.558457,0.000374
3915.487269,0.000378
3917.416080,0.000386
3919.344892,0.000416
3921.273703,0.000398
3923.202515,0.000411
3925.131326,0.000407
3927.060137,0.000244
3928.988949,0.000111
3930.917760,0.000096
3932.846572,0.000148
3934.775383,0.000330
3936.704195,0.000393
3938.633006,0.000305
3940.561818,0.000281
3942.490629,0.000185
3944.419441,0.000166
3946.348252,0.000149
3948.277064,-0.000066
3950.205875,0.000057
3952.134686,0.000306
3954.063498,0.000174
3955.992309,0.000103
3957.921121,0.000184
3959.849932,0.000169
3961.778744,0.000132
3963.707555,0.000110
3965.636367,0.000095
3967.565178,0.000148
3969.493990,0.000219
3971.422801,0.000148
3973.351613,-0.000016
3975.280424,-0.000007
3977.209235,0.000080
3979.138047,0.000200
3981.066858,0.000322
3982.995670,0.000115
3984.924481,0.000009
3986.853293,0.000315
3988.782104,0.000330
3990.710916,0.000079
3992.639727,0.000126
3994.568539,0.000244
3996.497350,0.000132
3998.426162,0.000036
4000.354973,0.000035
