898.826141,-0.000935
900.754953,-0.001142
902.683764,-0.000769
904.612576,0.000578
906.541387,0.000801
908.470199,-0.000550
910.399010,-0.001230
912.327822,-0.000767
914.256633,-0.000102
916.185445,-0.000020
918.114256,-0.000164
920.043068,-0.000671
921.971879,-0.000841
923.900690,-0.000169
925.829502,-0.000056
927.758313,-0.000277
929.687125,-0.000234
931.615936,-0.000196
933.544748,0.000275
935.473559,0.000416
937.402371,0.000126
939.331182,0.000176
941.259994,0.000063
943.188805,0.000001
945.117617,0.000181
947.046428,0.000224
948.975240,0.000261
950.904051,0.000212
952.832862,0.000165
954.761674,0.000223
956.690485,0.000164
958.619297,0.000118
960.548108,0.000162
962.476920,0.000188
964.405731,0.000120
966.334543,0.000054
968.263354,0.000240
970.192166,0.000458
972.120977,0.000293
974.049789,0.000003
975.978600,0.000043
977.907411,0.000140
979.836223,0.000080
981.765034,0.000104
983.693846,0.000108
985.622657,0.000146
987.551469,0.000263
989.480280,0.000087
991.409092,-0.000143
993.337903,-0.000103
995.266715,-0.000078
997.195526,-0.000147
999.124338,-0.000157
1001.053149,-0.000106
1002.981960,-0.000157
1004.910772,-0.000262
1006.839583,-0.000178
1008.768395,-0.000096
1010.697206,-0.000109
1012.626018,-0.000099
1014.554829,-0.000199
1016.483641,-0.000203
1018.412452,-0.000107
1020.341264,-0.000223
1022.270075,-0.000282
1024.198887,-0.000147
1026.127698,-0.000121
1028.056509,-0.000204
1029.985321,-0.000145
1031.914132,-0.000009
1033.842944,-0.000011
1035.771755,-0.000060
1037.700567,-0.000124
1039.629378,-0.000145
1041.558190,0.000006
1043.487001,0.000087
1045.415813,-0.000018
1047.344624,-0.000102
1049.273436,-0.000135
1051.202247,-0.000139
1053.131058,-0.000098
1055.059870,-0.000148
1056.988681,-0.000241
1058.917493,-0.000222
1060.846304,-0.000204
1062.775116,-0.000199
1064.703927,-0.000191
1066.632739,-0.000218
1068.561550,-0.000177
1070.490362,-0.000163
1072.419173,-0.000194
1074.347985,-0.000107
1076.276796,-0.000014
1078.205607,0.000001
1080.134419,0.000025
1082.063230,0.000056
1083.992042,0.000020
1085.920853,-0.000038
1087.849665,-0.000007
1089.778476,0.000035
1091.707288,0.000021
1093.636099,0.000058
1095.564911,0.000141
1097.493722,0.000170
1099.422534,0.000106
1101.351345,0.000023
1103.280156,0.000018
1105.208968,0.000014
1107.137779,-0.000023
1109.066591,0.000023
1110.995402,0.000091
1112.924214,0.000090
1114.853025,0.000112
1116.781837,0.000171
1118.710648,0.000136
1120.639460,0.000052
1122.568271,-0.000017
1124.497083,-0.000041
1126.425894,-0.000011
1128.354706,0.000008
1130.283517,-0.000004
1132.212328,-0.000054
1134.141140,-0.000084
1136.069951,-0.000050
1137.998763,-0.000070
1139.927574,-0.000157
1141.856386,-0.000178
1143.785197,-0.000131
1145.714009,-0.000139
1147.642820,-0.000178
1149.571632,-0.000147
1151.500443,-0.000102
1153.429255,-0.000096
1155.358066,-0.000115
1157.286877,-0.000126
1159.215689,-0.000104
1161.144500,-0.000080
1163.073312,-0.000088
1165.002123,-0.000100
1166.930935,-0.000056
1168.859746,0.000004
1170.788558,0.000020
1172.717369,0.000011
1174.646181,-0.000009
1176.574992,-0.000062
1178.503804,-0.000124
1180.432615,-0.000037
1182.361426,0.000081
1184.290238,-0.000026
1186.219049,-0.000152
1188.147861,-0.000160
1190.076672,-0.000152
1192.005484,-0.000070
1193.934295,0.000010
1195.863107,-0.000001
1197.791918,0.000011
1199.720730,0.000019
1201.649541,-0.000067
1203.578353,-0.000137
1205.507164,-0.000137
1207.435975,-0.000115
1209.364787,-0.000048
1211.293598,0.000027
1213.222410,-0.000003
1215.151221,0.000016
1217.080033,0.000142
1219.008844,0.000226
1220.937656,0.000281
1222.866467,0.000359
1224.795279,0.000454
1226.724090,0.000645
1228.652902,0.000916
1230.581713,0.001111
1232.510524,0.001302
1234.439336,0.001624
1236.368147,0.001998
1238.296959,0.002409
1240.225770,0.002840
1242.154582,0.003296
1244.083393,0.003754
1246.012205,0.004161
1247.941016,0.004599
1249.869828,0.004948
1251.798639,0.005136
1253.727451,0.004956
1255.656262,0.004485
1257.585073,0.004100
1259.513885,0.003729
1261.442696,0.004641
1263.371508,0.006339
1265.300319,0.005893
1267.229131,0.004704
1269.157942,0.005015
1271.086754,0.005697
1273.015565,0.006131
1274.944377,0.006377
1276.873188,0.006262
1278.802000,0.006014
1280.730811,0.005797
1282.659622,0.005445
1284.588434,0.004985
1286.517245,0.004671
1288.446057,0.004436
1290.374868,0.004235
1292.303680,0.004055
1294.232491,0.003898
1296.161303,0.003903
1298.090114,0.003934
1300.018926,0.003925
1301.947737,0.003921
1303.876549,0.003866
1305.805360,0.003802
1307.734172,0.003831
1309.662983,0.003840
1311.591794,0.003630
1313.520606,0.003418
1315.449417,0.003262
1317.378229,0.002988
1319.307040,0.002801
1321.235852,0.002702
1323.164663,0.002577
1325.093475,0.002437
1327.022286,0.002168
1328.951098,0.001893
1330.879909,0.001727
1332.808721,0.001562
1334.737532,0.001433
1336.666343,0.001213
1338.595155,0.000860
1340.523966,0.000775
1342.452778,0.000875
1344.381589,0.000827
1346.310401,0.000748
1348.239212,0.000664
1350.168024,0.000552
1352.096835,0.000425
1354.025647,0.000289
1355.954458,0.000301
1357.883270,0.000306
1359.812081,-0.000000
1361.740892,-0.000356
1363.669704,-0.000149
1365.598515,0.000348
1367.527327,0.000487
1369.456138,0.000571
1371.384950,0.000592
1373.313761,0.000294
1375.242573,0.000270
1377.171384,0.000672
1379.100196,0.000983
1381.029007,0.001094
1382.957819,0.001176
1384.886630,0.001002
1386.815441,0.000517
1388.744253,0.000683
1390.673064,0.001239
1392.601876,0.000922
1394.530687,0.000403
1396.459499,0.000499
1398.388310,0.000614
1400.317122,0.001049
1402.245933,0.001493
1404.174745,0.001360
1406.103556,0.001530
1408.032368,0.001917
1409.961179,0.001938
1411.889990,0.001859
1413.818802,0.001828
1415.747613,0.001537
1417.676425,0.000554
1419.605236,0.000305
1421.534048,0.001360
1423.462859,0.001825
1425.391671,0.002016
1427.320482,0.002247
1429.249294,0.001982
1431.178105,0.002091
1433.106917,0.002369
1435.035728,0.001625
1436.964539,0.001175
1438.893351,0.002344
1440.822162,0.003203
1442.750974,0.003279
1444.679785,0.003216
1446.608597,0.002881
1448.537408,0.002791
1450.466220,0.003119
1452.395031,0.003124
1454.323843,0.002187
1456.252654,0.000317
1458.181466,0.000491
1460.110277,0.002756
1462.039089,0.003668
1463.967900,0.003119
1465.896711,0.003213
1467.825523,0.004100
1469.754334,0.003774
1471.683146,0.002284
1473.611957,0.002001
1475.540769,0.002980
1477.469580,0.003924
1479.398392,0.004475
1481.327203,0.004608
1483.256015,0.004641
1485.184826,0.004375
1487.113638,0.003571
1489.042449,0.002843
1490.971260,0.003232
1492.900072,0.004070
1494.828883,0.003674
1496.757695,0.002742
1498.686506,0.002983
1500.615318,0.003765
1502.544129,0.003855
1504.472941,0.002014
1506.401752,-0.000442
1508.330564,0.000765
1510.259375,0.002702
1512.188187,0.003317
1514.116998,0.003125
1516.045809,0.002307
1517.974621,0.001729
1519.903432,0.001065
1521.832244,0.000601
1523.761055,0.001654
1525.689867,0.002409
1527.618678,0.002752
1529.547490,0.003466
1531.476301,0.003114
1533.405113,0.002259
1535.333924,0.002778
1537.262736,0.002190
1539.191547,-0.000606
1541.120358,-0.000936
1543.049170,0.001026
1544.977981,0.002649
1546.906793,0.003822
1548.835604,0.004128
1550.764416,0.004044
1552.693227,0.003698
1554.622039,0.002977
1556.550850,0.001518
1558.479662,-0.000500
1560.408473,0.002096
1562.337285,0.006052
1564.266096,0.007770
1566.194907,0.009053
1568.123719,0.010130
1570.052530,0.012006
1571.981342,0.015678
1573.910153,0.018497
1575.838965,0.021565
1577.767776,0.027648
1579.696588,0.034504
1581.625399,0.041416
1583.554211,0.049050
1585.483022,0.057592
1587.411834,0.066791
1589.340645,0.076474
1591.269456,0.086319
1593.198268,0.095451
1595.127079,0.103449
1597.055891,0.109561
1598.984702,0.113354
1600.913514,0.114455
1602.842325,0.112671
1604.771137,0.108600
1606.699948,0.102257
1608.628760,0.094326
1610.557571,0.084931
1612.486383,0.075563
1614.415194,0.065133
1616.344005,0.053979
1618.272817,0.061669
1620.201628,0.087329
1622.130440,0.113944
1624.059251,0.134417
1625.988063,0.146059
1627.916874,0.150577
1629.845686,0.148308
1631.774497,0.139050
1633.703309,0.124273
1635.632120,0.103833
1637.560932,0.085341
1639.489743,0.070662
1641.418555,0.054210
1643.347366,0.038920
1645.276177,0.026150
1647.204989,0.015335
1649.133800,0.009701
1651.062612,0.004937
1652.991423,-0.000695
1654.920235,-0.000296
1656.849046,0.001900
1658.777858,0.002177
1660.706669,0.001479
1662.635481,0.000839
1664.564292,0.001205
1666.493104,0.001398
1668.421915,0.000157
1670.350726,-0.000104
1672.279538,0.000803
1674.208349,0.000777
1676.137161,0.001300
1678.065972,0.002668
1679.994784,0.003011
1681.923595,0.002096
1683.852407,0.000951
1685.781218,0.002187
1687.710030,0.004065
1689.638841,0.004369
1691.567653,0.004348
1693.496464,0.003333
1695.425275,0.001846
1697.354087,0.002881
1699.282898,0.002545
1701.211710,0.000989
1703.140521,0.002087
1705.069333,0.003179
1706.998144,0.004193
1708.926956,0.005752
1710.855767,0.006642
1712.784579,0.006426
1714.713390,0.005267
1716.642202,0.003987
1718.571013,0.004118
1720.499824,0.005330
1722.428636,0.005713
1724.357447,0.005287
1726.286259,0.004950
1728.215070,0.004243
1730.143882,0.003389
1732.072693,0.002115
1734.001505,0.000779
1735.930316,0.001814
1737.859128,0.002757
1739.787939,0.002477
1741.716751,0.002714
1743.645562,0.003129
1745.574373,0.002969
1747.503185,0.002489
1749.431996,0.001961
1751.360808,0.002147
1753.289619,0.002986
1755.218431,0.003225
1757.147242,0.003098
1759.076054,0.003111
1761.004865,0.002629
1762.933677,0.002421
1764.862488,0.002640
1766.791300,0.002100
1768.720111,0.001233
1770.648922,0.000395
1772.577734,0.000012
1774.506545,0.000894
1776.435357,0.001727
1778.364168,0.001770
1780.292980,0.001674
1782.221791,0.001801
1784.150603,0.001878
1786.079414,0.001926
1788.008226,0.001970
1789.937037,0.001382
1791.865849,0.000537
1793.794660,0.000800
1795.723471,0.001521
1797.652283,0.001573
1799.581094,0.001265
1801.509906,0.001316
1803.438717,0.001704
1805.367529,0.001995
1807.296340,0.002054
1809.225152,0.001886
1811.153963,0.001782
1813.082775,0.001969
1815.011586,0.002144
1816.940398,0.002131
1818.869209,0.002036
1820.798021,0.001983
1822.726832,0.001728
1824.655643,0.001343
1826.584455,0.001259
1828.513266,0.001018
1830.442078,0.000982
1832.370889,0.001676
1834.299701,0.002104
1836.228512,0.002091
1838.157324,0.002108
1840.086135,0.002092
1842.014947,0.001620
1843.943758,0.000976
1845.872570,0.001279
1847.801381,0.001955
1849.730192,0.002215
1851.659004,0.002297
1853.587815,0.002267
1855.516627,0.002152
1857.445438,0.002067
1859.374250,0.002065
1861.303061,0.001993
1863.231873,0.001799
1865.160684,0.001428
1867.089496,0.000697
1869.018307,0.000274
1870.947119,0.000632
1872.875930,0.001233
1874.804741,0.001671
1876.733553,0.001515
1878.662364,0.001056
1880.591176,0.001024
1882.519987,0.001234
1884.448799,0.001376
1886.377610,0.001443
1888.306422,0.001370
1890.235233,0.001461
1892.164045,0.001794
1894.092856,0.001928
1896.021668,0.001922
1897.950479,0.002028
1899.879290,0.002136
1901.808102,0.002149
1903.736913,0.002103
1905.665725,0.002015
1907.594536,0.001870
1909.523348,0.001762
1911.452159,0.001756
1913.380971,0.001768
1915.309782,0.001518
1917.238594,0.001004
1919.167405,0.000857
1921.096217,0.000979
1923.025028,0.000909
1924.953839,0.000916
1926.882651,0.000966
1928.811462,0.000887
1930.740274,0.000762
1932.669085,0.000604
1934.597897,0.000476
1936.526708,0.000363
1938.455520,0.000272
1940.384331,0.000121
1942.313143,-0.000078
1944.241954,-0.000055
1946.170766,0.000039
1948.099577,0.000043
1950.028388,0.000064
1951.957200,0.000048
1953.886011,0.000037
1955.814823,0.000033
1957.743634,0.000010
1959.672446,0.000016
1961.601257,0.000024
1963.530069,0.000013
1965.458880,-0.000070
1967.387692,-0.000142
1969.316503,-0.000065
1971.245315,0.000017
1973.174126,0.000023
1975.102938,-0.000013
1977.031749,-0.000051
1978.960560,-0.000009
1980.889372,0.000025
1982.818183,0.000038
1984.746995,0.000028
1986.675806,-0.000065
1988.604618,-0.000105
1990.533429,-0.000172
1992.462241,-0.000267
1994.391052,-0.000199
1996.319864,-0.000096
1998.248675,-0.000047
2000.177487,-0.000064
2002.106298,-0.000104
2004.035109,-0.000044
2005.963921,-0.000020
2007.892732,-0.000070
2009.821544,-0.000089
2011.750355,-0.000085
2013.679167,-0.000084
2015.607978,-0.000130
2017.536790,-0.000170
2019.465601,-0.000148
2021.394413,-0.000116
2023.323224,-0.000071
2025.252036,-0.000074
2027.180847,-0.000106
2029.109658,-0.000077
2031.038470,-0.000074
2032.967281,-0.000113
2034.896093,-0.000121
2036.824904,-0.000110
2038.753716,-0.000108
2040.682527,-0.000148
2042.611339,-0.000162
2044.540150,-0.000135
2046.468962,-0.000134
2048.397773,-0.000124
2050.326585,-0.000103
2052.255396,-0.000091
2054.184207,-0.000116
2056.113019,-0.000178
2058.041830,-0.000197
2059.970642,-0.000196
2061.899453,-0.000194
2063.828265,-0.000200
2065.757076,-0.000225
2067.685888,-0.000189
2069.614699,-0.000128
2071.543511,-0.000107
2073.472322,-0.000112
2075.401134,-0.000128
2077.329945,-0.000115
2079.258756,-0.000107
2081.187568,-0.000136
2083.116379,-0.000155
2085.045191,-0.000120
2086.974002,-0.000056
2088.902814,-0.000054
2090.831625,-0.000071
2092.760437,-0.000027
2094.689248,-0.000009
2096.618060,-0.000027
2098.546871,-0.000023
2100.475683,-0.000025
2102.404494,-0.000037
2104.333305,-0.000061
2106.262117,-0.000071
2108.190928,-0.000033
2110.119740,0.000000
2112.048551,0.000014
2113.977363,-0.000005
2115.906174,-0.000068
2117.834986,-0.000091
2119.763797,-0.000068
2121.692609,-0.000070
2123.621420,-0.000095
2125.550232,-0.000097
2127.479043,-0.000083
2129.407854,-0.000090
2131.336666,-0.000119
2133.265477,-0.000179
2135.194289,-0.000222
2137.123100,-0.000189
2139.051912,-0.000169
2140.980723,-0.000224
2142.909535,-0.000249
2144.838346,-0.000207
2146.767158,-0.000170
2148.695969,-0.000109
2150.624781,-0.000040
2152.553592,-0.000049
2154.482404,-0.000034
2156.411215,0.000030
2158.340026,0.000031
2160.268838,0.000000
2162.197649,0.000014
2164.126461,0.000061
2166.055272,0.000110
2167.984084,0.000152
2169.912895,0.000167
2171.841707,0.000156
2173.770518,0.000162
2175.699330,0.000172
2177.628141,0.000185
2179.556953,0.000260
2181.485764,0.000387
2183.414575,0.000480
2185.343387,0.000512
2187.272198,0.000571
2189.201010,0.000673
2191.129821,0.000789
2193.058633,0.000936
2194.987444,0.001073
2196.916256,0.001216
2198.845067,0.001369
2200.773879,0.001491
2202.702690,0.001663
2204.631502,0.001809
2206.560313,0.001857
2208.489124,0.001941
2210.417936,0.002015
2212.346747,0.001984
2214.275559,0.001887
2216.204370,0.001731
2218.133182,0.001522
2220.061993,0.001214
2221.990805,0.000811
2223.919616,0.000644
2225.848428,0.000940
2227.777239,0.001402
2229.706051,0.001778
2231.634862,0.002153
2233.563673,0.002514
2235.492485,0.002693
2237.421296,0.002677
2239.350108,0.002571
2241.278919,0.002378
2243.207731,0.002039
2245.136542,0.001592
2247.065354,0.001167
2248.994165,0.000807
2250.922977,0.000496
2252.851788,0.000262
2254.780600,0.000105
2256.709411,-0.000008
2258.638222,-0.000135
2260.567034,-0.000227
2262.495845,-0.000208
2264.424657,-0.000195
2266.353468,-0.000232
2268.282280,-0.000249
2270.211091,-0.000226
2272.139903,-0.000179
2274.068714,-0.000136
2275.997526,-0.000136
2277.926337,-0.000088
2279.855149,-0.000001
2281.783960,0.000014
2283.712771,0.000009
2285.641583,0.000073
2287.570394,0.000073
2289.499206,0.000038
2291.428017,0.000102
2293.356829,0.000157
2295.285640,0.000157
2297.214452,0.000133
2299.143263,0.000082
2301.072075,0.000039
2303.000886,-0.000015
2304.929698,-0.000106
2306.858509,-0.000208
2308.787320,0.000052
2310.716132,0.000179
2312.644943,0.000250
2314.573755,0.000374
2316.502566,0.000379
2318.431378,0.000281
2320.360189,0.000258
2322.289001,0.000286
2324.217812,0.000220
2326.146624,0.000232
2328.075435,0.000015
2330.004247,-0.000218
2331.933058,-0.000207
2333.861870,-0.000162
2335.790681,-0.000160
2337.719492,-0.000076
2339.648304,0.000056
2341.577115,0.000291
2343.505927,0.000806
2345.434738,0.001754
2347.363550,0.002950
2349.292361,0.003450
2351.221173,0.002730
2353.149984,0.001527
2355.078796,0.000592
2357.007607,0.000003
2358.936419,-0.000189
2360.865230,-0.000094
2362.794041,0.000223
2364.722853,0.000091
2366.651664,0.000159
2368.580476,0.000414
2370.509287,0.000756
2372.438099,0.001166
2374.366910,0.001669
2376.295722,0.002171
2378.224533,0.002547
2380.153345,0.002701
2382.082156,0.002627
2384.010968,0.002362
2385.939779,0.001972
2387.868590,0.001494
2389.797402,0.000939
2391.726213,0.000432
2393.655025,-0.000028
2395.583836,-0.000051
2397.512648,-0.000095
2399.441459,-0.000084
2401.370271,-0.000039
2403.299082,-0.000004
2405.227894,0.000059
2407.156705,0.000145
2409.085517,0.000114
2411.014328,0.000064
2412.943139,0.000094
2414.871951,0.000099
2416.800762,0.000107
2418.729574,0.000076
2420.658385,0.000013
2422.587197,0.000047
2424.516008,0.000089
2426.444820,0.000098
2428.373631,0.000091
2430.302443,0.000076
2432.231254,0.000115
2434.160066,0.000139
2436.088877,0.000137
2438.017688,0.000128
2439.946500,0.000087
2441.875311,0.000032
2443.804123,-0.000021
2445.732934,0.000041
2447.661746,0.000123
2449.590557,0.000055
2451.519369,0.000011
2453.448180,0.000054
2455.376992,0.000068
2457.305803,0.000089
2459.234615,0.000144
2461.163426,0.000129
2463.092237,0.000092
2465.021049,0.000155
2466.949860,0.000200
2468.878672,0.000146
2470.807483,0.000066
2472.736295,0.000080
2474.665106,0.000195
2476.593918,0.000182
2478.522729,0.000094
2480.451541,0.000124
2482.380352,0.000159
2484.309164,0.000129
2486.237975,0.000102
2488.166786,0.000072
2490.095598,0.000055
2492.024409,0.000142
2493.953221,0.000223
2495.882032,0.000153
2497.810844,0.000063
2499.739655,0.000038
2501.668467,0.000068
2503.597278,0.000134
2505.526090,0.000166
2507.454901,0.000163
2509.383713,0.000159
2511.312524,0.000160
2513.241336,0.000112
2515.170147,0.000047
2517.098958,0.000036
2519.027770,0.000028
2520.956581,0.000034
2522.885393,0.000042
2524.814204,0.000033
2526.743016,0.000040
2528.671827,0.000058
2530.600639,0.000090
2532.529450,0.000045
2534.458262,-0.000072
2536.387073,-0.000065
2538.315885,0.000056
2540.244696,0.000068
2542.173507,0.000002
2544.102319,0.000018
2546.031130,0.000025
2547.959942,0.000018
2549.888753,0.000063
2551.817565,0.000090
2553.746376,0.000095
2555.675188,0.000071
2557.603999,0.000046
2559.532811,0.000041
2561.461622,0.000010
2563.390434,-0.000010
2565.319245,-0.000020
2567.248056,-0.000014
2569.176868,0.000039
2571.105679,0.000078
2573.034491,0.000062
2574.963302,0.000018
2576.892114,-0.000013
2578.820925,-0.000001
2580.749737,0.000071
2582.678548,0.000103
2584.607360,0.000040
2586.536171,0.000023
2588.464983,0.000040
2590.393794,-0.000010
2592.322605,-0.000026
2594.251417,0.000011
2596.180228,-0.000012
2598.109040,-0.000060
2600.037851,-0.000035
2601.966663,0.000052
2603.895474,0.000096
2605.824286,0.000063
2607.753097,0.000047
2609.681909,-0.000007
2611.610720,-0.000099
2613.539532,-0.000051
2615.468343,0.000007
2617.397154,-0.000012
2619.325966,0.000033
2621.254777,0.000050
2623.183589,-0.000000
2625.112400,0.000017
2627.041212,0.000046
2628.970023,-0.000017
2630.898835,-0.000074
2632.827646,-0.000051
2634.756458,0.000007
2636.685269,0.000013
2638.614081,-0.000065
2640.542892,-0.000053
2642.471703,0.000046
2644.400515,0.000044
2646.329326,-0.000013
2648.258138,-0.000058
2650.186949,-0.000053
2652.115761,-0.000002
2654.044572,0.000003
2655.973384,0.000033
2657.902195,0.000091
2659.831007,0.000040
2661.759818,-0.000054
2663.688630,-0.000088
2665.617441,-0.000094
2667.546253,-0.000082
2669.475064,-0.000072
2671.403875,-0.000029
2673.332687,0.000098
2675.261498,0.000115
2677.190310,-0.000026
2679.119121,-0.000081
2681.047933,-0.000028
2682.976744,0.000003
2684.905556,-0.000016
2686.834367,-0.000063
2688.763179,-0.000058
2690.691990,-0.000019
2692.620802,-0.000026
2694.549613,-0.000008
2696.478424,0.000020
2698.407236,0.000025
2700.336047,0.000072
2702.264859,0.000039
2704.193670,-0.000026
2706.122482,-0.000002
2708.051293,-0.000008
2709.980105,-0.000004
2711.908916,-0.000009
2713.837728,-0.000052
2715.766539,-0.000048
2717.695351,-0.000095
2719.624162,-0.000123
2721.552973,-0.000020
2723.481785,0.000041
2725.410596,0.000018
2727.339408,0.000019
2729.268219,0.000020
2731.197031,0.000002
2733.125842,0.000013
2735.054654,0.000002
2736.983465,0.000008
2738.912277,0.000033
2740.841088,-0.000051
2742.769900,-0.000100
2744.698711,-0.000018
2746.627522,0.000046
2748.556334,0.000098
2750.485145,0.000089
2752.413957,-0.000029
2754.342768,-0.000080
2756.271580,-0.000044
2758.200391,-0.000019
2760.129203,-0.000031
2762.058014,-0.000069
2763.986826,-0.000048
2765.915637,-0.000008
2767.844449,-0.000024
2769.773260,-0.000036
2771.702071,-0.000050
2773.630883,-0.000080
2775.559694,-0.000076
2777.488506,-0.000024
2779.417317,-0.000004
2781.346129,-0.000043
2783.274940,-0.000058
2785.203752,-0.000068
2787.132563,-0.000076
2789.061375,-0.000035
2790.990186,-0.000022
2792.918998,-0.000048
2794.847809,-0.000014
2796.776620,0.000011
2798.705432,-0.000050
2800.634243,-0.000065
2802.563055,-0.000000
2804.491866,0.000058
2806.420678,0.000064
2808.349489,-0.000002
2810.278301,-0.000046
2812.207112,-0.000015
2814.135924,0.000013
2816.064735,-0.000010
2817.993547,-0.000017
2819.922358,0.000010
2821.851169,-0.000032
2823.779981,-0.000150
2825.708792,-0.000201
2827.637604,-0.000095
2829.566415,0.000002
2831.495227,-0.000057
2833.424038,-0.000116
2835.352850,-0.000094
2837.281661,-0.000057
2839.210473,-0.000065
2841.139284,-0.000056
2843.068096,0.000078
2844.996907,0.000210
2846.925719,0.000220
2848.854530,0.000182
2850.783341,0.000177
2852.712153,0.000256
2854.640964,0.000375
2856.569776,0.000484
2858.498587,0.000569
2860.427399,0.000656
2862.356210,0.000838
2864.285022,0.001083
2866.213833,0.001347
2868.142645,0.001654
2870.071456,0.001999
2872.000268,0.002385
2873.929079,0.002777
2875.857890,0.003124
2877.786702,0.003479
2879.715513,0.003896
2881.644325,0.004354
2883.573136,0.004851
2885.501948,0.005251
2887.430759,0.005431
2889.359571,0.005589
2891.288382,0.005670
2893.217194,0.005470
2895.146005,0.005191
2897.074817,0.004917
2899.003628,0.004560
2900.932439,0.004164
2902.861251,0.003661
2904.790062,0.002957
2906.718874,0.002696
2908.647685,0.003664
2910.576497,0.005311
2912.505308,0.006792
2914.434120,0.007979
2916.362931,0.008677
2918.291743,0.008763
2920.220554,0.008340
2922.149366,0.007531
2924.078177,0.006486
2926.006988,0.005161
2927.935800,0.003712
2929.864611,0.002466
2931.793423,0.001407
2933.722234,0.000626
2935.651046,0.000275
2937.579857,0.000111
2939.508669,-0.000035
2941.437480,-0.000124
2943.366292,-0.000098
2945.295103,-0.000014
2947.223915,-0.000071
2949.152726,-0.000103
2951.081537,-0.000063
2953.010349,-0.000103
2954.939160,-0.000053
2956.867972,0.000027
2958.796783,0.000008
2960.725595,-0.000054
2962.654406,-0.000106
2964.583218,-0.000072
2966.512029,-0.000071
2968.440841,-0.000144
2970.369652,-0.000106
2972.298464,0.000019
2974.227275,0.000085
2976.156086,0.000144
2978.084898,0.000171
2980.013709,0.000116
2981.942521,0.000133
2983.871332,0.000151
2985.800144,0.000118
2987.728955,0.000155
2989.657767,0.000159
2991.586578,0.000142
2993.515390,0.000180
2995.444201,0.000166
2997.373013,0.000142
2999.301824,0.000224
3001.230635,0.000275
3003.159447,0.000166
3005.088258,0.000133
3007.017070,0.000234
3008.945881,0.000202
3010.874693,0.000096
3012.803504,0.000089
3014.732316,0.000103
3016.661127,0.000091
3018.589939,0.000080
3020.518750,0.000122
3022.447562,0.000186
3024.376373,0.000117
3026.305185,0.000034
3028.233996,0.000093
3030.162807,0.000105
3032.091619,0.000078
3034.020430,0.000103
3035.949242,0.000089
3037.878053,0.000111
3039.806865,0.000166
3041.735676,0.000147
3043.664488,0.000140
3045.593299,0.000165
3047.522111,0.000110
3049.450922,-0.000009
3051.379734,-0.000037
3053.308545,-0.000012
3055.237356,-0.000031
3057.166168,0.000011
3059.094979,0.000043
3061.023791,0.000025
3062.952602,0.000106
3064.881414,0.000180
3066.810225,0.000099
3068.739037,0.000002
3070.667848,0.000009
3072.596660,0.000028
3074.525471,0.000017
3076.454283,0.000043
3078.383094,0.000071
3080.311905,0.000072
3082.240717,0.000024
3084.169528,-0.000026
3086.098340,0.000072
3088.027151,0.000205
3089.955963,0.000183
3091.884774,0.000119
3093.813586,0.000114
3095.742397,0.000041
3097.671209,-0.000004
3099.600020,0.000069
3101.528832,0.000030
3103.457643,-0.000060
3105.386454,0.000022
3107.315266,0.000189
3109.244077,0.000261
3111.172889,0.000184
3113.101700,0.000085
3115.030512,0.000064
3116.959323,0.000102
3118.888135,0.000162
3120.816946,0.000224
3122.745758,0.000269
3124.674569,0.000219
3126.603381,0.000137
3128.532192,0.000130
3130.461003,0.000115
3132.389815,0.000088
3134.318626,0.000117
3136.247438,0.000120
3138.176249,0.000063
3140.105061,0.000015
3142.033872,0.000056
3143.962684,0.000106
3145.891495,0.000062
3147.820307,0.000059
3149.749118,0.000120
3151.677930,0.000171
3153.606741,0.000154
3155.535552,0.000003
3157.464364,-0.000062
3159.393175,-0.000010
3161.321987,-0.000008
3163.250798,0.000026
3165.179610,0.000101
3167.108421,0.000158
3169.037233,0.000112
3170.966044,0.000004
3172.894856,0.000025
3174.823667,0.000048
3176.752479,-0.000025
3178.681290,-0.000019
3180.610102,0.000026
3182.538913,-0.000005
3184.467724,-0.000030
3186.396536,-0.000065
3188.325347,-0.000143
3190.254159,-0.000060
3192.182970,0.000161
3194.111782,0.000232
3196.040593,0.000214
3197.969405,0.000205
3199.898216,0.000065
3201.827028,0.000006
3203.755839,0.000116
3205.684651,0.000063
3207.613462,-0.000061
3209.542273,-0.000068
3211.471085,-0.000098
3213.399896,-0.000124
3215.328708,-0.000050
3217.257519,-0.000072
3219.186331,-0.000252
3221.115142,-0.000287
3223.043954,-0.000207
3224.972765,-0.000203
3226.901577,-0.000170
3228.830388,-0.000090
3230.759200,0.000009
3232.688011,0.000031
3234.616822,-0.000055
3236.545634,-0.000066
3238.474445,-0.000006
3240.403257,0.000042
3242.332068,0.000063
3244.260880,0.000096
3246.189691,0.000153
3248.118503,0.000140
3250.047314,0.000007
3251.976126,-0.000172
3253.904937,-0.000204
3255.833749,-0.000157
3257.762560,-0.000175
3259.691371,-0.000142
3261.620183,-0.000128
3263.548994,-0.000121
3265.477806,-0.000015
3267.406617,0.000020
3269.335429,0.000025
3271.264240,0.000154
3273.193052,0.000172
3275.121863,-0.000009
3277.050675,-0.000102
3278.979486,-0.000052
3280.908298,0.000018
3282.837109,-0.000005
3284.765920,-0.000071
3286.694732,0.000021
3288.623543,0.000026
3290.552355,-0.000063
3292.481166,0.000023
3294.409978,0.000003
3296.338789,-0.000118
3298.267601,-0.000128
3300.196412,-0.000144
3302.125224,-0.000092
3304.054035,-0.000012
3305.982847,-0.000108
3307.911658,-0.000183
3309.840469,-0.000106
3311.769281,-0.000104
3313.698092,-0.000127
3315.626904,-0.000063
3317.555715,-0.000114
3319.484527,-0.000245
3321.413338,-0.000212
3323.342150,-0.000140
3325.270961,-0.000155
3327.199773,-0.000057
3329.128584,0.000043
3331.057396,-0.000062
3332.986207,-0.000174
3334.915018,-0.000217
3336.843830,-0.000208
3338.772641,-0.000166
3340.701453,-0.000256
3342.630264,-0.000239
3344.559076,0.000005
3346.487887,0.000049
3348.416699,0.000015
3350.345510,0.000152
3352.274322,0.000133
3354.203133,-0.000025
3356.131945,-0.000130
3358.060756,-0.000255
3359.989568,-0.000278
3361.918379,-0.000147
3363.847190,-0.000080
3365.776002,-0.000076
3367.704813,-0.000070
3369.633625,-0.000138
3371.562436,-0.000125
3373.491248,0.000036
3375.420059,0.000153
3377.348871,0.000166
3379.277682,0.000090
3381.206494,0.000024
3383.135305,0.000148
3385.064117,0.000249
3386.992928,0.000080
3388.921739,0.000107
3390.850551,0.000377
3392.779362,0.000308
3394.708174,0.000138
3396.636985,0.000177
3398.565797,0.000157
3400.494608,0.000072
3402.423420,0.000021
3404.352231,0.000046
3406.281043,0.000152
3408.209854,0.000263
3410.138666,0.000219
3412.067477,0.000004
3413.996288,-0.000116
3415.925100,-0.000033
3417.853911,0.000115
3419.782723,0.000195
3421.711534,0.000046
3423.640346,-0.000187
3425.569157,-0.000184
3427.497969,-0.000197
3429.426780,-0.000308
3431.355592,-0.000232
3433.284403,-0.000055
3435.213215,0.000045
3437.142026,-0.000088
3439.070837,-0.000119
3440.999649,0.000180
3442.928460,0.000130
3444.857272,-0.000096
3446.786083,0.000029
3448.714895,0.000060
3450.643706,-0.000030
3452.572518,-0.000049
3454.501329,-0.000091
3456.430141,-0.000019
3458.358952,0.000046
3460.287764,0.000087
3462.216575,0.000263
3464.145386,0.000243
3466.074198,0.000010
3468.003009,0.000086
3469.931821,0.000352
3471.860632,0.000276
3473.789444,0.000114
3475.718255,0.000135
3477.647067,0.000027
3479.575878,-0.000092
3481.504690,-0.000102
3483.433501,-0.000167
3485.362313,-0.000155
3487.291124,0.000057
3489.219935,0.000203
3491.148747,0.000015
3493.077558,-0.000121
3495.006370,-0.000007
3496.935181,-0.000013
3498.863993,-0.000054
3500.792804,-0.000042
3502.721616,-0.000086
3504.650427,-0.000041
3506.579239,0.000111
3508.508050,0.000288
3510.436862,0.000309
3512.365673,0.000063
3514.294484,-0.000058
3516.223296,0.000026
3518.152107,0.000064
3520.080919,0.000127
3522.009730,0.000176
3523.938542,0.000252
3525.867353,0.000399
3527.796165,0.000369
3529.724976,0.000203
3531.653788,0.000125
3533.582599,0.000243
3535.511411,0.000347
3537.440222,0.000321
3539.369034,0.000460
3541.297845,0.000560
3543.226656,0.000413
3545.155468,0.000171
3547.084279,0.000012
3549.013091,0.000296
3550.941902,0.000558
3552.870714,0.000405
3554.799525,0.000534
3556.728337,0.000900
3558.657148,0.000991
3560.585960,0.000878
3562.514771,0.000792
3564.443583,0.000944
3566.372394,0.000943
3568.301205,0.000745
3570.230017,0.001141
3572.158828,0.001715
3574.087640,0.001832
3576.016451,0.001901
3577.945263,0.001998
3579.874074,0.001879
3581.802886,0.001542
3583.731697,0.001218
3585.660509,0.001186
3587.589320,0.001226
3589.518132,0.001278
3591.446943,0.001354
3593.375754,0.001178
3595.304566,0.000954
3597.233377,0.001078
3599.162189,0.001568
3601.091000,0.002031
3603.019812,0.002093
3604.948623,0.001948
3606.877435,0.001731
3608.806246,0.001301
3610.735058,0.001053
3612.663869,0.000923
3614.592681,0.000730
3616.521492,0.001017
3618.450303,0.001045
3620.379115,0.000710
3622.307926,0.000854
3624.236738,0.001006
3626.165549,0.001256
3628.094361,0.000842
3630.023172,-0.000156
3631.951984,0.000364
3633.880795,0.001207
3635.809607,0.001391
3637.738418,0.001572
3639.667230,0.001566
3641.596041,0.001342
3643.524852,0.001128
3645.453664,0.000865
3647.382475,0.000462
3649.311287,-0.000309
3651.240098,-0.000748
3653.168910,0.000350
3655.097721,0.001372
3657.026533,0.001137
3658.955344,0.001386
3660.884156,0.001982
3662.812967,0.001966
3664.741779,0.001617
3666.670590,0.001545
3668.599401,0.001272
3670.528213,-0.000201
3672.457024,-0.000382
3674.385836,0.000416
3676.314647,-0.000142
3678.243459,0.000118
3680.172270,0.001071
3682.101082,0.001274
3684.029893,0.001418
3685.958705,0.001709
3687.887516,0.001471
3689.816328,0.000575
3691.745139,0.000545
3693.673951,0.001452
3695.602762,0.001847
3697.531573,0.001702
3699.460385,0.001700
3701.389196,0.001552
3703.318008,0.001258
3705.246819,0.001394
3707.175631,0.001329
3709.104442,0.001056
3711.033254,0.000852
3712.962065,0.000518
3714.890877,0.000955
3716.819688,0.001575
3718.748500,0.001551
3720.677311,0.001296
3722.606122,0.001133
3724.534934,0.001156
3726.463745,0.000892
3728.392557,0.000689
3730.321368,0.000703
3732.250180,0.000171
3734.178991,-0.000356
3736.107803,-0.000389
3738.036614,-0.000464
3739.965426,-0.000265
3741.894237,0.000555
3743.823049,0.000054
3745.751860,-0.001601
3747.680671,-0.001023
3749.609483,-0.000277
3751.538294,-0.000929
3753.467106,-0.000706
3755.395917,0.000094
3757.324729,0.000822
3759.253540,0.001109
3761.182352,0.001014
3763.111163,0.001227
3765.039975,0.001195
3766.968786,0.001207
3768.897598,0.001358
3770.826409,0.001234
3772.755220,0.001429
3774.684032,0.001667
3776.612843,0.001763
3778.541655,0.001636
3780.470466,0.001178
3782.399278,0.001238
3784.328089,0.001593
3786.256901,0.001689
3788.185712,0.001972
3790.114524,0.002058
3792.043335,0.001710
3793.972147,0.001552
3795.900958,0.000855
3797.829769,0.000431
3799.758581,0.000971
3801.687392,0.000122
3803.616204,-0.000113
3805.545015,0.000985
3807.473827,0.000672
3809.402638,0.000468
3811.331450,0.000929
3813.260261,0.001423
3815.189073,0.001085
3817.117884,-0.000173
3819.046696,0.000319
3820.975507,0.000405
3822.904318,-0.000346
3824.833130,0.000442
3826.761941,0.000587
3828.690753,0.000344
3830.619564,0.000625
3832.548376,0.000263
3834.477187,0.000334
3836.405999,0.000611
3838.334810,-0.000288
3840.263622,-0.000630
3842.192433,0.000160
3844.121245,0.000630
3846.050056,0.000698
3847.978867,0.000390
3849.907679,0.000285
3851.836490,0.000653
3853.765302,-0.000558
3855.694113,-0.001573
3857.622925,-0.000437
3859.551736,0.000422
3861.480548,0.000603
3863.409359,0.000405
3865.338171,-0.000220
3867.266982,0.000187
3869.195794,0.000385
3871.124605,-0.000351
3873.053417,-0.000140
3874.982228,-0.000059
3876.911039,0.000023
3878.839851,0.000497
3880.768662,-0.000077
3882.697474,-0.000043
3884.626285,0.000281
3886.555097,-0.000494
3888.483908,-0.000100
3890.412720,0.000681
3892.341531,0.000195
3894.270343,-0.000094
3896.199154,0.000184
3898.127966,0.000083
3900.056777,-0.000365
3901.985588,-0.000409
3903.914400,-0.000326
3905.843211,-0.000418
3907.772023,-0.000072
3909.700834,0.000350
3911.629646,0.000451
3913.558457,0.000534
3915.487269,0.000549
3917.416080,0.000501
3919.344892,0.000436
3921.273703,0.000498
3923.202515,0.000612
3925.131326,0.000279
3927.060137,-0.000029
3928.988949,0.000157
3930.917760,0.000274
3932.846572,0.000222
3934.775383,0.000314
3936.704195,0.000320
3938.633006,0.000212
3940.561818,0.000262
3942.490629,0.000169
3944.419441,0.000037
3946.348252,0.000178
3948.277064,0.000119
3950.205875,-0.000008
3952.134686,0.000081
3954.063498,0.000125
3955.992309,0.000202
3957.921121,0.000290
3959.849932,0.000230
3961.778744,0.000027
3963.707555,-0.000052
3965.636367,0.000131
3967.565178,0.000238
3969.493990,0.000111
3971.422801,-0.000062
3973.351613,-0.000055
3975.280424,0.000033
3977.209235,0.000032
3979.138047,0.000105
3981.066858,0.000061
3982.995670,-0.000101
3984.924481,-0.000011
3986.853293,0.000077
3988.782104,-0.000039
3990.710916,-0.000182
3992.639727,-0.000149
3994.568539,0.000096
3996.497350,0.000149
3998.426162,-0.000001
4000.354973,-0.000002
