898.826141,0.004266
900.754953,0.002448
902.683764,0.000319
904.612576,-0.001407
906.541387,-0.000778
908.470199,-0.000454
910.399010,-0.000616
912.327822,-0.000055
914.256633,-0.000610
916.185445,-0.001250
918.114256,-0.000248
920.043068,0.000750
921.971879,0.001139
923.900690,0.001735
925.829502,0.001527
927.758313,0.000914
929.687125,-0.000396
931.615936,-0.000629
933.544748,-0.000205
935.473559,-0.000667
937.402371,-0.000828
939.331182,-0.000223
941.259994,0.000206
943.188805,0.000167
945.117617,-0.000115
947.046428,-0.000467
948.975240,-0.000803
950.904051,-0.000654
952.832862,-0.000245
954.761674,0.000008
956.690485,0.000130
958.619297,0.000145
960.548108,0.000337
962.476920,0.000810
964.405731,0.001031
966.334543,0.000902
968.263354,0.000422
970.192166,0.000046
972.120977,-0.000376
974.049789,-0.000766
975.978600,-0.000620
977.907411,-0.000161
979.836223,0.000156
981.765034,0.000064
983.693846,-0.000284
985.622657,-0.000496
987.551469,-0.000470
989.480280,-0.000145
991.409092,-0.000057
993.337903,-0.000377
995.266715,-0.000262
997.195526,-0.000069
999.124338,-0.000410
1001.053149,-0.000686
1002.981960,-0.000620
1004.910772,-0.000379
1006.839583,-0.000204
1008.768395,-0.000211
1010.697206,-0.000086
1012.626018,0.000039
1014.554829,-0.000050
1016.483641,-0.000046
1018.412452,-0.000022
1020.341264,0.000020
1022.270075,0.000162
1024.198887,0.000124
1026.127698,-0.000116
1028.056509,-0.000277
1029.985321,-0.000416
1031.914132,-0.000406
1033.842944,-0.000365
1035.771755,-0.000433
1037.700567,-0.000387
1039.629378,-0.000458
1041.558190,-0.000663
1043.487001,-0.000584
1045.415813,-0.000429
1047.344624,-0.000328
1049.273436,-0.000165
1051.202247,-0.000187
1053.131058,-0.000290
1055.059870,-0.000222
1056.988681,-0.000108
1058.917493,-0.000097
1060.846304,-0.000215
1062.775116,-0.000286
1064.703927,-0.000329
1066.632739,-0.000269
1068.561550,-0.000201
1070.490362,-0.000344
1072.419173,-0.000396
1074.347985,-0.000252
1076.276796,-0.000254
1078.205607,-0.000502
1080.134419,-0.000630
1082.063230,-0.000351
1083.992042,-0.000079
1085.920853,-0.000144
1087.849665,-0.000231
1089.778476,-0.000075
1091.707288,0.000073
1093.636099,-0.000004
1095.564911,-0.000064
1097.493722,-0.000025
1099.422534,-0.000015
1101.351345,-0.000076
1103.280156,-0.000101
1105.208968,0.000032
1107.137779,0.000113
1109.066591,0.000080
1110.995402,0.000096
1112.924214,0.000127
1114.853025,0.000094
1116.781837,0.000000
1118.710648,0.000040
1120.639460,0.000147
1122.568271,0.000071
1124.497083,0.000058
1126.425894,0.000163
1128.354706,0.000147
1130.283517,0.000128
1132.212328,0.000053
1134.141140,-0.000041
1136.069951,0.000054
1137.998763,0.000061
1139.927574,-0.000045
1141.856386,-0.000105
1143.785197,-0.000156
1145.714009,-0.000025
1147.642820,0.000097
1149.571632,0.000120
1151.500443,0.000227
1153.429255,0.000145
1155.358066,-0.000030
1157.286877,-0.000027
1159.215689,-0.000031
1161.144500,0.000029
1163.073312,0.000181
1165.002123,0.000155
1166.930935,0.000118
1168.859746,0.000218
1170.788558,0.000126
1172.717369,0.000016
1174.646181,0.000142
1176.574992,0.000151
1178.503804,0.000093
1180.432615,0.000088
1182.361426,-0.000014
1184.290238,-0.000034
1186.219049,-0.000009
1188.147861,-0.000017
1190.076672,0.000005
1192.005484,-0.000038
1193.934295,-0.000109
1195.863107,-0.000111
1197.791918,-0.000083
1199.720730,-0.000058
1201.649541,0.000002
1203.578353,0.000033
1205.507164,-0.000025
1207.435975,-0.000062
1209.364787,-0.000106
1211.293598,-0.000116
1213.222410,-0.000114
1215.151221,-0.000153
1217.080033,0.000004
1219.008844,0.000194
1220.937656,0.000259
1222.866467,0.000304
1224.795279,0.000267
1226.724090,0.000301
1228.652902,0.000525
1230.581713,0.000827
1232.510524,0.001130
1234.439336,0.001414
1236.368147,0.001805
1238.296959,0.002311
1240.225770,0.002844
1242.154582,0.003576
1244.083393,0.004583
1246.012205,0.005707
1247.941016,0.006981
1249.869828,0.008358
1251.798639,0.009411
1253.727451,0.009605
1255.656262,0.009114
1257.585073,0.008788
1259.513885,0.009142
1261.442696,0.010347
1263.371508,0.011061
1265.300319,0.010013
1267.229131,0.009206
1269.157942,0.009840
1271.086754,0.010329
1273.015565,0.009766
1274.944377,0.008406
1276.873188,0.006893
1278.802000,0.005695
1280.730811,0.004784
1282.659622,0.003988
1284.588434,0.003165
1286.517245,0.002504
1288.446057,0.002180
1290.374868,0.002002
1292.303680,0.001810
1294.232491,0.001644
1296.161303,0.001503
1298.090114,0.001300
1300.018926,0.001046
1301.947737,0.000916
1303.876549,0.000871
1305.805360,0.000719
1307.734172,0.000439
1309.662983,0.000135
1311.591794,-0.000244
1313.520606,-0.000276
1315.449417,-0.000155
1317.378229,-0.000101
1319.307040,0.000112
1321.235852,0.000353
1323.164663,0.000175
1325.093475,-0.000143
1327.022286,0.000168
1328.951098,0.000537
1330.879909,0.000518
1332.808721,0.000474
1334.737532,0.000153
1336.666343,-0.000227
1338.595155,-0.000301
1340.523966,-0.000209
1342.452778,0.000049
1344.381589,0.000320
1346.310401,0.000296
1348.239212,0.000020
1350.168024,-0.000030
1352.096835,0.000092
1354.025647,0.000224
1355.954458,0.000287
1357.883270,0.000303
1359.812081,-0.000037
1361.740892,-0.000378
1363.669704,-0.000108
1365.598515,0.000142
1367.527327,0.000123
1369.456138,0.000370
1371.384950,0.000341
1373.313761,-0.000022
1375.242573,0.000010
1377.171384,0.000184
1379.100196,0.000218
1381.029007,0.000294
1382.957819,0.000269
1384.886630,-0.000079
1386.815441,-0.000384
1388.744253,-0.000008
1390.673064,0.000385
1392.601876,-0.000142
1394.530687,-0.000600
1396.459499,-0.000339
1398.388310,-0.000127
1400.317122,0.000478
1402.245933,0.000875
1404.174745,0.000480
1406.103556,0.000559
1408.032368,0.000929
1409.961179,0.000958
1411.889990,0.000929
1413.818802,0.001012
1415.747613,0.000833
1417.676425,-0.000075
1419.605236,-0.000107
1421.534048,0.000869
1423.462859,0.001053
1425.391671,0.001099
1427.320482,0.001136
1429.249294,0.000898
1431.178105,0.001148
1433.106917,0.001020
1435.035728,-0.000140
1436.964539,-0.000351
1438.893351,0.000803
1440.822162,0.001211
1442.750974,0.001179
1444.679785,0.001131
1446.608597,0.000660
1448.537408,0.000531
1450.466220,0.000773
1452.395031,0.000454
1454.323843,-0.000968
1456.252654,-0.002711
1458.181466,-0.001837
1460.110277,0.000253
1462.039089,0.000740
1463.967900,0.000154
1465.896711,0.000230
1467.825523,0.000865
1469.754334,0.000132
1471.683146,-0.001359
1473.611957,-0.001168
1475.540769,-0.000125
1477.469580,0.000647
1479.398392,0.001026
1481.327203,0.000929
1483.256015,0.000863
1485.184826,0.000545
1487.113638,-0.000271
1489.042449,-0.000879
1490.971260,-0.000303
1492.900072,0.000601
1494.828883,0.000025
1496.757695,-0.000781
1498.686506,-0.000096
1500.615318,0.000732
1502.544129,0.000634
1504.472941,-0.001341
1506.401752,-0.003408
1508.330564,-0.001649
1510.259375,0.000210
1512.188187,0.000756
1514.116998,0.000692
1516.045809,-0.000081
1517.974621,-0.000476
1519.903432,-0.000902
1521.832244,-0.001034
1523.761055,0.000191
1525.689867,0.000957
1527.618678,0.001491
1529.547490,0.002182
1531.476301,0.001673
1533.405113,0.001048
1535.333924,0.001845
1537.262736,0.001266
1539.191547,-0.001168
1541.120358,-0.000963
1543.049170,0.000932
1544.977981,0.002422
1546.906793,0.003660
1548.835604,0.003977
1550.764416,0.004088
1552.693227,0.004151
1554.622039,0.004050
1556.550850,0.003160
1558.479662,0.002189
1560.408473,0.006286
1562.337285,0.011111
1564.266096,0.013901
1566.194907,0.016895
1568.123719,0.020021
1570.052530,0.024937
1571.981342,0.032133
1573.910153,0.038496
1575.838965,0.046999
1577.767776,0.060001
1579.696588,0.073634
1581.625399,0.088266
1583.554211,0.104623
1585.483022,0.122781
1587.411834,0.142399
1589.340645,0.163076
1591.269456,0.184248
1593.198268,0.203399
1595.127079,0.218917
1597.055891,0.229511
1598.984702,0.235261
1600.913514,0.235596
1602.842325,0.231059
1604.771137,0.223715
1606.699948,0.212254
1608.628760,0.197595
1610.557571,0.179046
1612.486383,0.159107
1614.415194,0.137224
1616.344005,0.115723
1618.272817,0.132139
1620.201628,0.186062
1622.130440,0.242978
1624.059251,0.285439
1625.988063,0.309570
1627.916874,0.319923
1629.845686,0.315924
1631.774497,0.295706
1633.703309,0.264829
1635.632120,0.223631
1637.560932,0.183791
1639.489743,0.150920
1641.418555,0.117418
1643.347366,0.087337
1645.276177,0.061817
1647.204989,0.039563
1649.133800,0.026072
1651.062612,0.016069
1652.991423,0.006710
1654.920235,0.005411
1656.849046,0.006540
1658.777858,0.005821
1660.706669,0.004599
1662.635481,0.003829
1664.564292,0.004119
1666.493104,0.003950
1668.421915,0.002457
1670.350726,0.002311
1672.279538,0.002992
1674.208349,0.002550
1676.137161,0.002779
1678.065972,0.003783
1679.994784,0.003656
1681.923595,0.002078
1683.852407,0.000519
1685.781218,0.001738
1687.710030,0.003052
1689.638841,0.002657
1691.567653,0.002270
1693.496464,0.000771
1695.425275,-0.000790
1697.354087,0.000314
1699.282898,-0.000250
1701.211710,-0.001509
1703.140521,-0.000551
1705.069333,0.000086
1706.998144,0.001400
1708.926956,0.002928
1710.855767,0.002967
1712.784579,0.002321
1714.713390,0.001340
1716.642202,0.000323
1718.571013,0.000796
1720.499824,0.002150
1722.428636,0.002540
1724.357447,0.002583
1726.286259,0.003027
1728.215070,0.003119
1730.143882,0.003082
1732.072693,0.002431
1734.001505,0.002260
1735.930316,0.004612
1737.859128,0.006056
1739.787939,0.006320
1741.716751,0.007148
1743.645562,0.007600
1745.574373,0.007395
1747.503185,0.006853
1749.431996,0.006099
1751.360808,0.006382
1753.289619,0.007411
1755.218431,0.007351
1757.147242,0.006862
1759.076054,0.006515
1761.004865,0.005175
1762.933677,0.003963
1764.862488,0.003255
1766.791300,0.001773
1768.720111,0.000255
1770.648922,-0.001184
1772.577734,-0.001805
1774.506545,-0.000770
1776.435357,-0.000115
1778.364168,-0.000294
1780.292980,-0.000314
1782.221791,-0.000065
1784.150603,0.000024
1786.079414,0.000283
1788.008226,0.000661
1789.937037,0.000099
1791.865849,-0.000770
1793.794660,-0.000537
1795.723471,0.000005
1797.652283,-0.000007
1799.581094,-0.000447
1801.509906,-0.000523
1803.438717,0.000114
1805.367529,0.000647
1807.296340,0.000677
1809.225152,0.000419
1811.153963,0.000282
1813.082775,0.000432
1815.011586,0.000482
1816.940398,0.000379
1818.869209,0.000341
1820.798021,0.000315
1822.726832,-0.000075
1824.655643,-0.000508
1826.584455,-0.000490
1828.513266,-0.000701
1830.442078,-0.000700
1832.370889,0.000026
1834.299701,0.000417
1836.228512,0.000349
1838.157324,0.000353
1840.086135,0.000373
1842.014947,-0.000227
1843.943758,-0.000950
1845.872570,-0.000422
1847.801381,0.000383
1849.730192,0.000647
1851.659004,0.000744
1853.587815,0.000700
1855.516627,0.000612
1857.445438,0.000496
1859.374250,0.000470
1861.303061,0.000515
1863.231873,0.000376
1865.160684,0.000066
1867.089496,-0.000559
1869.018307,-0.000964
1870.947119,-0.000548
1872.875930,0.000080
1874.804741,0.000495
1876.733553,0.000441
1878.662364,0.000131
1880.591176,0.000183
1882.519987,0.000376
1884.448799,0.000450
1886.377610,0.000449
1888.306422,0.000369
1890.235233,0.000481
1892.164045,0.000704
1894.092856,0.000804
1896.021668,0.000930
1897.950479,0.001071
1899.879290,0.001133
1901.808102,0.001173
1903.736913,0.001276
1905.665725,0.001310
1907.594536,0.001155
1909.523348,0.001068
1911.452159,0.001172
1913.380971,0.001290
1915.309782,0.001023
1917.238594,0.000492
1919.167405,0.000493
1921.096217,0.000620
1923.025028,0.000423
1924.953839,0.000527
1926.882651,0.000736
1928.811462,0.000675
1930.740274,0.000523
1932.669085,0.000405
1934.597897,0.000401
1936.526708,0.000430
1938.455520,0.000412
1940.384331,0.000168
1942.313143,-0.000149
1944.241954,-0.000047
1946.170766,0.000133
1948.099577,0.000131
1950.028388,0.000219
1951.957200,0.000269
1953.886011,0.000201
1955.814823,0.000199
1957.743634,0.000232
1959.672446,0.000229
1961.601257,0.000248
1963.530069,0.000224
1965.458880,0.000093
1967.387692,0.000021
1969.316503,0.000148
1971.245315,0.000325
1973.174126,0.000349
1975.102938,0.000331
1977.031749,0.000356
1978.960560,0.000332
1980.889372,0.000376
1982.818183,0.000393
1984.746995,0.000241
1986.675806,0.000160
1988.604618,0.000110
1990.533429,0.000011
1992.462241,0.000077
1994.391052,0.000266
1996.319864,0.000355
1998.248675,0.000304
2000.177487,0.000283
2002.106298,0.000332
2004.035109,0.000364
2005.963921,0.000424
2007.892732,0.000419
2009.821544,0.000311
2011.750355,0.000273
2013.679167,0.000246
2015.607978,0.000166
2017.536790,0.000190
2019.465601,0.000313
2021.394413,0.000380
2023.323224,0.000377
2025.252036,0.000406
2027.180847,0.000440
2029.109658,0.000372
2031.038470,0.000313
2032.967281,0.000281
2034.896093,0.000199
2036.824904,0.000227
2038.753716,0.000277
2040.682527,0.000214
2042.611339,0.000221
2044.540150,0.000308
2046.468962,0.000348
2048.397773,0.000271
2050.326585,0.000208
2052.255396,0.000298
2054.184207,0.000347
2056.113019,0.000309
2058.041830,0.000275
2059.970642,0.000266
2061.899453,0.000286
2063.828265,0.000194
2065.757076,0.000108
2067.685888,0.000187
2069.614699,0.000236
2071.543511,0.000240
2073.472322,0.000233
2075.401134,0.000123
2077.329945,0.000083
2079.258756,0.000207
2081.187568,0.000253
2083.116379,0.000200
2085.045191,0.000261
2086.974002,0.000259
2088.902814,0.000108
2090.831625,0.000099
2092.760437,0.000124
2094.689248,0.000048
2096.618060,0.000002
2098.546871,-0.000014
2100.475683,0.000064
2102.404494,0.000177
2104.333305,0.000255
2106.262117,0.000256
2108.190928,0.000098
2110.119740,0.000067
2112.048551,0.000161
2113.977363,0.000133
2115.906174,0.000157
2117.834986,0.000253
2119.763797,0.000280
2121.692609,0.000240
2123.621420,0.000183
2125.550232,0.000153
2127.479043,0.000129
2129.407854,0.000134
2131.336666,0.000100
2133.265477,0.000013
2135.194289,0.000015
2137.123100,0.000039
2139.051912,0.000017
2140.980723,-0.000039
2142.909535,-0.000085
2144.838346,-0.000059
2146.767158,-0.000110
2148.695969,-0.000119
2150.624781,0.000065
2152.553592,0.000124
2154.482404,0.000071
2156.411215,0.000155
2158.340026,0.000233
2160.268838,0.000240
2162.197649,0.000269
2164.126461,0.000265
2166.055272,0.000257
2167.984084,0.000319
2169.912895,0.000411
2171.841707,0.000467
2173.770518,0.000408
2175.699330,0.000390
2177.628141,0.000477
2179.556953,0.000502
2181.485764,0.000607
2183.414575,0.000708
2185.343387,0.000654
2187.272198,0.000724
2189.201010,0.000893
2191.129821,0.001059
2193.058633,0.001260
2194.987444,0.001387
2196.916256,0.001546
2198.845067,0.001812
2200.773879,0.001978
2202.702690,0.002071
2204.631502,0.002119
2206.560313,0.002074
2208.489124,0.002170
2210.417936,0.002313
2212.346747,0.002313
2214.275559,0.002272
2216.204370,0.002082
2218.133182,0.001801
2220.061993,0.001472
2221.990805,0.001052
2223.919616,0.000951
2225.848428,0.001294
2227.777239,0.001801
2229.706051,0.002274
2231.634862,0.002628
2233.563673,0.003007
2235.492485,0.003252
2237.421296,0.003111
2239.350108,0.002960
2241.278919,0.002883
2243.207731,0.002575
2245.136542,0.002170
2247.065354,0.001719
2248.994165,0.001262
2250.922977,0.000972
2252.851788,0.000733
2254.780600,0.000498
2256.709411,0.000343
2258.638222,0.000267
2260.567034,0.000218
2262.495845,0.000179
2264.424657,0.000192
2266.353468,0.000187
2268.282280,0.000222
2270.211091,0.000299
2272.139903,0.000255
2274.068714,0.000189
2275.997526,0.000169
2277.926337,0.000159
2279.855149,0.000185
2281.783960,0.000188
2283.712771,0.000211
2285.641583,0.000248
2287.570394,0.000182
2289.499206,0.000121
2291.428017,0.000063
2293.356829,-0.000069
2295.285640,-0.000136
2297.214452,-0.000171
2299.143263,-0.000260
2301.072075,-0.000339
2303.000886,-0.000409
2304.929698,-0.000541
2306.858509,-0.000857
2308.787320,-0.000872
2310.716132,-0.000795
2312.644943,-0.000663
2314.573755,-0.000566
2316.502566,-0.000508
2318.431378,-0.000561
2320.360189,-0.000675
2322.289001,-0.000643
2324.217812,-0.000547
2326.146624,-0.000452
2328.075435,-0.000324
2330.004247,-0.000385
2331.933058,-0.000438
2333.861870,-0.000180
2335.790681,0.000226
2337.719492,0.000611
2339.648304,0.000969
2341.577115,0.001530
2343.505927,0.002334
2345.434738,0.003603
2347.363550,0.005367
2349.292361,0.006152
2351.221173,0.005242
2353.149984,0.003958
2355.078796,0.003278
2357.007607,0.001970
2358.936419,0.001074
2360.865230,0.000478
2362.794041,-0.000019
2364.722853,-0.000361
2366.651664,-0.000506
2368.580476,-0.000581
2370.509287,-0.000534
2372.438099,-0.000121
2374.366910,0.000430
2376.295722,0.000750
2378.224533,0.000993
2380.153345,0.001174
2382.082156,0.001043
2384.010968,0.000667
2385.939779,0.000173
2387.868590,0.000203
2389.797402,0.000137
2391.726213,0.000092
2393.655025,0.000076
2395.583836,0.000009
2397.512648,-0.000001
2399.441459,0.000018
2401.370271,0.000022
2403.299082,0.000114
2405.227894,0.000199
2407.156705,0.000208
2409.085517,0.000104
2411.014328,0.000018
2412.943139,0.000157
2414.871951,0.000233
2416.800762,0.000158
2418.729574,0.000132
2420.658385,0.000053
2422.587197,0.000010
2424.516008,0.000124
2426.444820,0.000201
2428.373631,0.000156
2430.302443,0.000055
2432.231254,-0.000002
2434.160066,0.000058
2436.088877,0.000131
2438.017688,0.000148
2439.946500,0.000160
2441.875311,0.000146
2443.804123,0.000134
2445.732934,0.000135
2447.661746,0.000102
2449.590557,0.000147
2451.519369,0.000162
2453.448180,-0.000009
2455.376992,-0.000115
2457.305803,-0.000078
2459.234615,0.000001
2461.163426,0.000132
2463.092237,0.000238
2465.021049,0.000268
2466.949860,0.000225
2468.878672,0.000172
2470.807483,0.000140
2472.736295,0.000066
2474.665106,0.000080
2476.593918,0.000216
2478.522729,0.000230
2480.451541,0.000167
2482.380352,0.000222
2484.309164,0.000267
2486.237975,0.000184
2488.166786,0.000142
2490.095598,0.000246
2492.024409,0.000341
2493.953221,0.000294
2495.882032,0.000324
2497.810844,0.000468
2499.739655,0.000439
2501.668467,0.000325
2503.597278,0.000265
2505.526090,0.000199
2507.454901,0.000188
2509.383713,0.000195
2511.312524,0.000167
2513.241336,0.000086
2515.170147,0.000021
2517.098958,0.000096
2519.027770,0.000183
2520.956581,0.000173
2522.885393,0.000084
2524.814204,0.000010
2526.743016,0.000058
2528.671827,0.000161
2530.600639,0.000239
2532.529450,0.000213
2534.458262,0.000131
2536.387073,0.000074
2538.315885,0.000059
2540.244696,0.000161
2542.173507,0.000158
2544.102319,0.000007
2546.031130,0.000025
2547.959942,0.000155
2549.888753,0.000201
2551.817565,0.000112
2553.746376,0.000003
2555.675188,0.000007
2557.603999,-0.000008
2559.532811,-0.000020
2561.461622,0.000099
2563.390434,0.000141
2565.319245,0.000021
2567.248056,0.000007
2569.176868,0.000164
2571.105679,0.000271
2573.034491,0.000276
2574.963302,0.000247
2576.892114,0.000169
2578.820925,0.000123
2580.749737,0.000155
2582.678548,0.000150
2584.607360,0.000095
2586.536171,0.000051
2588.464983,0.000025
2590.393794,0.000043
2592.322605,0.000097
2594.251417,0.000087
2596.180228,0.000025
2598.109040,0.000078
2600.037851,0.000211
2601.966663,0.000192
2603.895474,0.000053
2605.824286,0.000025
2607.753097,0.000127
2609.681909,0.000154
2611.610720,0.000052
2613.539532,0.000044
2615.468343,0.000151
2617.397154,0.000123
2619.325966,0.000053
2621.254777,0.000120
2623.183589,0.000176
2625.112400,0.000198
2627.041212,0.000189
2628.970023,0.000088
2630.898835,0.000036
2632.827646,0.000057
2634.756458,0.000078
2636.685269,0.000160
2638.614081,0.000155
2640.542892,-0.000023
2642.471703,-0.000056
2644.400515,0.000061
2646.329326,0.000054
2648.258138,0.000009
2650.186949,0.000057
2652.115761,0.000141
2654.044572,0.000112
2655.973384,0.000020
2657.902195,0.000074
2659.831007,0.000033
2661.759818,-0.000181
2663.688630,-0.000166
2665.617441,-0.000040
2667.546253,-0.000056
2669.475064,-0.000051
2671.403875,-0.000019
2673.332687,-0.000050
2675.261498,-0.000101
2677.190310,-0.000086
2679.119121,-0.000023
2681.047933,-0.000023
2682.976744,0.000022
2684.905556,0.000146
2686.834367,0.000051
2688.763179,-0.000193
2690.691990,-0.000189
2692.620802,-0.000053
2694.549613,-0.000048
2696.478424,-0.000038
2698.407236,-0.000022
2700.336047,-0.000016
2702.264859,0.000031
2704.193670,-0.000027
2706.122482,-0.000087
2708.051293,-0.000071
2709.980105,-0.000128
2711.908916,-0.000165
2713.837728,-0.000104
2715.766539,-0.000078
2717.695351,-0.000141
2719.624162,-0.000186
2721.552973,-0.000166
2723.481785,-0.000164
2725.410596,-0.000177
2727.339408,-0.000049
2729.268219,0.000120
2731.197031,0.000015
2733.125842,-0.000162
2735.054654,-0.000184
2736.983465,-0.000181
2738.912277,-0.000129
2740.841088,-0.000109
2742.769900,-0.000155
2744.698711,-0.000112
2746.627522,-0.000039
2748.556334,-0.000059
2750.485145,-0.000193
2752.413957,-0.000309
2754.342768,-0.000277
2756.271580,-0.000212
2758.200391,-0.000238
2760.129203,-0.000207
2762.058014,-0.000068
2763.986826,-0.000072
2765.915637,-0.000194
2767.844449,-0.000166
2769.773260,-0.000133
2771.702071,-0.000247
2773.630883,-0.000262
2775.559694,-0.000217
2777.488506,-0.000269
2779.417317,-0.000335
2781.346129,-0.000406
2783.274940,-0.000346
2785.203752,-0.000154
2787.132563,-0.000015
2789.061375,0.000002
2790.990186,-0.000104
2792.918998,-0.000178
2794.847809,-0.000179
2796.776620,-0.000181
2798.705432,-0.000241
2800.634243,-0.000351
2802.563055,-0.000468
2804.491866,-0.000600
2806.420678,-0.000465
2808.349489,-0.000172
2810.278301,-0.000149
2812.207112,-0.000233
2814.135924,-0.000253
2816.064735,-0.000277
2817.993547,-0.000295
2819.922358,-0.000232
2821.851169,-0.000170
2823.779981,-0.000240
2825.708792,-0.000248
2827.637604,-0.000180
2829.566415,-0.000234
2831.495227,-0.000281
2833.424038,-0.000221
2835.352850,-0.000244
2837.281661,-0.000305
2839.210473,-0.000205
2841.139284,-0.000110
2843.068096,-0.000175
2844.996907,-0.000188
2846.925719,-0.000007
2848.854530,0.000207
2850.783341,0.000318
2852.712153,0.000449
2854.640964,0.000694
2856.569776,0.000954
2858.498587,0.001144
2860.427399,0.001370
2862.356210,0.001686
2864.285022,0.001954
2866.213833,0.002316
2868.142645,0.003098
2870.071456,0.004052
2872.000268,0.004825
2873.929079,0.005651
2875.857890,0.006613
2877.786702,0.007604
2879.715513,0.008647
2881.644325,0.009573
2883.573136,0.010474
2885.501948,0.011362
2887.430759,0.011869
2889.359571,0.012079
2891.288382,0.012148
2893.217194,0.011874
2895.146005,0.011293
2897.074817,0.010638
2899.003628,0.009787
2900.932439,0.008803
2902.861251,0.007721
2904.790062,0.006068
2906.718874,0.005348
2908.647685,0.007740
2910.576497,0.011879
2912.505308,0.015311
2914.434120,0.017624
2916.362931,0.019063
2918.291743,0.019490
2920.220554,0.018682
2922.149366,0.016755
2924.078177,0.014030
2926.006988,0.011018
2927.935800,0.008103
2929.864611,0.005325
2931.793423,0.003052
2933.722234,0.001507
2935.651046,0.000496
2937.579857,-0.000045
2939.508669,-0.000172
2941.437480,-0.000043
2943.366292,0.000026
2945.295103,-0.000020
2947.223915,0.000035
2949.152726,0.000072
2951.081537,0.000094
2953.010349,0.000129
2954.939160,0.000073
2956.867972,0.000039
2958.796783,0.000028
2960.725595,0.000085
2962.654406,0.000224
2964.583218,0.000216
2966.512029,0.000139
2968.440841,0.000101
2970.369652,-0.000045
2972.298464,-0.000147
2974.227275,0.000003
2976.156086,0.000051
2978.084898,-0.000058
2980.013709,0.000119
2981.942521,0.000281
2983.871332,0.000136
2985.800144,-0.000003
2987.728955,-0.000125
2989.657767,-0.000194
2991.586578,-0.000114
2993.515390,-0.000021
2995.444201,-0.000024
2997.373013,-0.000108
2999.301824,-0.000105
3001.230635,0.000025
3003.159447,0.000091
3005.088258,-0.000026
3007.017070,-0.000165
3008.945881,-0.000236
3010.874693,-0.000309
3012.803504,-0.000198
3014.732316,0.000010
3016.661127,-0.000000
3018.589939,-0.000124
3020.518750,-0.000195
3022.447562,-0.000174
3024.376373,-0.000127
3026.305185,-0.000171
3028.233996,-0.000160
3030.162807,0.000008
3032.091619,0.000020
3034.020430,-0.000135
3035.949242,-0.000096
3037.878053,-0.000086
3039.806865,-0.000284
3041.735676,-0.000301
3043.664488,-0.000140
3045.593299,-0.000072
3047.522111,-0.000141
3049.450922,-0.000292
3051.379734,-0.000294
3053.308545,-0.000106
3055.237356,-0.000037
3057.166168,-0.000144
3059.094979,-0.000208
3061.023791,-0.000124
3062.952602,-0.000039
3064.881414,-0.000079
3066.810225,-0.000175
3068.739037,-0.000267
3070.667848,-0.000281
3072.596660,-0.000275
3074.525471,-0.000286
3076.454283,-0.000223
3078.383094,-0.000247
3080.311905,-0.000255
3082.240717,-0.000121
3084.169528,-0.000112
3086.098340,-0.000098
3088.027151,-0.000021
3089.955963,-0.000061
3091.884774,-0.000086
3093.813586,-0.000124
3095.742397,-0.000164
3097.671209,-0.000121
3099.600020,-0.000166
3101.528832,-0.000161
3103.457643,0.000012
3105.386454,-0.000028
3107.315266,-0.000196
3109.244077,-0.000138
3111.172889,-0.000064
3113.101700,-0.000106
3115.030512,-0.000134
3116.959323,-0.000100
3118.888135,-0.000019
3120.816946,0.000041
3122.745758,0.000138
3124.674569,0.000222
3126.603381,0.000174
3128.532192,0.000063
3130.461003,-0.000006
3132.389815,-0.000018
3134.318626,-0.000160
3136.247438,-0.000236
3138.176249,-0.000079
3140.105061,-0.000043
3142.033872,-0.000049
3143.962684,-0.000012
3145.891495,0.000038
3147.820307,0.000165
3149.749118,0.000159
3151.677930,0.000088
3153.606741,-0.000024
3155.535552,-0.000168
3157.464364,-0.000138
3159.393175,-0.000046
3161.321987,0.000051
3163.250798,0.000124
3165.179610,0.000161
3167.108421,0.000229
3169.037233,0.000209
3170.966044,0.000136
3172.894856,0.000084
3174.823667,0.000039
3176.752479,-0.000023
3178.681290,-0.000105
3180.610102,-0.000004
3182.538913,0.000218
3184.467724,0.000283
3186.396536,0.000240
3188.325347,0.000163
3190.254159,0.000071
3192.182970,0.000117
3194.111782,0.000289
3196.040593,0.000269
3197.969405,0.000027
3199.898216,0.000096
3201.827028,0.000437
3203.755839,0.000407
3205.684651,0.000254
3207.613462,0.000203
3209.542273,0.000041
3211.471085,0.000139
3213.399896,0.000314
3215.328708,0.000260
3217.257519,0.000417
3219.186331,0.000576
3221.115142,0.000495
3223.043954,0.000599
3224.972765,0.000799
3226.901577,0.000709
3228.830388,0.000468
3230.759200,0.000337
3232.688011,0.000357
3234.616822,0.000562
3236.545634,0.000722
3238.474445,0.000610
3240.403257,0.000460
3242.332068,0.000428
3244.260880,0.000478
3246.189691,0.000534
3248.118503,0.000366
3250.047314,0.000136
3251.976126,0.000263
3253.904937,0.000538
3255.833749,0.000601
3257.762560,0.000552
3259.691371,0.000513
3261.620183,0.000488
3263.548994,0.000538
3265.477806,0.000680
3267.406617,0.000682
3269.335429,0.000568
3271.264240,0.000611
3273.193052,0.000582
3275.121863,0.000419
3277.050675,0.000387
3278.979486,0.000427
3280.908298,0.000403
3282.837109,0.000301
3284.765920,0.000257
3286.694732,0.000247
3288.623543,0.000175
3290.552355,0.000201
3292.481166,0.000335
3294.409978,0.000419
3296.338789,0.000366
3298.267601,0.000321
3300.196412,0.000389
3302.125224,0.000323
3304.054035,0.000265
3305.982847,0.000396
3307.911658,0.000289
3309.840469,0.000068
3311.769281,0.000127
3313.698092,0.000183
3315.626904,0.000197
3317.555715,0.000230
3319.484527,0.000182
3321.413338,0.000239
3323.342150,0.000297
3325.270961,0.000284
3327.199773,0.000351
3329.128584,0.000414
3331.057396,0.000514
3332.986207,0.000522
3334.915018,0.000381
3336.843830,0.000465
3338.772641,0.000540
3340.701453,0.000327
3342.630264,0.000449
3344.559076,0.000736
3346.487887,0.000427
3348.416699,0.000235
3350.345510,0.000627
3352.274322,0.000789
3354.203133,0.000535
3356.131945,0.000383
3358.060756,0.000564
3359.989568,0.000743
3361.918379,0.000723
3363.847190,0.000706
3365.776002,0.000637
3367.704813,0.000444
3369.633625,0.000347
3371.562436,0.000453
3373.491248,0.000567
3375.420059,0.000781
3377.348871,0.001068
3379.277682,0.000901
3381.206494,0.000697
3383.135305,0.000792
3385.064117,0.000746
3386.992928,0.000769
3388.921739,0.000752
3390.850551,0.000494
3392.779362,0.000447
3394.708174,0.000560
3396.636985,0.000584
3398.565797,0.000558
3400.494608,0.000672
3402.423420,0.000780
3404.352231,0.000515
3406.281043,0.000415
3408.209854,0.000893
3410.138666,0.001309
3412.067477,0.001200
3413.996288,0.000777
3415.925100,0.000589
3417.853911,0.000713
3419.782723,0.000596
3421.711534,0.000329
3423.640346,0.000361
3425.569157,0.000504
3427.497969,0.000569
3429.426780,0.000540
3431.355592,0.000441
3433.284403,0.000480
3435.213215,0.000715
3437.142026,0.000985
3439.070837,0.000996
3440.999649,0.000752
3442.928460,0.000507
3444.857272,0.000224
3446.786083,0.000123
3448.714895,0.000403
3450.643706,0.000655
3452.572518,0.000729
3454.501329,0.000811
3456.430141,0.000703
3458.358952,0.000435
3460.287764,0.000632
3462.216575,0.001050
3464.145386,0.000930
3466.074198,0.000717
3468.003009,0.000986
3469.931821,0.001153
3471.860632,0.000765
3473.789444,0.000377
3475.718255,0.000430
3477.647067,0.000696
3479.575878,0.000575
3481.504690,0.000004
3483.433501,-0.000220
3485.362313,-0.000048
3487.291124,0.000220
3489.219935,0.000508
3491.148747,0.000333
3493.077558,-0.000020
3495.006370,0.000017
3496.935181,0.000191
3498.863993,0.000198
3500.792804,0.000009
3502.721616,-0.000282
3504.650427,-0.000379
3506.579239,-0.000106
3508.508050,0.000049
3510.436862,-0.000055
3512.365673,-0.000002
3514.294484,-0.000119
3516.223296,-0.000415
3518.152107,-0.000360
3520.080919,-0.000404
3522.009730,-0.000810
3523.938542,-0.000816
3525.867353,-0.000568
3527.796165,-0.000810
3529.724976,-0.001048
3531.653788,-0.000752
3533.582599,-0.000536
3535.511411,-0.000828
3537.440222,-0.001039
3539.369034,-0.000894
3541.297845,-0.000822
3543.226656,-0.000880
3545.155468,-0.000970
3547.084279,-0.001071
3549.013091,-0.001263
3550.941902,-0.001467
3552.870714,-0.001295
3554.799525,-0.001144
3556.728337,-0.001169
3558.657148,-0.001016
3560.585960,-0.001102
3562.514771,-0.001331
3564.443583,-0.001505
3566.372394,-0.001891
3568.301205,-0.001824
3570.230017,-0.001058
3572.158828,-0.000299
3574.087640,-0.000219
3576.016451,-0.000432
3577.945263,-0.000198
3579.874074,0.000122
3581.802886,-0.000022
3583.731697,-0.000326
3585.660509,-0.000535
3587.589320,-0.000357
3589.518132,0.000153
3591.446943,0.000251
3593.375754,-0.000157
3595.304566,-0.000388
3597.233377,-0.000064
3599.162189,0.000448
3601.091000,0.000857
3603.019812,0.001004
3604.948623,0.000793
3606.877435,0.000348
3608.806246,0.000013
3610.735058,0.000252
3612.663869,0.000548
3614.592681,0.000556
3616.521492,0.000488
3618.450303,-0.000061
3620.379115,-0.000325
3622.307926,0.000270
3624.236738,0.000646
3626.165549,0.000159
3628.094361,-0.001060
3630.023172,-0.001359
3631.951984,-0.000275
3633.880795,0.000288
3635.809607,0.000435
3637.738418,0.000720
3639.667230,0.000800
3641.596041,0.000700
3643.524852,0.000546
3645.453664,-0.000096
3647.382475,-0.001295
3649.311287,-0.002220
3651.240098,-0.001789
3653.168910,-0.000468
3655.097721,-0.000128
3657.026533,-0.000571
3658.955344,-0.000137
3660.884156,0.000616
3662.812967,0.000929
3664.741779,0.000943
3666.670590,0.000446
3668.599401,-0.000746
3670.528213,-0.001332
3672.457024,-0.001038
3674.385836,-0.002007
3676.314647,-0.002727
3678.243459,-0.001430
3680.172270,-0.000439
3682.101082,-0.000050
3684.029893,0.000193
3685.958705,-0.000218
3687.887516,-0.001322
3689.816328,-0.001916
3691.745139,-0.001192
3693.673951,-0.000343
3695.602762,-0.000028
3697.531573,-0.000076
3699.460385,-0.000294
3701.389196,-0.000422
3703.318008,-0.000287
3705.246819,-0.000119
3707.175631,-0.000405
3709.104442,-0.001240
3711.033254,-0.002081
3712.962065,-0.001742
3714.890877,-0.000624
3716.819688,-0.000100
3718.748500,-0.000020
3720.677311,-0.000298
3722.606122,-0.000669
3724.534934,-0.000578
3726.463745,-0.000318
3728.392557,-0.000150
3730.321368,-0.000450
3732.250180,-0.001261
3734.178991,-0.001971
3736.107803,-0.002066
3738.036614,-0.001358
3739.965426,-0.000651
3741.894237,-0.001048
3743.823049,-0.002546
3745.751860,-0.003157
3747.680671,-0.002692
3749.609483,-0.003065
3751.538294,-0.003328
3753.467106,-0.002373
3755.395917,-0.001270
3757.324729,-0.000842
3759.253540,-0.000970
3761.182352,-0.000552
3763.111163,-0.000134
3765.039975,-0.000504
3766.968786,-0.000712
3768.897598,-0.000741
3770.826409,-0.000757
3772.755220,-0.000341
3774.684032,0.000074
3776.612843,0.000044
3778.541655,-0.000350
3780.470466,-0.000497
3782.399278,-0.000201
3784.328089,0.000072
3786.256901,0.000279
3788.185712,0.000452
3790.114524,0.000422
3792.043335,0.000342
3793.972147,0.000086
3795.900958,-0.000669
3797.829769,-0.001015
3799.758581,-0.001225
3801.687392,-0.002033
3803.616204,-0.001755
3805.545015,-0.001176
3807.473827,-0.001029
3809.402638,-0.000109
3811.331450,0.000507
3813.260261,-0.000010
3815.189073,-0.001085
3817.117884,-0.001534
3819.046696,-0.001538
3820.975507,-0.002203
3822.904318,-0.001849
3824.833130,-0.000748
3826.761941,-0.000525
3828.690753,-0.000539
3830.619564,-0.000674
3832.548376,-0.000862
3834.477187,-0.000974
3836.405999,-0.001497
3838.334810,-0.001859
3840.263622,-0.001477
3842.192433,-0.000999
3844.121245,-0.000672
3846.050056,-0.000198
3847.978867,-0.000012
3849.907679,-0.000615
3851.836490,-0.002119
3853.765302,-0.003711
3855.694113,-0.002889
3857.622925,-0.001011
3859.551736,-0.000385
3861.480548,-0.000643
3863.409359,-0.000977
3865.338171,-0.000895
3867.266982,-0.000598
3869.195794,-0.001077
3871.124605,-0.001385
3873.053417,-0.000768
3874.982228,-0.000266
3876.911039,0.000145
3878.839851,0.000095
3880.768662,-0.000442
3882.697474,-0.000463
3884.626285,-0.000740
3886.555097,-0.001003
3888.483908,-0.000460
3890.412720,-0.000427
3892.341531,-0.000568
3894.270343,-0.000086
3896.199154,0.000128
3898.127966,-0.000332
3900.056777,-0.001143
3901.985588,-0.001653
3903.914400,-0.001579
3905.843211,-0.001002
3907.772023,-0.000173
3909.700834,0.000236
3911.629646,0.000194
3913.558457,0.000225
3915.487269,0.000178
3917.416080,-0.000078
3919.344892,-0.000044
3921.273703,0.000258
3923.202515,0.000213
3925.131326,-0.000002
3927.060137,0.000196
3928.988949,0.000291
3930.917760,-0.000050
3932.846572,-0.000115
3934.775383,0.000161
3936.704195,0.000428
3938.633006,0.000616
3940.561818,0.000535
3942.490629,0.000345
3944.419441,0.000388
3946.348252,0.000513
3948.277064,0.000493
3950.205875,0.000504
3952.134686,0.000596
3954.063498,0.000607
3955.992309,0.000550
3957.921121,0.000556
3959.849932,0.000740
3961.778744,0.000777
3963.707555,0.000612
3965.636367,0.000692
3967.565178,0.000771
3969.493990,0.000635
3971.422801,0.000566
3973.351613,0.000632
3975.280424,0.000593
3977.209235,0.000388
3979.138047,0.000402
3981.066858,0.000598
3982.995670,0.000752
3984.924481,0.000775
3986.853293,0.000560
3988.782104,0.000445
3990.710916,0.000522
3992.639727,0.000686
3994.568539,0.000744
3996.497350,0.000475
3998.426162,0.000477
4000.354973,0.000700
