898.826141,0.007160
900.754953,0.003836
902.683764,-0.000417
904.612576,-0.001753
906.541387,-0.000229
908.470199,0.000515
910.399010,-0.000523
912.327822,-0.000775
914.256633,0.000235
916.185445,0.000057
918.114256,-0.000731
920.043068,-0.000997
921.971879,-0.001281
923.900690,-0.000180
925.829502,0.001122
927.758313,0.000308
929.687125,-0.000012
931.615936,0.000828
933.544748,0.000539
935.473559,-0.000524
937.402371,0.000021
939.331182,0.000718
941.259994,0.000411
943.188805,0.000254
945.117617,0.000263
947.046428,0.000377
948.975240,0.000679
950.904051,0.000772
952.832862,0.001113
954.761674,0.001153
956.690485,0.000280
958.619297,0.000531
960.548108,0.001200
962.476920,0.001107
964.405731,0.001130
966.334543,0.001100
968.263354,0.000729
970.192166,0.000496
972.120977,0.000334
974.049789,0.000008
975.978600,-0.000390
977.907411,-0.000392
979.836223,-0.000052
981.765034,0.000035
983.693846,-0.000142
985.622657,-0.000287
987.551469,-0.000341
989.480280,-0.000360
991.409092,-0.000370
993.337903,-0.000344
995.266715,-0.000512
997.195526,-0.000769
999.124338,-0.000509
1001.053149,-0.000113
1002.981960,-0.000328
1004.910772,-0.000649
1006.839583,-0.000694
1008.768395,-0.000894
1010.697206,-0.000923
1012.626018,-0.000513
1014.554829,-0.000245
1016.483641,-0.000254
1018.412452,-0.000467
1020.341264,-0.000482
1022.270075,0.000029
1024.198887,0.000070
1026.127698,-0.000278
1028.056509,0.000018
1029.985321,0.000251
1031.914132,0.000070
1033.842944,0.000151
1035.771755,0.000245
1037.700567,0.000180
1039.629378,0.000360
1041.558190,0.000821
1043.487001,0.001280
1045.415813,0.001471
1047.344624,0.001482
1049.273436,0.001507
1051.202247,0.001577
1053.131058,0.001600
1055.059870,0.001654
1056.988681,0.001462
1058.917493,0.001272
1060.846304,0.001135
1062.775116,0.000977
1064.703927,0.001047
1066.632739,0.001177
1068.561550,0.001089
1070.490362,0.000925
1072.419173,0.000873
1074.347985,0.001053
1076.276796,0.001210
1078.205607,0.001148
1080.134419,0.001152
1082.063230,0.001234
1083.992042,0.001270
1085.920853,0.001264
1087.849665,0.001231
1089.778476,0.001309
1091.707288,0.001287
1093.636099,0.001032
1095.564911,0.001035
1097.493722,0.001256
1099.422534,0.001286
1101.351345,0.001288
1103.280156,0.001274
1105.208968,0.001216
1107.137779,0.001356
1109.066591,0.001521
1110.995402,0.001531
1112.924214,0.001486
1114.853025,0.001319
1116.781837,0.001111
1118.710648,0.001043
1120.639460,0.001016
1122.568271,0.001078
1124.497083,0.001221
1126.425894,0.001116
1128.354706,0.000928
1130.283517,0.000950
1132.212328,0.000983
1134.141140,0.000948
1136.069951,0.000937
1137.998763,0.001052
1139.927574,0.001210
1141.856386,0.001071
1143.785197,0.000794
1145.714009,0.000744
1147.642820,0.000723
1149.571632,0.000686
1151.500443,0.000844
1153.429255,0.000911
1155.358066,0.000733
1157.286877,0.000649
1159.215689,0.000670
1161.144500,0.000734
1163.073312,0.000873
1165.002123,0.000786
1166.930935,0.000519
1168.859746,0.000424
1170.788558,0.000394
1172.717369,0.000395
1174.646181,0.000509
1176.574992,0.000543
1178.503804,0.000556
1180.432615,0.000607
1182.361426,0.000506
1184.290238,0.000376
1186.219049,0.000290
1188.147861,0.000236
1190.076672,0.000359
1192.005484,0.000321
1193.934295,-0.000026
1195.863107,-0.000125
1197.791918,0.000021
1199.720730,0.000079
1201.649541,0.000158
1203.578353,0.000121
1205.507164,0.000037
1207.435975,0.000159
1209.364787,0.000121
1211.293598,0.000013
1213.222410,0.000012
1215.151221,-0.000137
1217.080033,-0.000063
1219.008844,0.000139
1220.937656,0.000194
1222.866467,0.000419
1224.795279,0.000596
1226.724090,0.000561
1228.652902,0.000697
1230.581713,0.000994
1232.510524,0.001218
1234.439336,0.001462
1236.368147,0.001829
1238.296959,0.002277
1240.225770,0.002836
1242.154582,0.003523
1244.083393,0.004374
1246.012205,0.005360
1247.941016,0.006474
1249.869828,0.007771
1251.798639,0.008816
1253.727451,0.009039
1255.656262,0.008646
1257.585073,0.008305
1259.513885,0.008700
1261.442696,0.009950
1263.371508,0.010456
1265.300319,0.009359
1267.229131,0.008642
1269.157942,0.009225
1271.086754,0.009714
1273.015565,0.009300
1274.944377,0.008173
1276.873188,0.006588
1278.802000,0.004987
1280.730811,0.003890
1282.659622,0.003062
1284.588434,0.002300
1286.517245,0.001935
1288.446057,0.001661
1290.374868,0.001221
1292.303680,0.000951
1294.232491,0.000911
1296.161303,0.000855
1298.090114,0.000599
1300.018926,0.000425
1301.947737,0.000509
1303.876549,0.000321
1305.805360,-0.000144
1307.734172,-0.000241
1309.662983,-0.000057
1311.591794,-0.000048
1313.520606,-0.000143
1315.449417,-0.000028
1317.378229,0.000131
1319.307040,0.000381
1321.235852,0.000869
1323.164663,0.000986
1325.093475,0.001194
1327.022286,0.001956
1328.951098,0.002395
1330.879909,0.002610
1332.808721,0.002718
1334.737532,0.002566
1336.666343,0.002324
1338.595155,0.002112
1340.523966,0.002532
1342.452778,0.003155
1344.381589,0.003508
1346.310401,0.003761
1348.239212,0.003823
1350.168024,0.003984
1352.096835,0.004006
1354.025647,0.003987
1355.954458,0.004308
1357.883270,0.004403
1359.812081,0.004109
1361.740892,0.003787
1363.669704,0.003876
1365.598515,0.003989
1367.527327,0.003826
1369.456138,0.003907
1371.384950,0.003625
1373.313761,0.003029
1375.242573,0.003269
1377.171384,0.003672
1379.100196,0.003612
1381.029007,0.003596
1382.957819,0.003502
1384.886630,0.003102
1386.815441,0.002657
1388.744253,0.002796
1390.673064,0.003236
1392.601876,0.002789
1394.530687,0.002328
1396.459499,0.002682
1398.388310,0.002747
1400.317122,0.003090
1402.245933,0.003424
1404.174745,0.003062
1406.103556,0.003206
1408.032368,0.003584
1409.961179,0.003667
1411.889990,0.003718
1413.818802,0.003646
1415.747613,0.003060
1417.676425,0.001737
1419.605236,0.001790
1421.534048,0.003194
1423.462859,0.003368
1425.391671,0.003215
1427.320482,0.003453
1429.249294,0.003327
1431.178105,0.003355
1433.106917,0.003247
1435.035728,0.002037
1436.964539,0.001459
1438.893351,0.002780
1440.822162,0.003560
1442.750974,0.003358
1444.679785,0.002897
1446.608597,0.002244
1448.537408,0.002144
1450.466220,0.002422
1452.395031,0.002159
1454.323843,0.000708
1456.252654,-0.001457
1458.181466,-0.000584
1460.110277,0.001995
1462.039089,0.002426
1463.967900,0.001534
1465.896711,0.001694
1467.825523,0.002436
1469.754334,0.001570
1471.683146,-0.000133
1473.611957,-0.000083
1475.540769,0.001055
1477.469580,0.002003
1479.398392,0.002443
1481.327203,0.002417
1483.256015,0.002377
1485.184826,0.001937
1487.113638,0.000886
1489.042449,0.000103
1490.971260,0.000883
1492.900072,0.001999
1494.828883,0.001328
1496.757695,0.000351
1498.686506,0.000958
1500.615318,0.001836
1502.544129,0.001705
1504.472941,-0.000538
1506.401752,-0.002900
1508.330564,-0.001037
1510.259375,0.001111
1512.188187,0.001701
1514.116998,0.001507
1516.045809,0.000729
1517.974621,0.000283
1519.903432,-0.000431
1521.832244,-0.000671
1523.761055,0.000791
1525.689867,0.001589
1527.618678,0.002136
1529.547490,0.003005
1531.476301,0.002325
1533.405113,0.001440
1535.333924,0.002416
1537.262736,0.001851
1539.191547,-0.000961
1541.120358,-0.000775
1543.049170,0.001468
1544.977981,0.003169
1546.906793,0.004429
1548.835604,0.004691
1550.764416,0.004650
1552.693227,0.004511
1554.622039,0.004451
1556.550850,0.003523
1558.479662,0.002156
1560.408473,0.006483
1562.337285,0.011771
1564.266096,0.014646
1566.194907,0.017690
1568.123719,0.020763
1570.052530,0.025503
1571.981342,0.032661
1573.910153,0.038867
1575.838965,0.047124
1577.767776,0.060137
1579.696588,0.073690
1581.625399,0.088058
1583.554211,0.104309
1585.483022,0.122384
1587.411834,0.141672
1589.340645,0.162098
1591.269456,0.183258
1593.198268,0.202260
1595.127079,0.217482
1597.055891,0.227975
1598.984702,0.233897
1600.913514,0.234418
1602.842325,0.229716
1604.771137,0.222223
1606.699948,0.211092
1608.628760,0.196629
1610.557571,0.178003
1612.486383,0.158344
1614.415194,0.136786
1616.344005,0.115222
1618.272817,0.131523
1620.201628,0.185293
1622.130440,0.241565
1624.059251,0.283221
1625.988063,0.307212
1627.916874,0.317602
1629.845686,0.313715
1631.774497,0.294215
1633.703309,0.263889
1635.632120,0.222773
1637.560932,0.183167
1639.489743,0.150568
1641.418555,0.117423
1643.347366,0.087571
1645.276177,0.062030
1647.204989,0.040036
1649.133800,0.026853
1651.062612,0.016714
1652.991423,0.007076
1654.920235,0.006175
1656.849046,0.007874
1658.777858,0.007351
1660.706669,0.006057
1662.635481,0.005240
1664.564292,0.005661
1666.493104,0.005517
1668.421915,0.003706
1670.350726,0.003363
1672.279538,0.004066
1674.208349,0.003622
1676.137161,0.003950
1678.065972,0.005109
1679.994784,0.005095
1681.923595,0.003363
1683.852407,0.001533
1685.781218,0.002946
1687.710030,0.004462
1689.638841,0.004057
1691.567653,0.003681
1693.496464,0.002008
1695.425275,0.000256
1697.354087,0.001263
1699.282898,0.000314
1701.211710,-0.000981
1703.140521,0.000438
1705.069333,0.001147
1706.998144,0.002373
1708.926956,0.003923
1710.855767,0.003825
1712.784579,0.003064
1714.713390,0.001958
1716.642202,0.000723
1718.571013,0.001372
1720.499824,0.003180
1722.428636,0.003815
1724.357447,0.003759
1726.286259,0.003913
1728.215070,0.003804
1730.143882,0.003723
1732.072693,0.003047
1734.001505,0.002823
1735.930316,0.005313
1737.859128,0.006930
1739.787939,0.007101
1741.716751,0.007772
1743.645562,0.008187
1745.574373,0.007908
1747.503185,0.007330
1749.431996,0.006476
1751.360808,0.006563
1753.289619,0.007677
1755.218431,0.007819
1757.147242,0.007357
1759.076054,0.006927
1761.004865,0.005557
1762.933677,0.004479
1764.862488,0.003816
1766.791300,0.002245
1768.720111,0.000737
1770.648922,-0.000720
1772.577734,-0.001638
1774.506545,-0.000769
1776.435357,0.000100
1778.364168,-0.000019
1780.292980,-0.000239
1782.221791,-0.000008
1784.150603,0.000259
1786.079414,0.000614
1788.008226,0.000991
1789.937037,0.000193
1791.865849,-0.000986
1793.794660,-0.000626
1795.723471,0.000145
1797.652283,0.000036
1799.581094,-0.000523
1801.509906,-0.000472
1803.438717,0.000278
1805.367529,0.000783
1807.296340,0.000852
1809.225152,0.000697
1811.153963,0.000596
1813.082775,0.000787
1815.011586,0.000905
1816.940398,0.000816
1818.869209,0.000748
1820.798021,0.000700
1822.726832,0.000193
1824.655643,-0.000400
1826.584455,-0.000358
1828.513266,-0.000535
1830.442078,-0.000565
1832.370889,0.000200
1834.299701,0.000539
1836.228512,0.000461
1838.157324,0.000571
1840.086135,0.000516
1842.014947,-0.000209
1843.943758,-0.000861
1845.872570,-0.000203
1847.801381,0.000677
1849.730192,0.000973
1851.659004,0.000966
1853.587815,0.000755
1855.516627,0.000684
1857.445438,0.000685
1859.374250,0.000678
1861.303061,0.000760
1863.231873,0.000696
1865.160684,0.000347
1867.089496,-0.000378
1869.018307,-0.000849
1870.947119,-0.000370
1872.875930,0.000375
1874.804741,0.000684
1876.733553,0.000560
1878.662364,0.000348
1880.591176,0.000291
1882.519987,0.000403
1884.448799,0.000641
1886.377610,0.000726
1888.306422,0.000558
1890.235233,0.000692
1892.164045,0.001120
1894.092856,0.001222
1896.021668,0.001222
1897.950479,0.001344
1899.879290,0.001311
1901.808102,0.001281
1903.736913,0.001416
1905.665725,0.001550
1907.594536,0.001541
1909.523348,0.001397
1911.452159,0.001332
1913.380971,0.001316
1915.309782,0.000887
1917.238594,0.000370
1919.167405,0.000593
1921.096217,0.000849
1923.025028,0.000601
1924.953839,0.000651
1926.882651,0.000906
1928.811462,0.000873
1930.740274,0.000786
1932.669085,0.000787
1934.597897,0.000783
1936.526708,0.000756
1938.455520,0.000724
1940.384331,0.000484
1942.313143,0.000162
1944.241954,0.000227
1946.170766,0.000435
1948.099577,0.000517
1950.028388,0.000585
1951.957200,0.000634
1953.886011,0.000674
1955.814823,0.000630
1957.743634,0.000575
1959.672446,0.000600
1961.601257,0.000588
1963.530069,0.000561
1965.458880,0.000491
1967.387692,0.000408
1969.316503,0.000412
1971.245315,0.000476
1973.174126,0.000550
1975.102938,0.000537
1977.031749,0.000628
1978.960560,0.000845
1980.889372,0.000769
1982.818183,0.000519
1984.746995,0.000487
1986.675806,0.000607
1988.604618,0.000636
1990.533429,0.000529
1992.462241,0.000472
1994.391052,0.000575
1996.319864,0.000674
1998.248675,0.000649
2000.177487,0.000615
2002.106298,0.000592
2004.035109,0.000514
2005.963921,0.000530
2007.892732,0.000702
2009.821544,0.000828
2011.750355,0.000823
2013.679167,0.000719
2015.607978,0.000605
2017.536790,0.000607
2019.465601,0.000619
2021.394413,0.000661
2023.323224,0.000826
2025.252036,0.000827
2027.180847,0.000621
2029.109658,0.000545
2031.038470,0.000667
2032.967281,0.000729
2034.896093,0.000686
2036.824904,0.000736
2038.753716,0.000751
2040.682527,0.000650
2042.611339,0.000542
2044.540150,0.000441
2046.468962,0.000501
2048.397773,0.000607
2050.326585,0.000553
2052.255396,0.000553
2054.184207,0.000596
2056.113019,0.000597
2058.041830,0.000697
2059.970642,0.000697
2061.899453,0.000543
2063.828265,0.000511
2065.757076,0.000528
2067.685888,0.000514
2069.614699,0.000532
2071.543511,0.000490
2073.472322,0.000398
2075.401134,0.000409
2077.329945,0.000523
2079.258756,0.000559
2081.187568,0.000498
2083.116379,0.000488
2085.045191,0.000594
2086.974002,0.000687
2088.902814,0.000591
2090.831625,0.000455
2092.760437,0.000432
2094.689248,0.000420
2096.618060,0.000439
2098.546871,0.000564
2100.475683,0.000628
2102.404494,0.000500
2104.333305,0.000358
2106.262117,0.000291
2108.190928,0.000274
2110.119740,0.000335
2112.048551,0.000415
2113.977363,0.000489
2115.906174,0.000508
2117.834986,0.000494
2119.763797,0.000509
2121.692609,0.000494
2123.621420,0.000475
2125.550232,0.000513
2127.479043,0.000577
2129.407854,0.000481
2131.336666,0.000280
2133.265477,0.000232
2135.194289,0.000259
2137.123100,0.000327
2139.051912,0.000327
2140.980723,0.000174
2142.909535,0.000241
2144.838346,0.000448
2146.767158,0.000412
2148.695969,0.000287
2150.624781,0.000341
2152.553592,0.000484
2154.482404,0.000457
2156.411215,0.000317
2158.340026,0.000263
2160.268838,0.000353
2162.197649,0.000657
2164.126461,0.000893
2166.055272,0.000763
2167.984084,0.000580
2169.912895,0.000582
2171.841707,0.000613
2173.770518,0.000625
2175.699330,0.000708
2177.628141,0.000774
2179.556953,0.000679
2181.485764,0.000643
2183.414575,0.000875
2185.343387,0.001086
2187.272198,0.001090
2189.201010,0.001174
2191.129821,0.001396
2193.058633,0.001529
2194.987444,0.001607
2196.916256,0.001774
2198.845067,0.002081
2200.773879,0.002369
2202.702690,0.002471
2204.631502,0.002557
2206.560313,0.002725
2208.489124,0.002848
2210.417936,0.002892
2212.346747,0.002903
2214.275559,0.002758
2216.204370,0.002423
2218.133182,0.002144
2220.061993,0.001780
2221.990805,0.001345
2223.919616,0.001390
2225.848428,0.001694
2227.777239,0.002032
2229.706051,0.002686
2231.634862,0.003247
2233.563673,0.003540
2235.492485,0.003749
2237.421296,0.003683
2239.350108,0.003554
2241.278919,0.003403
2243.207731,0.002976
2245.136542,0.002488
2247.065354,0.002007
2248.994165,0.001531
2250.922977,0.001195
2252.851788,0.000954
2254.780600,0.000745
2256.709411,0.000560
2258.638222,0.000457
2260.567034,0.000438
2262.495845,0.000459
2264.424657,0.000563
2266.353468,0.000649
2268.282280,0.000549
2270.211091,0.000360
2272.139903,0.000294
2274.068714,0.000325
2275.997526,0.000263
2277.926337,0.000146
2279.855149,0.000157
2281.783960,0.000263
2283.712771,0.000421
2285.641583,0.000537
2287.570394,0.000409
2289.499206,0.000253
2291.428017,0.000230
2293.356829,0.000135
2295.285640,-0.000008
2297.214452,-0.000120
2299.143263,-0.000225
2301.072075,-0.000321
2303.000886,-0.000084
2304.929698,0.000086
2306.858509,0.000155
2308.787320,0.000160
2310.716132,0.000102
2312.644943,0.000039
2314.573755,-0.000115
2316.502566,-0.000400
2318.431378,-0.000640
2320.360189,-0.000939
2322.289001,-0.001100
2324.217812,-0.000897
2326.146624,-0.000788
2328.075435,-0.000894
2330.004247,-0.000951
2331.933058,-0.000798
2333.861870,-0.000525
2335.790681,-0.000369
2337.719492,-0.000259
2339.648304,-0.000032
2341.577115,0.000516
2343.505927,0.001287
2345.434738,0.002476
2347.363550,0.004229
2349.292361,0.005000
2351.221173,0.004022
2353.149984,0.002580
2355.078796,0.001625
2357.007607,0.001144
2358.936419,0.001074
2360.865230,0.000166
2362.794041,-0.000452
2364.722853,-0.000914
2366.651664,-0.001142
2368.580476,-0.001150
2370.509287,-0.001120
2372.438099,-0.000932
2374.366910,-0.000523
2376.295722,-0.000086
2378.224533,0.000178
2380.153345,0.000129
2382.082156,-0.000100
2384.010968,-0.000403
2385.939779,-0.000266
2387.868590,-0.000446
2389.797402,-0.000447
2391.726213,-0.000288
2393.655025,-0.000276
2395.583836,-0.000419
2397.512648,-0.000382
2399.441459,-0.000281
2401.370271,-0.000357
2403.299082,-0.000331
2405.227894,-0.000301
2407.156705,-0.000340
2409.085517,-0.000274
2411.014328,-0.000268
2412.943139,-0.000259
2414.871951,-0.000248
2416.800762,-0.000367
2418.729574,-0.000311
2420.658385,-0.000124
2422.587197,-0.000221
2424.516008,-0.000469
2426.444820,-0.000486
2428.373631,-0.000320
2430.302443,-0.000272
2432.231254,-0.000342
2434.160066,-0.000299
2436.088877,-0.000234
2438.017688,-0.000281
2439.946500,-0.000323
2441.875311,-0.000316
2443.804123,-0.000241
2445.732934,-0.000134
2447.661746,-0.000080
2449.590557,-0.000151
2451.519369,-0.000260
2453.448180,-0.000207
2455.376992,-0.000165
2457.305803,-0.000220
2459.234615,-0.000249
2461.163426,-0.000295
2463.092237,-0.000250
2465.021049,-0.000221
2466.949860,-0.000318
2468.878672,-0.000257
2470.807483,-0.000127
2472.736295,-0.000199
2474.665106,-0.000283
2476.593918,-0.000250
2478.522729,-0.000191
2480.451541,-0.000076
2482.380352,-0.000057
2484.309164,-0.000170
2486.237975,-0.000173
2488.166786,-0.000162
2490.095598,-0.000085
2492.024409,0.000141
2493.953221,0.000184
2495.882032,0.000061
2497.810844,0.000035
2499.739655,0.000060
2501.668467,0.000033
2503.597278,0.000004
2505.526090,-0.000002
2507.454901,0.000015
2509.383713,0.000084
2511.312524,0.000080
2513.241336,0.000000
2515.170147,-0.000124
2517.098958,-0.000324
2519.027770,-0.000370
2520.956581,-0.000258
2522.885393,-0.000112
2524.814204,0.000062
2526.743016,0.000086
2528.671827,0.000100
2530.600639,0.000207
2532.529450,0.000147
2534.458262,0.000022
2536.387073,-0.000045
2538.315885,-0.000108
2540.244696,-0.000103
2542.173507,-0.000037
2544.102319,0.000000
2546.031130,-0.000041
2547.959942,-0.000038
2549.888753,-0.000065
2551.817565,-0.000146
2553.746376,-0.000030
2555.675188,-0.000008
2557.603999,-0.000104
2559.532811,0.000063
2561.461622,0.000202
2563.390434,0.000167
2565.319245,0.000176
2567.248056,0.000153
2569.176868,0.000011
2571.105679,0.000020
2573.034491,0.000337
2574.963302,0.000458
2576.892114,0.000221
2578.820925,0.000089
2580.749737,0.000052
2582.678548,-0.000011
2584.607360,0.000058
2586.536171,0.000092
2588.464983,-0.000040
2590.393794,-0.000011
2592.322605,0.000199
2594.251417,0.000237
2596.180228,0.000154
2598.109040,0.000220
2600.037851,0.000302
2601.966663,0.000217
2603.895474,0.000086
2605.824286,0.000003
2607.753097,0.000149
2609.681909,0.000414
2611.610720,0.000300
2613.539532,0.000094
2615.468343,0.000174
2617.397154,0.000153
2619.325966,0.000074
2621.254777,0.000235
2623.183589,0.000378
2625.112400,0.000349
2627.041212,0.000320
2628.970023,0.000302
2630.898835,0.000258
2632.827646,0.000247
2634.756458,0.000250
2636.685269,0.000217
2638.614081,0.000146
2640.542892,0.000074
2642.471703,0.000062
2644.400515,0.000081
2646.329326,-0.000022
2648.258138,-0.000046
2650.186949,0.000205
2652.115761,0.000225
2654.044572,0.000004
2655.973384,0.000032
2657.902195,0.000091
2659.831007,0.000007
2661.759818,0.000034
2663.688630,0.000266
2665.617441,0.000373
2667.546253,0.000130
2669.475064,-0.000081
2671.403875,-0.000097
2673.332687,-0.000077
2675.261498,-0.000040
2677.190310,0.000077
2679.119121,0.000309
2681.047933,0.000387
2682.976744,0.000244
2684.905556,0.000139
2686.834367,0.000098
2688.763179,0.000076
2690.691990,0.000037
2692.620802,0.000039
2694.549613,0.000105
2696.478424,0.000140
2698.407236,0.000166
2700.336047,0.000129
2702.264859,0.000056
2704.193670,0.000030
2706.122482,-0.000071
2708.051293,-0.000150
2709.980105,-0.000108
2711.908916,-0.000080
2713.837728,-0.000045
2715.766539,-0.000006
2717.695351,-0.000066
2719.624162,-0.000104
2721.552973,-0.000002
2723.481785,0.000073
2725.410596,0.000077
2727.339408,0.000155
2729.268219,0.000275
2731.197031,0.000272
2733.125842,0.000151
2735.054654,0.000085
2736.983465,-0.000056
2738.912277,-0.000215
2740.841088,-0.000114
2742.769900,-0.000033
2744.698711,0.000015
2746.627522,0.000146
2748.556334,0.000101
2750.485145,-0.000016
2752.413957,-0.000009
2754.342768,0.000097
2756.271580,0.000146
2758.200391,0.000148
2760.129203,0.000190
2762.058014,0.000061
2763.986826,-0.000059
2765.915637,0.000057
2767.844449,0.000065
2769.773260,-0.000096
2771.702071,-0.000033
2773.630883,0.000183
2775.559694,0.000076
2777.488506,-0.000040
2779.417317,0.000145
2781.346129,0.000055
2783.274940,-0.000225
2785.203752,-0.000154
2787.132563,0.000031
2789.061375,0.000021
2790.990186,-0.000066
2792.918998,0.000104
2794.847809,0.000346
2796.776620,0.000132
2798.705432,-0.000048
2800.634243,0.000119
2802.563055,0.000000
2804.491866,-0.000241
2806.420678,-0.000167
2808.349489,-0.000055
2810.278301,-0.000085
2812.207112,-0.000136
2814.135924,-0.000184
2816.064735,-0.000321
2817.993547,-0.000429
2819.922358,-0.000225
2821.851169,0.000065
2823.779981,-0.000048
2825.708792,-0.000187
2827.637604,0.000083
2829.566415,0.000252
2831.495227,0.000191
2833.424038,0.000214
2835.352850,0.000193
2837.281661,0.000054
2839.210473,-0.000054
2841.139284,-0.000062
2843.068096,0.000038
2844.996907,0.000227
2846.925719,0.000405
2848.854530,0.000505
2850.783341,0.000483
2852.712153,0.000430
2854.640964,0.000690
2856.569776,0.001046
2858.498587,0.001068
2860.427399,0.001268
2862.356210,0.001899
2864.285022,0.002435
2866.213833,0.002917
2868.142645,0.003576
2870.071456,0.004185
2872.000268,0.004734
2873.929079,0.005518
2875.857890,0.006642
2877.786702,0.007800
2879.715513,0.008705
2881.644325,0.009492
2883.573136,0.010280
2885.501948,0.010980
2887.430759,0.011545
2889.359571,0.011919
2891.288382,0.012051
2893.217194,0.011879
2895.146005,0.011362
2897.074817,0.010598
2899.003628,0.009658
2900.932439,0.008666
2902.861251,0.007495
2904.790062,0.005919
2906.718874,0.005393
2908.647685,0.007585
2910.576497,0.011364
2912.505308,0.014721
2914.434120,0.017177
2916.362931,0.018901
2918.291743,0.019567
2920.220554,0.018685
2922.149366,0.016642
2924.078177,0.014065
2926.006988,0.011057
2927.935800,0.007994
2929.864611,0.005374
2931.793423,0.003147
2933.722234,0.001326
2935.651046,0.000236
2937.579857,-0.000179
2939.508669,-0.000205
2941.437480,-0.000089
2943.366292,-0.000134
2945.295103,-0.000208
2947.223915,-0.000095
2949.152726,0.000056
2951.081537,0.000169
2953.010349,0.000050
2954.939160,-0.000244
2956.867972,-0.000220
2958.796783,0.000067
2960.725595,0.000214
2962.654406,0.000156
2964.583218,0.000083
2966.512029,0.000166
2968.440841,0.000335
2970.369652,0.000316
2972.298464,0.000095
2974.227275,0.000039
2976.156086,0.000152
2978.084898,0.000157
2980.013709,0.000118
2981.942521,0.000211
2983.871332,0.000307
2985.800144,0.000121
2987.728955,-0.000078
2989.657767,0.000004
2991.586578,0.000082
2993.515390,0.000062
2995.444201,0.000035
2997.373013,0.000021
2999.301824,0.000105
3001.230635,0.000235
3003.159447,0.000198
3005.088258,0.000080
3007.017070,0.000152
3008.945881,0.000158
3010.874693,0.000025
3012.803504,0.000054
3014.732316,0.000131
3016.661127,0.000257
3018.589939,0.000373
3020.518750,0.000256
3022.447562,0.000086
3024.376373,-0.000067
3026.305185,-0.000126
3028.233996,0.000033
3030.162807,0.000146
3032.091619,0.000160
3034.020430,0.000135
3035.949242,0.000045
3037.878053,0.000048
3039.806865,0.000102
3041.735676,0.000213
3043.664488,0.000364
3045.593299,0.000253
3047.522111,0.000118
3049.450922,0.000140
3051.379734,0.000051
3053.308545,0.000148
3055.237356,0.000485
3057.166168,0.000475
3059.094979,0.000200
3061.023791,0.000123
3062.952602,0.000130
3064.881414,0.000006
3066.810225,-0.000013
3068.739037,0.000163
3070.667848,0.000179
3072.596660,0.000104
3074.525471,0.000317
3076.454283,0.000489
3078.383094,0.000235
3080.311905,-0.000021
3082.240717,0.000006
3084.169528,0.000114
3086.098340,0.000247
3088.027151,0.000317
3089.955963,0.000337
3091.884774,0.000427
3093.813586,0.000326
3095.742397,0.000274
3097.671209,0.000623
3099.600020,0.000595
3101.528832,0.000181
3103.457643,0.000255
3105.386454,0.000425
3107.315266,0.000391
3109.244077,0.000494
3111.172889,0.000583
3113.101700,0.000641
3115.030512,0.000507
3116.959323,0.000152
3118.888135,0.000221
3120.816946,0.000590
3122.745758,0.000719
3124.674569,0.000699
3126.603381,0.000604
3128.532192,0.000360
3130.461003,0.000181
3132.389815,0.000228
3134.318626,0.000278
3136.247438,0.000338
3138.176249,0.000484
3140.105061,0.000583
3142.033872,0.000604
3143.962684,0.000464
3145.891495,0.000382
3147.820307,0.000469
3149.749118,0.000467
3151.677930,0.000525
3153.606741,0.000561
3155.535552,0.000468
3157.464364,0.000514
3159.393175,0.000571
3161.321987,0.000476
3163.250798,0.000352
3165.179610,0.000292
3167.108421,0.000233
3169.037233,0.000266
3170.966044,0.000475
3172.894856,0.000587
3174.823667,0.000613
3176.752479,0.000698
3178.681290,0.000792
3180.610102,0.000889
3182.538913,0.000988
3184.467724,0.001024
3186.396536,0.000864
3188.325347,0.000702
3190.254159,0.000616
3192.182970,0.000474
3194.111782,0.000654
3196.040593,0.001018
3197.969405,0.000885
3199.898216,0.000779
3201.827028,0.001137
3203.755839,0.000982
3205.684651,0.000536
3207.613462,0.000563
3209.542273,0.000440
3211.471085,0.000396
3213.399896,0.000758
3215.328708,0.000847
3217.257519,0.000694
3219.186331,0.000657
3221.115142,0.000886
3223.043954,0.001193
3224.972765,0.001316
3226.901577,0.001434
3228.830388,0.001519
3230.759200,0.001327
3232.688011,0.000901
3234.616822,0.000586
3236.545634,0.000674
3238.474445,0.001040
3240.403257,0.001344
3242.332068,0.001491
3244.260880,0.001564
3246.189691,0.001419
3248.118503,0.001049
3250.047314,0.000932
3251.976126,0.001164
3253.904937,0.001281
3255.833749,0.001499
3257.762560,0.001772
3259.691371,0.001377
3261.620183,0.000914
3263.548994,0.001039
3265.477806,0.001262
3267.406617,0.001326
3269.335429,0.001341
3271.264240,0.001496
3273.193052,0.001439
3275.121863,0.000943
3277.050675,0.000789
3278.979486,0.001031
3280.908298,0.001144
3282.837109,0.001265
3284.765920,0.001236
3286.694732,0.001095
3288.623543,0.001271
3290.552355,0.001214
3292.481166,0.000845
3294.409978,0.000790
3296.338789,0.000739
3298.267601,0.000774
3300.196412,0.001222
3302.125224,0.001458
3304.054035,0.001206
3305.982847,0.000730
3307.911658,0.000439
3309.840469,0.000870
3311.769281,0.001432
3313.698092,0.001285
3315.626904,0.001135
3317.555715,0.001156
3319.484527,0.000623
3321.413338,0.000381
3323.342150,0.000980
3325.270961,0.001230
3327.199773,0.001052
3329.128584,0.001307
3331.057396,0.001635
3332.986207,0.001604
3334.915018,0.001490
3336.843830,0.001292
3338.772641,0.000994
3340.701453,0.001022
3342.630264,0.001285
3344.559076,0.001192
3346.487887,0.001034
3348.416699,0.001215
3350.345510,0.001419
3352.274322,0.001449
3354.203133,0.001294
3356.131945,0.001305
3358.060756,0.001490
3359.989568,0.001433
3361.918379,0.001228
3363.847190,0.000894
3365.776002,0.000846
3367.704813,0.001324
3369.633625,0.001565
3371.562436,0.001316
3373.491248,0.001082
3375.420059,0.001311
3377.348871,0.001651
3379.277682,0.001773
3381.206494,0.001835
3383.135305,0.001458
3385.064117,0.000969
3386.992928,0.001237
3388.921739,0.001630
3390.850551,0.001313
3392.779362,0.000965
3394.708174,0.001024
3396.636985,0.001011
3398.565797,0.001097
3400.494608,0.001257
3402.423420,0.001233
3404.352231,0.001470
3406.281043,0.001678
3408.209854,0.001370
3410.138666,0.001310
3412.067477,0.001649
3413.996288,0.001293
3415.925100,0.000693
3417.853911,0.001014
3419.782723,0.001470
3421.711534,0.001303
3423.640346,0.001090
3425.569157,0.001136
3427.497969,0.001154
3429.426780,0.001236
3431.355592,0.001752
3433.284403,0.002079
3435.213215,0.001652
3437.142026,0.001327
3439.070837,0.001298
3440.999649,0.001085
3442.928460,0.001103
3444.857272,0.001081
3446.786083,0.000765
3448.714895,0.000700
3450.643706,0.000561
3452.572518,0.000589
3454.501329,0.001048
3456.430141,0.001038
3458.358952,0.000868
3460.287764,0.001288
3462.216575,0.001659
3464.145386,0.001398
3466.074198,0.001079
3468.003009,0.001082
3469.931821,0.001267
3471.860632,0.001484
3473.789444,0.001123
3475.718255,0.000433
3477.647067,0.000198
3479.575878,0.000336
3481.504690,0.000627
3483.433501,0.000701
3485.362313,0.000600
3487.291124,0.000710
3489.219935,0.000795
3491.148747,0.000761
3493.077558,0.000679
3495.006370,0.000374
3496.935181,0.000039
3498.863993,0.000089
3500.792804,0.000213
3502.721616,0.000133
3504.650427,-0.000024
3506.579239,-0.000246
3508.508050,-0.000121
3510.436862,0.000480
3512.365673,0.000808
3514.294484,0.001215
3516.223296,0.001649
3518.152107,0.001009
3520.080919,0.000191
3522.009730,0.000072
3523.938542,-0.000013
3525.867353,0.000117
3527.796165,0.000420
3529.724976,0.000451
3531.653788,0.000577
3533.582599,0.000820
3535.511411,0.000789
3537.440222,0.000481
3539.369034,0.000401
3541.297845,0.000559
3543.226656,0.000608
3545.155468,0.000781
3547.084279,0.000924
3549.013091,0.000861
3550.941902,0.000800
3552.870714,0.000954
3554.799525,0.001559
3556.728337,0.001808
3558.657148,0.001467
3560.585960,0.001329
3562.514771,0.001229
3564.443583,0.001187
3566.372394,0.001044
3568.301205,0.000802
3570.230017,0.001458
3572.158828,0.002043
3574.087640,0.001777
3576.016451,0.001923
3577.945263,0.002501
3579.874074,0.002511
3581.802886,0.002249
3583.731697,0.002117
3585.660509,0.001444
3587.589320,0.000912
3589.518132,0.001593
3591.446943,0.002012
3593.375754,0.001755
3595.304566,0.001708
3597.233377,0.001685
3599.162189,0.001716
3601.091000,0.002057
3603.019812,0.002181
3604.948623,0.001733
3606.877435,0.001119
3608.806246,0.000888
3610.735058,0.001157
3612.663869,0.001119
3614.592681,0.000844
3616.521492,0.000763
3618.450303,0.000135
3620.379115,-0.000000
3622.307926,0.000848
3624.236738,0.001208
3626.165549,0.000580
3628.094361,-0.001137
3630.023172,-0.001729
3631.951984,-0.000443
3633.880795,0.000250
3635.809607,0.000658
3637.738418,0.001154
3639.667230,0.001148
3641.596041,0.001187
3643.524852,0.001293
3645.453664,0.000647
3647.382475,-0.000770
3649.311287,-0.002114
3651.240098,-0.001956
3653.168910,-0.000640
3655.097721,-0.000296
3657.026533,-0.000459
3658.955344,0.000337
3660.884156,0.000943
3662.812967,0.000925
3664.741779,0.000885
3666.670590,0.000640
3668.599401,-0.000270
3670.528213,-0.000952
3672.457024,-0.000728
3674.385836,-0.001301
3676.314647,-0.001898
3678.243459,-0.000988
3680.172270,-0.000072
3682.101082,0.000401
3684.029893,0.000565
3685.958705,0.000286
3687.887516,-0.000702
3689.816328,-0.001815
3691.745139,-0.001366
3693.673951,-0.000037
3695.602762,0.000449
3697.531573,0.000382
3699.460385,0.000361
3701.389196,-0.000156
3703.318008,-0.000400
3705.246819,-0.000060
3707.175631,-0.000452
3709.104442,-0.001287
3711.033254,-0.001835
3712.962065,-0.001703
3714.890877,-0.000799
3716.819688,-0.000044
3718.748500,0.000293
3720.677311,0.000203
3722.606122,-0.000090
3724.534934,-0.000229
3726.463745,-0.000334
3728.392557,-0.000171
3730.321368,-0.000212
3732.250180,-0.001210
3734.178991,-0.002110
3736.107803,-0.001834
3738.036614,-0.001066
3739.965426,-0.000492
3741.894237,-0.000767
3743.823049,-0.002417
3745.751860,-0.003344
3747.680671,-0.002716
3749.609483,-0.002795
3751.538294,-0.003073
3753.467106,-0.002233
3755.395917,-0.001193
3757.324729,-0.000733
3759.253540,-0.000780
3761.182352,-0.000515
3763.111163,-0.000090
3765.039975,-0.000065
3766.968786,-0.000167
3768.897598,-0.000626
3770.826409,-0.000930
3772.755220,-0.000169
3774.684032,0.000596
3776.612843,0.000457
3778.541655,-0.000136
3780.470466,-0.000359
3782.399278,-0.000038
3784.328089,0.000220
3786.256901,0.000282
3788.185712,0.000409
3790.114524,0.000510
3792.043335,0.000576
3793.972147,0.000394
3795.900958,-0.000174
3797.829769,-0.000409
3799.758581,-0.000929
3801.687392,-0.001927
3803.616204,-0.001524
3805.545015,-0.001039
3807.473827,-0.001182
3809.402638,-0.000429
3811.331450,0.000481
3813.260261,0.000325
3815.189073,-0.001089
3817.117884,-0.001882
3819.046696,-0.001709
3820.975507,-0.002281
3822.904318,-0.001723
3824.833130,-0.000433
3826.761941,-0.000319
3828.690753,-0.000434
3830.619564,-0.000890
3832.548376,-0.001518
3834.477187,-0.001410
3836.405999,-0.001635
3838.334810,-0.002238
3840.263622,-0.001884
3842.192433,-0.001159
3844.121245,-0.000481
3846.050056,0.000260
3847.978867,0.000009
3849.907679,-0.000966
3851.836490,-0.002042
3853.765302,-0.003315
3855.694113,-0.002557
3857.622925,-0.000940
3859.551736,-0.000680
3861.480548,-0.000696
3863.409359,-0.000720
3865.338171,-0.000924
3867.266982,-0.000704
3869.195794,-0.001067
3871.124605,-0.001446
3873.053417,-0.000838
3874.982228,-0.000361
3876.911039,-0.000082
3878.839851,-0.000301
3880.768662,-0.000883
3882.697474,-0.000778
3884.626285,-0.000955
3886.555097,-0.000901
3888.483908,0.000008
3890.412720,-0.000039
3892.341531,-0.000329
3894.270343,0.000180
3896.199154,0.000296
3898.127966,-0.000183
3900.056777,-0.000895
3901.985588,-0.001598
3903.914400,-0.001641
3905.843211,-0.000743
3907.772023,0.000096
3909.700834,0.000231
3911.629646,0.000270
3913.558457,0.000224
3915.487269,-0.000044
3917.416080,-0.000273
3919.344892,-0.000324
3921.273703,-0.000059
3923.202515,-0.000062
3925.131326,-0.000245
3927.060137,0.000102
3928.988949,0.000307
3930.917760,-0.000095
3932.846572,-0.000429
3934.775383,-0.000167
3936.704195,0.000181
3938.633006,0.000138
3940.561818,0.000147
3942.490629,0.000316
3944.419441,0.000514
3946.348252,0.000609
3948.277064,0.000298
3950.205875,0.000032
3952.134686,0.000057
3954.063498,0.000103
3955.992309,0.000304
3957.921121,0.000469
3959.849932,0.000418
3961.778744,0.000366
3963.707555,0.000407
3965.636367,0.000554
3967.565178,0.000561
3969.493990,0.000508
3971.422801,0.000531
3973.351613,0.000527
3975.280424,0.000689
3977.209235,0.000605
3979.138047,0.000110
3981.066858,-0.000025
3982.995670,0.000298
3984.924481,0.000683
3986.853293,0.000887
3988.782104,0.000793
3990.710916,0.000613
3992.639727,0.000732
3994.568539,0.000787
3996.497350,0.000338
3998.426162,0.000221
4000.354973,0.000476
