898.826141,0.003552
900.754953,0.003064
902.683764,0.005236
904.612576,0.000413
906.541387,-0.003181
908.470199,-0.002763
910.399010,-0.003877
912.327822,-0.005244
914.256633,0.000254
916.185445,0.005473
918.114256,0.000407
920.043068,-0.002656
921.971879,-0.000533
923.900690,0.001353
925.829502,0.001291
927.758313,0.000341
929.687125,-0.000099
931.615936,-0.000037
933.544748,-0.000338
935.473559,-0.000929
937.402371,-0.000579
939.331182,-0.000029
941.259994,-0.000156
943.188805,0.000592
945.117617,0.001143
947.046428,0.000522
948.975240,0.000020
950.904051,-0.000333
952.832862,-0.001135
954.761674,-0.002240
956.690485,-0.002653
958.619297,-0.002291
960.548108,-0.002158
962.476920,-0.001890
964.405731,-0.001209
966.334543,-0.000969
968.263354,-0.000983
970.192166,-0.000389
972.120977,0.000237
974.049789,-0.000108
975.978600,-0.000746
977.907411,-0.000627
979.836223,-0.000635
981.765034,-0.000981
983.693846,-0.000563
985.622657,-0.000255
987.551469,-0.000241
989.480280,0.000682
991.409092,0.001410
993.337903,0.001077
995.266715,0.000541
997.195526,-0.000331
999.124338,-0.001208
1001.053149,-0.000421
1002.981960,0.001219
1004.910772,0.001689
1006.839583,0.001265
1008.768395,0.000859
1010.697206,0.000196
1012.626018,-0.000174
1014.554829,-0.000211
1016.483641,0.000022
1018.412452,0.000091
1020.341264,-0.000492
1022.270075,-0.000759
1024.198887,-0.000336
1026.127698,-0.000127
1028.056509,-0.000477
1029.985321,-0.000756
1031.914132,-0.000587
1033.842944,-0.000532
1035.771755,-0.000747
1037.700567,-0.000687
1039.629378,-0.000559
1041.558190,-0.000850
1043.487001,-0.000805
1045.415813,-0.000143
1047.344624,0.000005
1049.273436,-0.000290
1051.202247,-0.000046
1053.131058,0.000547
1055.059870,0.000495
1056.988681,-0.000295
1058.917493,-0.000437
1060.846304,-0.000065
1062.775116,0.000121
1064.703927,0.000004
1066.632739,-0.000326
1068.561550,-0.000142
1070.490362,0.000288
1072.419173,0.000146
1074.347985,0.000025
1076.276796,0.000164
1078.205607,0.000202
1080.134419,0.000222
1082.063230,0.000195
1083.992042,0.000003
1085.920853,-0.000052
1087.849665,0.000214
1089.778476,0.000385
1091.707288,0.000575
1093.636099,0.000738
1095.564911,0.000456
1097.493722,0.000541
1099.422534,0.000982
1101.351345,0.000970
1103.280156,0.000911
1105.208968,0.000920
1107.137779,0.000879
1109.066591,0.000949
1110.995402,0.001099
1112.924214,0.001277
1114.853025,0.001246
1116.781837,0.001215
1118.710648,0.001421
1120.639460,0.001348
1122.568271,0.000858
1124.497083,0.000537
1126.425894,0.000557
1128.354706,0.000424
1130.283517,0.000331
1132.212328,0.000496
1134.141140,0.000352
1136.069951,0.000220
1137.998763,0.000536
1139.927574,0.000840
1141.856386,0.000830
1143.785197,0.000625
1145.714009,0.000657
1147.642820,0.000722
1149.571632,0.000434
1151.500443,0.000198
1153.429255,0.000133
1155.358066,0.000181
1157.286877,0.000413
1159.215689,0.000695
1161.144500,0.000732
1163.073312,0.000385
1165.002123,0.000093
1166.930935,0.000028
1168.859746,0.000033
1170.788558,0.000171
1172.717369,0.000338
1174.646181,0.000439
1176.574992,0.000502
1178.503804,0.000525
1180.432615,0.000343
1182.361426,-0.000028
1184.290238,-0.000206
1186.219049,-0.000282
1188.147861,-0.000381
1190.076672,-0.000265
1192.005484,-0.000221
1193.934295,-0.000400
1195.863107,-0.000222
1197.791918,0.000189
1199.720730,0.000050
1201.649541,-0.000279
1203.578353,-0.000165
1205.507164,-0.000029
1207.435975,-0.000226
1209.364787,-0.000494
1211.293598,-0.000466
1213.222410,-0.000193
1215.151221,-0.000295
1217.080033,-0.000397
1219.008844,0.000049
1220.937656,0.000456
1222.866467,0.000313
1224.795279,0.000089
1226.724090,0.000378
1228.652902,0.000589
1230.581713,0.000319
1232.510524,0.000353
1234.439336,0.000600
1236.368147,0.000822
1238.296959,0.001324
1240.225770,0.001787
1242.154582,0.002508
1244.083393,0.003634
1246.012205,0.004461
1247.941016,0.005299
1249.869828,0.006576
1251.798639,0.007677
1253.727451,0.007838
1255.656262,0.007385
1257.585073,0.007451
1259.513885,0.008296
1261.442696,0.009345
1263.371508,0.009437
1265.300319,0.008537
1267.229131,0.008387
1269.157942,0.008995
1271.086754,0.009021
1273.015565,0.008133
1274.944377,0.006860
1276.873188,0.005747
1278.802000,0.004568
1280.730811,0.003543
1282.659622,0.002879
1284.588434,0.002102
1286.517245,0.001327
1288.446057,0.000836
1290.374868,0.000779
1292.303680,0.000690
1294.232491,0.000366
1296.161303,0.000414
1298.090114,0.000434
1300.018926,0.000175
1301.947737,-0.000176
1303.876549,-0.000590
1305.805360,-0.000364
1307.734172,0.000154
1309.662983,-0.000138
1311.591794,-0.000718
1313.520606,-0.000592
1315.449417,-0.000217
1317.378229,-0.000075
1319.307040,0.000231
1321.235852,0.000944
1323.164663,0.001304
1325.093475,0.000985
1327.022286,0.001322
1328.951098,0.002365
1330.879909,0.002849
1332.808721,0.002860
1334.737532,0.002908
1336.666343,0.002867
1338.595155,0.002399
1340.523966,0.002254
1342.452778,0.002961
1344.381589,0.003401
1346.310401,0.003618
1348.239212,0.004350
1350.168024,0.004893
1352.096835,0.004821
1354.025647,0.004497
1355.954458,0.004217
1357.883270,0.004355
1359.812081,0.004534
1361.740892,0.004324
1363.669704,0.004035
1365.598515,0.004045
1367.527327,0.004434
1369.456138,0.004453
1371.384950,0.004340
1373.313761,0.004690
1375.242573,0.004620
1377.171384,0.004501
1379.100196,0.004653
1381.029007,0.004337
1382.957819,0.003844
1384.886630,0.003374
1386.815441,0.002977
1388.744253,0.003085
1390.673064,0.003312
1392.601876,0.003098
1394.530687,0.002960
1396.459499,0.003121
1398.388310,0.003286
1400.317122,0.003872
1402.245933,0.004151
1404.174745,0.003979
1406.103556,0.004319
1408.032368,0.004528
1409.961179,0.004448
1411.889990,0.004278
1413.818802,0.003778
1415.747613,0.003193
1417.676425,0.002517
1419.605236,0.003072
1421.534048,0.004388
1423.462859,0.004481
1425.391671,0.004512
1427.320482,0.004593
1429.249294,0.004180
1431.178105,0.004358
1433.106917,0.004185
1435.035728,0.002926
1436.964539,0.002559
1438.893351,0.003567
1440.822162,0.004214
1442.750974,0.004290
1444.679785,0.003843
1446.608597,0.003390
1448.537408,0.003669
1450.466220,0.003707
1452.395031,0.003205
1454.323843,0.002273
1456.252654,0.001018
1458.181466,0.001738
1460.110277,0.003328
1462.039089,0.003443
1463.967900,0.002577
1465.896711,0.002353
1467.825523,0.002967
1469.754334,0.002585
1471.683146,0.001489
1473.611957,0.001460
1475.540769,0.002036
1477.469580,0.002599
1479.398392,0.002745
1481.327203,0.002655
1483.256015,0.002771
1485.184826,0.002281
1487.113638,0.001265
1489.042449,0.000713
1490.971260,0.001313
1492.900072,0.002217
1494.828883,0.001654
1496.757695,0.000553
1498.686506,0.000917
1500.615318,0.001881
1502.544129,0.001988
1504.472941,0.000006
1506.401752,-0.002241
1508.330564,-0.000554
1510.259375,0.001433
1512.188187,0.001802
1514.116998,0.001465
1516.045809,0.000730
1517.974621,0.000272
1519.903432,-0.000190
1521.832244,-0.000232
1523.761055,0.000920
1525.689867,0.001719
1527.618678,0.002266
1529.547490,0.003007
1531.476301,0.002659
1533.405113,0.001707
1535.333924,0.002076
1537.262736,0.001600
1539.191547,-0.000592
1541.120358,-0.000244
1543.049170,0.001722
1544.977981,0.003060
1546.906793,0.003952
1548.835604,0.004319
1550.764416,0.004986
1552.693227,0.004913
1554.622039,0.004033
1556.550850,0.003238
1558.479662,0.002830
1560.408473,0.006722
1562.337285,0.011253
1564.266096,0.013894
1566.194907,0.016568
1568.123719,0.019316
1570.052530,0.024104
1571.981342,0.031275
1573.910153,0.037434
1575.838965,0.045787
1577.767776,0.058718
1579.696588,0.071904
1581.625399,0.085865
1583.554211,0.101634
1585.483022,0.118909
1587.411834,0.137662
1589.340645,0.158107
1591.269456,0.179116
1593.198268,0.197922
1595.127079,0.213080
1597.055891,0.223325
1598.984702,0.228862
1600.913514,0.229190
1602.842325,0.224737
1604.771137,0.217533
1606.699948,0.206592
1608.628760,0.192476
1610.557571,0.174250
1612.486383,0.154594
1614.415194,0.133145
1616.344005,0.112514
1618.272817,0.128733
1620.201628,0.180937
1622.130440,0.236592
1624.059251,0.278637
1625.988063,0.301807
1627.916874,0.311166
1629.845686,0.306811
1631.774497,0.287178
1633.703309,0.257955
1635.632120,0.218691
1637.560932,0.179839
1639.489743,0.147609
1641.418555,0.114843
1643.347366,0.085431
1645.276177,0.060709
1647.204989,0.039013
1649.133800,0.025575
1651.062612,0.015860
1652.991423,0.006799
1654.920235,0.005420
1656.849046,0.006876
1658.777858,0.006498
1660.706669,0.005001
1662.635481,0.003864
1664.564292,0.004440
1666.493104,0.004701
1668.421915,0.002971
1670.350726,0.002456
1672.279538,0.003414
1674.208349,0.003198
1676.137161,0.003125
1678.065972,0.003826
1679.994784,0.003635
1681.923595,0.002086
1683.852407,0.000493
1685.781218,0.001528
1687.710030,0.002827
1689.638841,0.002534
1691.567653,0.002240
1693.496464,0.000809
1695.425275,-0.000786
1697.354087,0.000776
1699.282898,0.000668
1701.211710,-0.001076
1703.140521,-0.000214
1705.069333,0.000625
1706.998144,0.001535
1708.926956,0.002666
1710.855767,0.002600
1712.784579,0.002102
1714.713390,0.001446
1716.642202,0.000382
1718.571013,0.000498
1720.499824,0.001868
1722.428636,0.002533
1724.357447,0.002679
1726.286259,0.003049
1728.215070,0.003124
1730.143882,0.003095
1732.072693,0.002351
1734.001505,0.002021
1735.930316,0.004459
1737.859128,0.006044
1739.787939,0.006012
1741.716751,0.006449
1743.645562,0.007001
1745.574373,0.007083
1747.503185,0.006673
1749.431996,0.005798
1751.360808,0.005899
1753.289619,0.007093
1755.218431,0.007188
1757.147242,0.006651
1759.076054,0.006459
1761.004865,0.005187
1762.933677,0.003754
1764.862488,0.003129
1766.791300,0.002057
1768.720111,0.000842
1770.648922,-0.000567
1772.577734,-0.001518
1774.506545,-0.000742
1776.435357,0.000051
1778.364168,-0.000027
1780.292980,-0.000129
1782.221791,0.000089
1784.150603,0.000216
1786.079414,0.000357
1788.008226,0.000623
1789.937037,0.000062
1791.865849,-0.000869
1793.794660,-0.000488
1795.723471,0.000221
1797.652283,0.000090
1799.581094,-0.000382
1801.509906,-0.000390
1803.438717,0.000297
1805.367529,0.000929
1807.296340,0.000885
1809.225152,0.000452
1811.153963,0.000294
1813.082775,0.000384
1815.011586,0.000306
1816.940398,0.000181
1818.869209,0.000089
1820.798021,0.000040
1822.726832,-0.000216
1824.655643,-0.000432
1826.584455,-0.000343
1828.513266,-0.000804
1830.442078,-0.000899
1832.370889,-0.000091
1834.299701,0.000149
1836.228512,0.000060
1838.157324,0.000219
1840.086135,0.000399
1842.014947,-0.000067
1843.943758,-0.000966
1845.872570,-0.000592
1847.801381,0.000237
1849.730192,0.000307
1851.659004,0.000343
1853.587815,0.000573
1855.516627,0.000621
1857.445438,0.000477
1859.374250,0.000313
1861.303061,-0.000058
1863.231873,-0.000467
1865.160684,-0.000468
1867.089496,-0.000636
1869.018307,-0.000885
1870.947119,-0.000426
1872.875930,0.000123
1874.804741,0.000309
1876.733553,0.000324
1878.662364,0.000117
1880.591176,-0.000212
1882.519987,-0.000390
1884.448799,-0.000104
1886.377610,0.000330
1888.306422,0.000281
1890.235233,0.000336
1892.164045,0.000697
1894.092856,0.000692
1896.021668,0.000565
1897.950479,0.000647
1899.879290,0.000855
1901.808102,0.001072
1903.736913,0.001105
1905.665725,0.000922
1907.594536,0.000740
1909.523348,0.000594
1911.452159,0.000306
1913.380971,0.000336
1915.309782,0.000403
1917.238594,0.000054
1919.167405,0.000231
1921.096217,0.000466
1923.025028,0.000188
1924.953839,0.000253
1926.882651,0.000477
1928.811462,0.000401
1930.740274,0.000185
1932.669085,0.000153
1934.597897,0.000263
1936.526708,0.000299
1938.455520,0.000343
1940.384331,0.000090
1942.313143,-0.000220
1944.241954,-0.000147
1946.170766,-0.000057
1948.099577,0.000065
1950.028388,0.000177
1951.957200,0.000117
1953.886011,0.000215
1955.814823,0.000454
1957.743634,0.000475
1959.672446,0.000315
1961.601257,0.000302
1963.530069,0.000362
1965.458880,0.000251
1967.387692,0.000305
1969.316503,0.000475
1971.245315,0.000141
1973.174126,-0.000230
1975.102938,0.000102
1977.031749,0.000582
1978.960560,0.000471
1980.889372,0.000238
1982.818183,0.000434
1984.746995,0.000530
1986.675806,0.000461
1988.604618,0.000407
1990.533429,0.000113
1992.462241,0.000056
1994.391052,0.000276
1996.319864,0.000475
1998.248675,0.000625
2000.177487,0.000269
2002.106298,-0.000100
2004.035109,0.000079
2005.963921,0.000236
2007.892732,0.000313
2009.821544,0.000534
2011.750355,0.000413
2013.679167,-0.000187
2015.607978,-0.000376
2017.536790,0.000083
2019.465601,0.000392
2021.394413,0.000330
2023.323224,0.000299
2025.252036,0.000571
2027.180847,0.000747
2029.109658,0.000562
2031.038470,0.000493
2032.967281,0.000424
2034.896093,0.000206
2036.824904,0.000155
2038.753716,0.000154
2040.682527,0.000323
2042.611339,0.000501
2044.540150,0.000222
2046.468962,0.000104
2048.397773,0.000285
2050.326585,0.000240
2052.255396,0.000313
2054.184207,0.000464
2056.113019,0.000396
2058.041830,0.000409
2059.970642,0.000405
2061.899453,0.000247
2063.828265,0.000218
2065.757076,0.000385
2067.685888,0.000361
2069.614699,-0.000091
2071.543511,-0.000312
2073.472322,-0.000050
2075.401134,-0.000005
2077.329945,-0.000149
2079.258756,-0.000019
2081.187568,0.000241
2083.116379,0.000283
2085.045191,0.000163
2086.974002,0.000141
2088.902814,-0.000032
2090.831625,-0.000366
2092.760437,-0.000363
2094.689248,-0.000221
2096.618060,-0.000205
2098.546871,0.000005
2100.475683,0.000202
2102.404494,0.000091
2104.333305,0.000076
2106.262117,0.000037
2108.190928,-0.000204
2110.119740,-0.000142
2112.048551,-0.000054
2113.977363,-0.000255
2115.906174,-0.000275
2117.834986,-0.000060
2119.763797,0.000144
2121.692609,0.000169
2123.621420,0.000066
2125.550232,0.000016
2127.479043,-0.000034
2129.407854,-0.000117
2131.336666,-0.000201
2133.265477,-0.000230
2135.194289,-0.000298
2137.123100,-0.000466
2139.051912,-0.000278
2140.980723,0.000085
2142.909535,-0.000099
2144.838346,-0.000250
2146.767158,0.000055
2148.695969,0.000096
2150.624781,0.000073
2152.553592,0.000352
2154.482404,0.000459
2156.411215,0.000333
2158.340026,0.000322
2160.268838,0.000497
2162.197649,0.000455
2164.126461,0.000152
2166.055272,0.000067
2167.984084,0.000100
2169.912895,-0.000011
2171.841707,0.000043
2173.770518,0.000358
2175.699330,0.000480
2177.628141,0.000490
2179.556953,0.000678
2181.485764,0.000821
2183.414575,0.000891
2185.343387,0.000790
2187.272198,0.000686
2189.201010,0.000955
2191.129821,0.001050
2193.058633,0.000973
2194.987444,0.001444
2196.916256,0.002072
2198.845067,0.002300
2200.773879,0.002362
2202.702690,0.002380
2204.631502,0.002462
2206.560313,0.002691
2208.489124,0.002731
2210.417936,0.002641
2212.346747,0.002603
2214.275559,0.002555
2216.204370,0.002708
2218.133182,0.002759
2220.061993,0.002118
2221.990805,0.001154
2223.919616,0.000731
2225.848428,0.001232
2227.777239,0.002229
2229.706051,0.003046
2231.634862,0.003559
2233.563673,0.003939
2235.492485,0.004060
2237.421296,0.003759
2239.350108,0.003408
2241.278919,0.003316
2243.207731,0.003081
2245.136542,0.002471
2247.065354,0.001784
2248.994165,0.001296
2250.922977,0.000962
2252.851788,0.000539
2254.780600,0.000250
2256.709411,0.000410
2258.638222,0.000490
2260.567034,0.000035
2262.495845,-0.000215
2264.424657,0.000203
2266.353468,0.000366
2268.282280,0.000181
2270.211091,0.000327
2272.139903,0.000457
2274.068714,0.000368
2275.997526,0.000319
2277.926337,0.000294
2279.855149,0.000364
2281.783960,0.000405
2283.712771,0.000310
2285.641583,0.000434
2287.570394,0.000751
2289.499206,0.000711
2291.428017,0.000338
2293.356829,0.000039
2295.285640,-0.000077
2297.214452,-0.000024
2299.143263,-0.000055
2301.072075,-0.000220
2303.000886,0.000000
2304.929698,0.000153
2306.858509,0.000336
2308.787320,0.000527
2310.716132,0.000651
2312.644943,0.000852
2314.573755,0.000875
2316.502566,0.000734
2318.431378,0.000703
2320.360189,0.000730
2322.289001,0.000679
2324.217812,0.000453
2326.146624,0.000351
2328.075435,0.000484
2330.004247,0.000334
2331.933058,0.000076
2333.861870,0.000126
2335.790681,0.000665
2337.719492,0.000757
2339.648304,0.000535
2341.577115,0.000736
2343.505927,0.000852
2345.434738,0.001651
2347.363550,0.003273
2349.292361,0.003849
2351.221173,0.003056
2353.149984,0.001859
2355.078796,0.000915
2357.007607,0.000355
2358.936419,-0.000014
2360.865230,-0.000070
2362.794041,0.000253
2364.722853,-0.000085
2366.651664,-0.000088
2368.580476,0.000267
2370.509287,0.000357
2372.438099,0.000565
2374.366910,0.001057
2376.295722,0.001237
2378.224533,0.001452
2380.153345,0.001658
2382.082156,0.001378
2384.010968,0.000971
2385.939779,0.000579
2387.868590,0.000089
2389.797402,0.000085
2391.726213,0.000005
2393.655025,0.000125
2395.583836,0.000275
2397.512648,0.000191
2399.441459,-0.000007
2401.370271,-0.000183
2403.299082,-0.000082
2405.227894,0.000180
2407.156705,0.000040
2409.085517,-0.000238
2411.014328,-0.000161
2412.943139,-0.000110
2414.871951,-0.000088
2416.800762,0.000064
2418.729574,-0.000033
2420.658385,0.000012
2422.587197,0.000330
2424.516008,0.000233
2426.444820,0.000035
2428.373631,0.000093
2430.302443,0.000179
2432.231254,0.000253
2434.160066,0.000113
2436.088877,0.000061
2438.017688,0.000250
2439.946500,0.000205
2441.875311,0.000248
2443.804123,0.000397
2445.732934,0.000233
2447.661746,0.000045
2449.590557,-0.000100
2451.519369,-0.000134
2453.448180,0.000135
2455.376992,0.000252
2457.305803,0.000035
2459.234615,-0.000106
2461.163426,-0.000070
2463.092237,0.000118
2465.021049,0.000166
2466.949860,-0.000100
2468.878672,-0.000006
2470.807483,0.000240
2472.736295,0.000136
2474.665106,0.000345
2476.593918,0.000578
2478.522729,0.000245
2480.451541,0.000053
2482.380352,0.000076
2484.309164,-0.000142
2486.237975,-0.000082
2488.166786,0.000339
2490.095598,0.000583
2492.024409,0.000738
2493.953221,0.000623
2495.882032,0.000412
2497.810844,0.000520
2499.739655,0.000475
2501.668467,0.000592
2503.597278,0.000848
2505.526090,0.000567
2507.454901,0.000346
2509.383713,0.000084
2511.312524,-0.000430
2513.241336,-0.000360
2515.170147,-0.000021
2517.098958,0.000182
2519.027770,0.000324
2520.956581,0.000100
2522.885393,-0.000040
2524.814204,0.000151
2526.743016,0.000242
2528.671827,0.000342
2530.600639,0.000339
2532.529450,0.000208
2534.458262,0.000267
2536.387073,0.000201
2538.315885,0.000205
2540.244696,0.000573
2542.173507,0.000578
2544.102319,0.000323
2546.031130,0.000306
2547.959942,0.000390
2549.888753,0.000681
2551.817565,0.000626
2553.746376,0.000113
2555.675188,0.000116
2557.603999,0.000145
2559.532811,-0.000154
2561.461622,0.000088
2563.390434,0.000578
2565.319245,0.000594
2567.248056,0.000438
2569.176868,0.000510
2571.105679,0.000438
2573.034491,0.000127
2574.963302,0.000077
2576.892114,0.000348
2578.820925,0.000601
2580.749737,0.000475
2582.678548,0.000319
2584.607360,0.000608
2586.536171,0.000883
2588.464983,0.000818
2590.393794,0.000482
2592.322605,0.000178
2594.251417,0.000130
2596.180228,0.000147
2598.109040,0.000338
2600.037851,0.000662
2601.966663,0.000555
2603.895474,0.000044
2605.824286,-0.000059
2607.753097,0.000195
2609.681909,0.000319
2611.610720,0.000628
2613.539532,0.000773
2615.468343,0.000510
2617.397154,0.000477
2619.325966,0.000712
2621.254777,0.000819
2623.183589,0.000424
2625.112400,-0.000042
2627.041212,-0.000011
2628.970023,0.000033
2630.898835,0.000090
2632.827646,0.000369
2634.756458,0.000424
2636.685269,0.000419
2638.614081,0.000529
2640.542892,0.000351
2642.471703,0.000245
2644.400515,0.000371
2646.329326,0.000206
2648.258138,0.000130
2650.186949,0.000313
2652.115761,0.000353
2654.044572,0.000318
2655.973384,0.000071
2657.902195,-0.000225
2659.831007,-0.000183
2661.759818,-0.000281
2663.688630,-0.000483
2665.617441,-0.000083
2667.546253,0.000432
2669.475064,0.000413
2671.403875,0.000174
2673.332687,-0.000030
2675.261498,0.000001
2677.190310,0.000373
2679.119121,0.000661
2681.047933,0.000431
2682.976744,0.000156
2684.905556,0.000404
2686.834367,0.000487
2688.763179,0.000174
2690.691990,0.000027
2692.620802,-0.000009
2694.549613,0.000160
2696.478424,0.000457
2698.407236,0.000279
2700.336047,-0.000329
2702.264859,-0.000497
2704.193670,-0.000064
2706.122482,0.000129
2708.051293,0.000094
2709.980105,0.000089
2711.908916,0.000001
2713.837728,0.000252
2715.766539,0.000567
2717.695351,0.000316
2719.624162,-0.000068
2721.552973,-0.000102
2723.481785,0.000044
2725.410596,0.000012
2727.339408,-0.000145
2729.268219,0.000070
2731.197031,0.000499
2733.125842,0.000344
2735.054654,-0.000231
2736.983465,-0.000391
2738.912277,-0.000057
2740.841088,0.000298
2742.769900,0.000319
2744.698711,0.000070
2746.627522,0.000067
2748.556334,0.000267
2750.485145,0.000044
2752.413957,-0.000215
2754.342768,-0.000063
2756.271580,-0.000094
2758.200391,-0.000190
2760.129203,0.000119
2762.058014,0.000361
2763.986826,0.000267
2765.915637,0.000221
2767.844449,0.000264
2769.773260,0.000304
2771.702071,0.000350
2773.630883,0.000054
2775.559694,-0.000233
2777.488506,-0.000030
2779.417317,0.000167
2781.346129,0.000254
2783.274940,0.000179
2785.203752,-0.000080
2787.132563,-0.000086
2789.061375,-0.000101
2790.990186,-0.000239
2792.918998,-0.000199
2794.847809,-0.000017
2796.776620,0.000138
2798.705432,-0.000013
2800.634243,-0.000222
2802.563055,-0.000139
2804.491866,-0.000063
2806.420678,-0.000172
2808.349489,-0.000253
2810.278301,-0.000087
2812.207112,0.000149
2814.135924,0.000186
2816.064735,0.000133
2817.993547,0.000043
2819.922358,-0.000277
2821.851169,-0.000714
2823.779981,-0.000563
2825.708792,-0.000054
2827.637604,-0.000072
2829.566415,-0.000145
2831.495227,-0.000062
2833.424038,-0.000053
2835.352850,0.000057
2837.281661,-0.000097
2839.210473,-0.000153
2841.139284,0.000231
2843.068096,0.000588
2844.996907,0.000677
2846.925719,0.000222
2848.854530,-0.000148
2850.783341,-0.000047
2852.712153,-0.000067
2854.640964,0.000113
2856.569776,0.000651
2858.498587,0.001103
2860.427399,0.001313
2862.356210,0.001506
2864.285022,0.001967
2866.213833,0.002603
2868.142645,0.003518
2870.071456,0.004378
2872.000268,0.004636
2873.929079,0.004998
2875.857890,0.006067
2877.786702,0.007282
2879.715513,0.008156
2881.644325,0.008985
2883.573136,0.009833
2885.501948,0.010494
2887.430759,0.011322
2889.359571,0.011878
2891.288382,0.011514
2893.217194,0.010938
2895.146005,0.010490
2897.074817,0.010063
2899.003628,0.009508
2900.932439,0.008404
2902.861251,0.007013
2904.790062,0.005487
2906.718874,0.005004
2908.647685,0.007307
2910.576497,0.010888
2912.505308,0.014166
2914.434120,0.017199
2916.362931,0.018822
2918.291743,0.018972
2920.220554,0.018111
2922.149366,0.015947
2924.078177,0.013449
2926.006988,0.010808
2927.935800,0.007641
2929.864611,0.004822
2931.793423,0.002838
2933.722234,0.001437
2935.651046,0.000223
2937.579857,-0.000707
2939.508669,-0.000858
2941.437480,-0.000453
2943.366292,-0.000261
2945.295103,-0.000374
2947.223915,-0.000006
2949.152726,0.000215
2951.081537,-0.000564
2953.010349,-0.000803
2954.939160,-0.000343
2956.867972,-0.000255
2958.796783,0.000077
2960.725595,0.000250
2962.654406,-0.000090
2964.583218,0.000062
2966.512029,0.000550
2968.440841,0.000775
2970.369652,0.000294
2972.298464,-0.000577
2974.227275,-0.000678
2976.156086,-0.000267
2978.084898,-0.000035
2980.013709,-0.000145
2981.942521,-0.000458
2983.871332,-0.000251
2985.800144,0.000061
2987.728955,-0.000226
2989.657767,-0.000556
2991.586578,-0.000607
2993.515390,-0.000495
2995.444201,-0.000286
2997.373013,-0.000127
2999.301824,-0.000236
3001.230635,-0.000511
3003.159447,-0.000625
3005.088258,-0.000832
3007.017070,-0.000837
3008.945881,-0.000119
3010.874693,0.000307
3012.803504,-0.000109
3014.732316,-0.000467
3016.661127,-0.000337
3018.589939,-0.000080
3020.518750,-0.000189
3022.447562,-0.000450
3024.376373,-0.000318
3026.305185,-0.000203
3028.233996,-0.000394
3030.162807,-0.000625
3032.091619,-0.000708
3034.020430,-0.000230
3035.949242,0.000230
3037.878053,-0.000059
3039.806865,-0.000353
3041.735676,-0.000366
3043.664488,-0.000191
3045.593299,0.000172
3047.522111,0.000249
3049.450922,0.000148
3051.379734,-0.000083
3053.308545,-0.000356
3055.237356,-0.000289
3057.166168,-0.000439
3059.094979,-0.000756
3061.023791,-0.000795
3062.952602,-0.000989
3064.881414,-0.001070
3066.810225,-0.000927
3068.739037,-0.000936
3070.667848,-0.000686
3072.596660,-0.000315
3074.525471,-0.000181
3076.454283,-0.000207
3078.383094,-0.000703
3080.311905,-0.000975
3082.240717,-0.000516
3084.169528,-0.000478
3086.098340,-0.000513
3088.027151,0.000163
3089.955963,0.000392
3091.884774,0.000041
3093.813586,0.000025
3095.742397,0.000076
3097.671209,-0.000404
3099.600020,-0.000814
3101.528832,-0.000355
3103.457643,-0.000090
3105.386454,-0.000377
3107.315266,-0.000250
3109.244077,-0.000288
3111.172889,-0.000147
3113.101700,0.000666
3115.030512,0.000435
3116.959323,-0.000542
3118.888135,-0.000747
3120.816946,-0.000573
3122.745758,-0.000480
3124.674569,-0.000603
3126.603381,-0.000790
3128.532192,-0.000715
3130.461003,-0.000553
3132.389815,-0.000286
3134.318626,-0.000009
3136.247438,-0.000047
3138.176249,-0.000198
3140.105061,0.000083
3142.033872,0.000588
3143.962684,0.000453
3145.891495,0.000029
3147.820307,-0.000137
3149.749118,-0.000209
3151.677930,-0.000058
3153.606741,-0.000083
3155.535552,-0.000403
3157.464364,-0.000400
3159.393175,-0.000078
3161.321987,0.000252
3163.250798,0.000331
3165.179610,0.000026
3167.108421,-0.000266
3169.037233,0.000034
3170.966044,0.000354
3172.894856,0.000206
3174.823667,0.000018
3176.752479,-0.000499
3178.681290,-0.000505
3180.610102,0.000551
3182.538913,0.001171
3184.467724,0.001173
3186.396536,0.000617
3188.325347,-0.000202
3190.254159,-0.000250
3192.182970,-0.000208
3194.111782,-0.000445
3196.040593,-0.000475
3197.969405,-0.000421
3199.898216,-0.000140
3201.827028,0.000404
3203.755839,0.000661
3205.684651,0.000608
3207.613462,0.000586
3209.542273,0.000336
3211.471085,0.000215
3213.399896,0.000276
3215.328708,-0.000160
3217.257519,-0.000609
3219.186331,-0.000989
3221.115142,-0.000896
3223.043954,0.000124
3224.972765,0.000410
3226.901577,-0.000256
3228.830388,-0.000625
3230.759200,-0.000704
3232.688011,-0.000542
3234.616822,0.000004
3236.545634,0.000651
3238.474445,0.001040
3240.403257,0.000973
3242.332068,0.000609
3244.260880,0.000576
3246.189691,0.000681
3248.118503,0.000341
3250.047314,0.000067
3251.976126,0.000080
3253.904937,0.000469
3255.833749,0.000957
3257.762560,0.000374
3259.691371,-0.000186
3261.620183,0.000701
3263.548994,0.001258
3265.477806,0.000805
3267.406617,0.000660
3269.335429,0.000712
3271.264240,0.000953
3273.193052,0.001056
3275.121863,0.000465
3277.050675,0.000384
3278.979486,0.000482
3280.908298,-0.000146
3282.837109,-0.000472
3284.765920,-0.000275
3286.694732,-0.000069
3288.623543,0.000018
3290.552355,-0.000162
3292.481166,-0.000631
3294.409978,-0.000819
3296.338789,-0.000272
3298.267601,0.000094
3300.196412,-0.000405
3302.125224,-0.000539
3304.054035,0.000460
3305.982847,0.000761
3307.911658,-0.000123
3309.840469,0.000127
3311.769281,0.001281
3313.698092,0.001251
3315.626904,0.000104
3317.555715,-0.000563
3319.484527,0.000124
3321.413338,0.000695
3323.342150,0.000028
3325.270961,-0.000347
3327.199773,0.000175
3329.128584,0.000407
3331.057396,0.000543
3332.986207,0.000748
3334.915018,0.000333
3336.843830,0.000109
3338.772641,0.000192
3340.701453,0.000038
3342.630264,0.000036
3344.559076,-0.000041
3346.487887,-0.000220
3348.416699,-0.000702
3350.345510,-0.000902
3352.274322,0.000129
3354.203133,0.000882
3356.131945,0.000868
3358.060756,0.000354
3359.989568,-0.000517
3361.918379,-0.000415
3363.847190,0.000106
3365.776002,0.000133
3367.704813,-0.000137
3369.633625,-0.000039
3371.562436,0.000676
3373.491248,0.000436
3375.420059,-0.000296
3377.348871,-0.000076
3379.277682,0.000538
3381.206494,0.001068
3383.135305,0.000761
3385.064117,-0.000090
3386.992928,-0.000271
3388.921739,-0.000583
3390.850551,-0.001197
3392.779362,-0.000793
3394.708174,0.000178
3396.636985,0.000545
3398.565797,0.000390
3400.494608,0.000270
3402.423420,0.000252
3404.352231,0.000147
3406.281043,0.000429
3408.209854,0.000818
3410.138666,0.000722
3412.067477,0.000805
3413.996288,0.000277
3415.925100,-0.001206
3417.853911,-0.001427
3419.782723,-0.000482
3421.711534,0.000007
3423.640346,0.000067
3425.569157,-0.000052
3427.497969,0.000036
3429.426780,0.000214
3431.355592,0.000260
3433.284403,0.000313
3435.213215,-0.000384
3437.142026,-0.000607
3439.070837,0.000397
3440.999649,0.000310
3442.928460,-0.000606
3444.857272,-0.001068
3446.786083,-0.001105
3448.714895,-0.000230
3450.643706,0.000397
3452.572518,-0.000462
3454.501329,-0.001094
3456.430141,-0.000275
3458.358952,0.000567
3460.287764,0.000702
3462.216575,0.000157
3464.145386,-0.000565
3466.074198,-0.000597
3468.003009,-0.000739
3469.931821,-0.001035
3471.860632,-0.000687
3473.789444,0.000130
3475.718255,0.000670
3477.647067,0.000371
3479.575878,0.000441
3481.504690,0.000319
3483.433501,-0.000405
3485.362313,0.000025
3487.291124,0.000403
3489.219935,0.000363
3491.148747,0.000784
3493.077558,0.000757
3495.006370,0.000588
3496.935181,0.000567
3498.863993,0.000199
3500.792804,-0.000079
3502.721616,0.000173
3504.650427,0.000242
3506.579239,-0.000403
3508.508050,-0.001261
3510.436862,-0.001432
3512.365673,-0.000404
3514.294484,0.000727
3516.223296,0.001342
3518.152107,0.001327
3520.080919,0.000103
3522.009730,-0.000667
3523.938542,0.000038
3525.867353,0.000293
3527.796165,-0.000265
3529.724976,-0.000341
3531.653788,-0.000311
3533.582599,-0.000168
3535.511411,0.000582
3537.440222,0.000407
3539.369034,-0.000264
3541.297845,0.000030
3543.226656,-0.000158
3545.155468,-0.001105
3547.084279,-0.001218
3549.013091,0.000027
3550.941902,0.001121
3552.870714,0.000480
3554.799525,-0.000321
3556.728337,-0.000051
3558.657148,0.000205
3560.585960,0.000184
3562.514771,0.000105
3564.443583,-0.000098
3566.372394,-0.000466
3568.301205,-0.000174
3570.230017,0.000901
3572.158828,0.000999
3574.087640,0.000586
3576.016451,0.000874
3577.945263,0.001239
3579.874074,0.001664
3581.802886,0.001717
3583.731697,0.001104
3585.660509,0.000539
3587.589320,0.000430
3589.518132,0.000904
3591.446943,0.000453
3593.375754,-0.000733
3595.304566,-0.000476
3597.233377,0.000300
3599.162189,0.000178
3601.091000,0.000415
3603.019812,0.001403
3604.948623,0.001339
3606.877435,0.000034
3608.806246,-0.000083
3610.735058,0.000907
3612.663869,0.001210
3614.592681,0.001064
3616.521492,0.000100
3618.450303,-0.001132
3620.379115,-0.000886
3622.307926,-0.000640
3624.236738,-0.000939
3626.165549,-0.000314
3628.094361,-0.000281
3630.023172,-0.001855
3631.951984,-0.002518
3633.880795,-0.001969
3635.809607,-0.001180
3637.738418,-0.000263
3639.667230,-0.000095
3641.596041,-0.000504
3643.524852,0.000000
3645.453664,-0.000035
3647.382475,-0.001374
3649.311287,-0.002386
3651.240098,-0.002551
3653.168910,-0.001458
3655.097721,-0.000599
3657.026533,-0.000539
3658.955344,0.000072
3660.884156,0.000320
3662.812967,0.000543
3664.741779,0.000914
3666.670590,0.000209
3668.599401,-0.000995
3670.528213,-0.001544
3672.457024,-0.000700
3674.385836,-0.000271
3676.314647,-0.000679
3678.243459,0.000012
3680.172270,0.000523
3682.101082,0.000162
3684.029893,0.000022
3685.958705,0.000093
3687.887516,-0.000585
3689.816328,-0.001523
3691.745139,-0.001094
3693.673951,-0.000180
3695.602762,0.000328
3697.531573,0.000737
3699.460385,0.000991
3701.389196,0.000803
3703.318008,0.000489
3705.246819,0.000694
3707.175631,0.000838
3709.104442,0.000325
3711.033254,-0.000488
3712.962065,-0.000621
3714.890877,0.000310
3716.819688,0.001153
3718.748500,0.001218
3720.677311,0.000722
3722.606122,0.000414
3724.534934,0.000400
3726.463745,0.000583
3728.392557,0.001515
3730.321368,0.001948
3732.250180,0.000917
3734.178991,-0.000037
3736.107803,0.000048
3738.036614,0.000890
3739.965426,0.002163
3741.894237,0.002289
3743.823049,0.000038
3745.751860,-0.001211
3747.680671,-0.000164
3749.609483,-0.000495
3751.538294,-0.001385
3753.467106,-0.000521
3755.395917,0.000474
3757.324729,0.000493
3759.253540,0.000106
3761.182352,0.000461
3763.111163,0.001104
3765.039975,0.001028
3766.968786,0.000756
3768.897598,0.000449
3770.826409,0.000295
3772.755220,0.000800
3774.684032,0.000987
3776.612843,0.000802
3778.541655,0.001137
3780.470466,0.001895
3782.399278,0.002305
3784.328089,0.001785
3786.256901,0.001705
3788.185712,0.002349
3790.114524,0.001737
3792.043335,0.000959
3793.972147,0.001217
3795.900958,0.001202
3797.829769,0.001192
3799.758581,0.000792
3801.687392,-0.000413
3803.616204,0.000026
3805.545015,0.000843
3807.473827,0.000419
3809.402638,0.000599
3811.331450,0.001441
3813.260261,0.001865
3815.189073,0.001072
3817.117884,-0.000259
3819.046696,-0.001122
3820.975507,-0.001927
3822.904318,-0.000979
3824.833130,0.000338
3826.761941,0.000390
3828.690753,0.000718
3830.619564,0.000700
3832.548376,0.000166
3834.477187,-0.000325
3836.405999,-0.000876
3838.334810,-0.000977
3840.263622,-0.000888
3842.192433,-0.000069
3844.121245,0.001153
3846.050056,0.001437
3847.978867,0.001431
3849.907679,0.001252
3851.836490,-0.000330
3853.765302,-0.002501
3855.694113,-0.002317
3857.622925,-0.000870
3859.551736,0.000188
3861.480548,0.000624
3863.409359,-0.000007
3865.338171,-0.000412
3867.266982,-0.000238
3869.195794,-0.000980
3871.124605,-0.001011
3873.053417,0.000187
3874.982228,0.000353
3876.911039,0.000159
3878.839851,0.000025
3880.768662,-0.000604
3882.697474,-0.000672
3884.626285,-0.000843
3886.555097,-0.000921
3888.483908,0.000211
3890.412720,0.000636
3892.341531,0.000384
3894.270343,0.000866
3896.199154,0.001121
3898.127966,0.000535
3900.056777,-0.000599
3901.985588,-0.001454
3903.914400,-0.001455
3905.843211,-0.000861
3907.772023,0.000059
3909.700834,0.000868
3911.629646,0.001318
3913.558457,0.001239
3915.487269,0.000687
3917.416080,-0.000071
3919.344892,-0.000494
3921.273703,-0.000030
3923.202515,-0.000003
3925.131326,-0.000556
3927.060137,-0.000235
3928.988949,-0.000055
3930.917760,-0.000253
3932.846572,0.000174
3934.775383,0.000580
3936.704195,0.000673
3938.633006,0.000602
3940.561818,0.000301
3942.490629,0.000242
3944.419441,0.000396
3946.348252,0.000156
3948.277064,0.000004
3950.205875,0.000406
3952.134686,0.000501
3954.063498,-0.000125
3955.992309,-0.000724
3957.921121,-0.000318
3959.849932,0.000722
3961.778744,0.000838
3963.707555,0.000193
3965.636367,-0.000341
3967.565178,-0.001015
3969.493990,-0.000835
3971.422801,0.000262
3973.351613,0.000106
3975.280424,-0.000228
3977.209235,0.000785
3979.138047,0.001048
3981.066858,0.000292
3982.995670,0.000342
3984.924481,0.000959
3986.853293,0.000885
3988.782104,0.000317
3990.710916,0.000113
3992.639727,-0.000111
3994.568539,-0.000526
3996.497350,-0.000419
3998.426162,0.000069
4000.354973,0.000503
