898.826141,0.003103
900.754953,0.001737
902.683764,-0.001515
904.612576,-0.001175
906.541387,0.000393
908.470199,-0.000180
910.399010,-0.000685
912.327822,-0.000292
914.256633,-0.000093
916.185445,-0.000062
918.114256,0.001098
920.043068,0.001910
921.971879,0.000388
923.900690,-0.000840
925.829502,-0.000177
927.758313,0.000309
929.687125,-0.000225
931.615936,-0.000296
933.544748,0.000481
935.473559,0.000434
937.402371,-0.000553
939.331182,-0.000525
941.259994,0.000341
943.188805,0.000375
945.117617,0.000181
947.046428,0.000388
948.975240,0.000310
950.904051,0.000381
952.832862,0.000490
954.761674,0.000291
956.690485,0.000092
958.619297,-0.000272
960.548108,-0.000501
962.476920,-0.000009
964.405731,0.000757
966.334543,0.001194
968.263354,0.000897
970.192166,0.000232
972.120977,0.000215
974.049789,0.000612
975.978600,0.000448
977.907411,0.000047
979.836223,0.000170
981.765034,0.000445
983.693846,0.000234
985.622657,-0.000149
987.551469,-0.000131
989.480280,0.000077
991.409092,0.000130
993.337903,0.000112
995.266715,0.000073
997.195526,0.000017
999.124338,-0.000089
1001.053149,-0.000183
1002.981960,-0.000015
1004.910772,0.000320
1006.839583,0.000431
1008.768395,0.000204
1010.697206,0.000104
1012.626018,0.000264
1014.554829,0.000210
1016.483641,-0.000076
1018.412452,-0.000264
1020.341264,-0.000112
1022.270075,0.000198
1024.198887,0.000171
1026.127698,0.000080
1028.056509,0.000197
1029.985321,0.000102
1031.914132,-0.000108
1033.842944,-0.000086
1035.771755,0.000014
1037.700567,0.000059
1039.629378,-0.000010
1041.558190,-0.000111
1043.487001,-0.000019
1045.415813,0.000048
1047.344624,-0.000007
1049.273436,-0.000032
1051.202247,-0.000134
1053.131058,-0.000167
1055.059870,-0.000069
1056.988681,-0.000031
1058.917493,-0.000025
1060.846304,-0.000023
1062.775116,-0.000011
1064.703927,-0.000016
1066.632739,-0.000030
1068.561550,-0.000000
1070.490362,0.000026
1072.419173,0.000049
1074.347985,0.000053
1076.276796,0.000028
1078.205607,-0.000038
1080.134419,-0.000004
1082.063230,0.000129
1083.992042,0.000055
1085.920853,-0.000032
1087.849665,0.000089
1089.778476,0.000109
1091.707288,-0.000027
1093.636099,-0.000038
1095.564911,0.000047
1097.493722,-0.000012
1099.422534,0.000003
1101.351345,0.000172
1103.280156,0.000057
1105.208968,-0.000209
1107.137779,-0.000153
1109.066591,0.000022
1110.995402,0.000007
1112.924214,-0.000008
1114.853025,0.000034
1116.781837,0.000005
1118.710648,-0.000062
1120.639460,-0.000116
1122.568271,-0.000096
1124.497083,-0.000061
1126.425894,-0.000103
1128.354706,-0.000087
1130.283517,0.000053
1132.212328,0.000123
1134.141140,-0.000062
1136.069951,-0.000235
1137.998763,-0.000068
1139.927574,0.000050
1141.856386,-0.000149
1143.785197,-0.000233
1145.714009,-0.000103
1147.642820,-0.000031
1149.571632,-0.000022
1151.500443,0.000024
1153.429255,0.000079
1155.358066,0.000066
1157.286877,0.000025
1159.215689,0.000016
1161.144500,0.000008
1163.073312,-0.000006
1165.002123,-0.000060
1166.930935,-0.000148
1168.859746,-0.000136
1170.788558,-0.000027
1172.717369,-0.000000
1174.646181,-0.000047
1176.574992,-0.000023
1178.503804,0.000081
1180.432615,0.000126
1182.361426,0.000031
1184.290238,0.000015
1186.219049,0.000096
1188.147861,0.000058
1190.076672,0.000063
1192.005484,0.000167
1193.934295,0.000114
1195.863107,-0.000044
1197.791918,-0.000058
1199.720730,0.000042
1201.649541,0.000071
1203.578353,-0.000001
1205.507164,-0.000057
1207.435975,-0.000033
1209.364787,0.000008
1211.293598,0.000072
1213.222410,0.000114
1215.151221,0.000032
1217.080033,-0.000029
1219.008844,0.000042
1220.937656,0.000112
1222.866467,0.000127
1224.795279,0.000147
1226.724090,0.000149
1228.652902,0.000164
1230.581713,0.000270
1232.510524,0.000361
1234.439336,0.000385
1236.368147,0.000420
1238.296959,0.000519
1240.225770,0.000588
1242.154582,0.000605
1244.083393,0.000749
1246.012205,0.000828
1247.941016,0.000830
1249.869828,0.001122
1251.798639,0.001365
1253.727451,0.001240
1255.656262,0.001119
1257.585073,0.001062
1259.513885,0.001062
1261.442696,0.001424
1263.371508,0.001726
1265.300319,0.001482
1267.229131,0.001243
1269.157942,0.001342
1271.086754,0.001436
1273.015565,0.001346
1274.944377,0.001230
1276.873188,0.001165
1278.802000,0.001029
1280.730811,0.000912
1282.659622,0.000810
1284.588434,0.000602
1286.517245,0.000502
1288.446057,0.000464
1290.374868,0.000330
1292.303680,0.000324
1294.232491,0.000407
1296.161303,0.000365
1298.090114,0.000343
1300.018926,0.000332
1301.947737,0.000144
1303.876549,-0.000030
1305.805360,-0.000064
1307.734172,-0.000081
1309.662983,-0.000084
1311.591794,-0.000028
1313.520606,0.000030
1315.449417,0.000026
1317.378229,0.000065
1319.307040,0.000093
1321.235852,0.000056
1323.164663,0.000066
1325.093475,0.000183
1327.022286,0.000586
1328.951098,0.000896
1330.879909,0.000837
1332.808721,0.000868
1334.737532,0.000835
1336.666343,0.000658
1338.595155,0.000587
1340.523966,0.000524
1342.452778,0.000617
1344.381589,0.000842
1346.310401,0.000941
1348.239212,0.000923
1350.168024,0.001011
1352.096835,0.001309
1354.025647,0.001491
1355.954458,0.001374
1357.883270,0.001242
1359.812081,0.001165
1361.740892,0.000945
1363.669704,0.000891
1365.598515,0.001123
1367.527327,0.001273
1369.456138,0.001408
1371.384950,0.001353
1373.313761,0.000913
1375.242573,0.000708
1377.171384,0.000988
1379.100196,0.001273
1381.029007,0.001280
1382.957819,0.001125
1384.886630,0.000967
1386.815441,0.000815
1388.744253,0.000920
1390.673064,0.001202
1392.601876,0.001013
1394.530687,0.000622
1396.459499,0.000676
1398.388310,0.000834
1400.317122,0.001059
1402.245933,0.001151
1404.174745,0.000990
1406.103556,0.001153
1408.032368,0.001339
1409.961179,0.001220
1411.889990,0.001076
1413.818802,0.001065
1415.747613,0.000966
1417.676425,0.000365
1419.605236,0.000261
1421.534048,0.000924
1423.462859,0.001119
1425.391671,0.001135
1427.320482,0.001143
1429.249294,0.000977
1431.178105,0.001010
1433.106917,0.000859
1435.035728,0.000102
1436.964539,-0.000226
1438.893351,0.000483
1440.822162,0.000892
1442.750974,0.000891
1444.679785,0.000790
1446.608597,0.000372
1448.537408,0.000257
1450.466220,0.000555
1452.395031,0.000523
1454.323843,-0.000181
1456.252654,-0.001225
1458.181466,-0.000956
1460.110277,0.000208
1462.039089,0.000640
1463.967900,0.000413
1465.896711,0.000353
1467.825523,0.000541
1469.754334,0.000140
1471.683146,-0.000662
1473.611957,-0.000690
1475.540769,-0.000017
1477.469580,0.000642
1479.398392,0.000855
1481.327203,0.000745
1483.256015,0.000662
1485.184826,0.000425
1487.113638,0.000013
1489.042449,-0.000345
1490.971260,-0.000153
1492.900072,0.000455
1494.828883,0.000327
1496.757695,-0.000223
1498.686506,0.000074
1500.615318,0.000623
1502.544129,0.000524
1504.472941,-0.000577
1506.401752,-0.001683
1508.330564,-0.000873
1510.259375,0.000136
1512.188187,0.000574
1514.116998,0.000594
1516.045809,0.000125
1517.974621,-0.000154
1519.903432,-0.000339
1521.832244,-0.000414
1523.761055,0.000099
1525.689867,0.000502
1527.618678,0.000902
1529.547490,0.001288
1531.476301,0.000928
1533.405113,0.000504
1535.333924,0.000935
1537.262736,0.000650
1539.191547,-0.000860
1541.120358,-0.001035
1543.049170,-0.000012
1544.977981,0.000866
1546.906793,0.001499
1548.835604,0.001571
1550.764416,0.001543
1552.693227,0.001499
1554.622039,0.001350
1556.550850,0.000722
1558.479662,-0.000338
1560.408473,0.001147
1562.337285,0.003272
1564.266096,0.004144
1566.194907,0.004932
1568.123719,0.005566
1570.052530,0.006643
1571.981342,0.008630
1573.910153,0.009851
1575.838965,0.011389
1577.767776,0.014878
1579.696588,0.018624
1581.625399,0.022511
1583.554211,0.026719
1585.483022,0.031173
1587.411834,0.036266
1589.340645,0.041658
1591.269456,0.046859
1593.198268,0.051703
1595.127079,0.056022
1597.055891,0.059288
1598.984702,0.061248
1600.913514,0.061829
1602.842325,0.060918
1604.771137,0.058734
1606.699948,0.055354
1608.628760,0.051082
1610.557571,0.046028
1612.486383,0.041068
1614.415194,0.035455
1616.344005,0.029359
1618.272817,0.033363
1620.201628,0.047239
1622.130440,0.061632
1624.059251,0.072696
1625.988063,0.079197
1627.916874,0.081773
1629.845686,0.080782
1631.774497,0.076058
1633.703309,0.067886
1635.632120,0.056928
1637.560932,0.047153
1639.489743,0.039037
1641.418555,0.030483
1643.347366,0.022761
1645.276177,0.015954
1647.204989,0.010135
1649.133800,0.007035
1651.062612,0.004342
1652.991423,0.001368
1654.920235,0.001590
1656.849046,0.002669
1658.777858,0.002732
1660.706669,0.002247
1662.635481,0.001774
1664.564292,0.002026
1666.493104,0.002151
1668.421915,0.001411
1670.350726,0.001294
1672.279538,0.001640
1674.208349,0.001316
1676.137161,0.001338
1678.065972,0.001833
1679.994784,0.001721
1681.923595,0.000827
1683.852407,-0.000006
1685.781218,0.000781
1687.710030,0.001567
1689.638841,0.001322
1691.567653,0.001186
1693.496464,0.000604
1695.425275,-0.000240
1697.354087,-0.000149
1699.282898,-0.000676
1701.211710,-0.000811
1703.140521,0.000008
1705.069333,0.000120
1706.998144,0.000534
1708.926956,0.001137
1710.855767,0.000964
1712.784579,0.000580
1714.713390,0.000096
1716.642202,-0.000569
1718.571013,-0.000437
1720.499824,0.000381
1722.428636,0.000739
1724.357447,0.000830
1726.286259,0.000984
1728.215070,0.000871
1730.143882,0.000656
1732.072693,-0.000011
1734.001505,-0.000564
1735.930316,0.000356
1737.859128,0.000911
1739.787939,0.000761
1741.716751,0.000995
1743.645562,0.001215
1745.574373,0.001111
1747.503185,0.000853
1749.431996,0.000560
1751.360808,0.000710
1753.289619,0.001165
1755.218431,0.001210
1757.147242,0.001101
1759.076054,0.001045
1761.004865,0.000695
1762.933677,0.000641
1764.862488,0.000795
1766.791300,0.000488
1768.720111,0.000130
1770.648922,-0.000258
1772.577734,-0.000503
1774.506545,0.000008
1776.435357,0.000520
1778.364168,0.000531
1780.292980,0.000453
1782.221791,0.000519
1784.150603,0.000518
1786.079414,0.000583
1788.008226,0.000712
1789.937037,0.000312
1791.865849,-0.000287
1793.794660,-0.000050
1795.723471,0.000469
1797.652283,0.000476
1799.581094,0.000236
1801.509906,0.000224
1803.438717,0.000525
1805.367529,0.000816
1807.296340,0.000846
1809.225152,0.000743
1811.153963,0.000756
1813.082775,0.000914
1815.011586,0.001074
1816.940398,0.001171
1818.869209,0.001202
1820.798021,0.001235
1822.726832,0.001147
1824.655643,0.000960
1826.584455,0.000975
1828.513266,0.001002
1830.442078,0.001137
1832.370889,0.001583
1834.299701,0.001916
1836.228512,0.001990
1838.157324,0.002017
1840.086135,0.002098
1842.014947,0.001856
1843.943758,0.001531
1845.872570,0.001935
1847.801381,0.002367
1849.730192,0.002405
1851.659004,0.002407
1853.587815,0.002280
1855.516627,0.002095
1857.445438,0.001999
1859.374250,0.001906
1861.303061,0.001651
1863.231873,0.001318
1865.160684,0.000953
1867.089496,0.000292
1869.018307,-0.000178
1870.947119,-0.000169
1872.875930,0.000407
1874.804741,0.001342
1876.733553,0.001110
1878.662364,0.000151
1880.591176,0.000141
1882.519987,0.000573
1884.448799,0.000954
1886.377610,0.001431
1888.306422,0.001773
1890.235233,0.002085
1892.164045,0.002461
1894.092856,0.002734
1896.021668,0.002929
1897.950479,0.003159
1899.879290,0.003289
1901.808102,0.003286
1903.736913,0.003343
1905.665725,0.003388
1907.594536,0.003353
1909.523348,0.003267
1911.452159,0.003116
1913.380971,0.002973
1915.309782,0.002633
1917.238594,0.002112
1919.167405,0.001917
1921.096217,0.001899
1923.025028,0.001752
1924.953839,0.001649
1926.882651,0.001522
1928.811462,0.001313
1930.740274,0.001057
1932.669085,0.000809
1934.597897,0.000750
1936.526708,0.000730
1938.455520,0.000600
1940.384331,0.000366
1942.313143,0.000079
1944.241954,0.000016
1946.170766,0.000117
1948.099577,0.000120
1950.028388,0.000088
1951.957200,0.000087
1953.886011,0.000049
1955.814823,-0.000054
1957.743634,-0.000137
1959.672446,-0.000115
1961.601257,-0.000071
1963.530069,-0.000090
1965.458880,-0.000102
1967.387692,-0.000125
1969.316503,-0.000188
1971.245315,-0.000181
1973.174126,-0.000071
1975.102938,0.000002
1977.031749,-0.000053
1978.960560,-0.000111
1980.889372,-0.000113
1982.818183,-0.000170
1984.746995,-0.000232
1986.675806,-0.000171
1988.604618,-0.000018
1990.533429,-0.000001
1992.462241,-0.000152
1994.391052,-0.000140
1996.319864,-0.000070
1998.248675,-0.000185
2000.177487,-0.000215
2002.106298,-0.000127
2004.035109,-0.000062
2005.963921,-0.000010
2007.892732,-0.000122
2009.821544,-0.000255
2011.750355,-0.000217
2013.679167,-0.000176
2015.607978,-0.000185
2017.536790,-0.000200
2019.465601,-0.000130
2021.394413,-0.000072
2023.323224,-0.000226
2025.252036,-0.000289
2027.180847,-0.000152
2029.109658,-0.000093
2031.038470,-0.000116
2032.967281,-0.000148
2034.896093,-0.000117
2036.824904,-0.000076
2038.753716,-0.000176
2040.682527,-0.000282
2042.611339,-0.000282
2044.540150,-0.000236
2046.468962,-0.000240
2048.397773,-0.000310
2050.326585,-0.000268
2052.255396,-0.000155
2054.184207,-0.000154
2056.113019,-0.000197
2058.041830,-0.000205
2059.970642,-0.000176
2061.899453,-0.000165
2063.828265,-0.000239
2065.757076,-0.000282
2067.685888,-0.000251
2069.614699,-0.000221
2071.543511,-0.000194
2073.472322,-0.000227
2075.401134,-0.000222
2077.329945,-0.000130
2079.258756,-0.000135
2081.187568,-0.000181
2083.116379,-0.000188
2085.045191,-0.000195
2086.974002,-0.000190
2088.902814,-0.000231
2090.831625,-0.000283
2092.760437,-0.000299
2094.689248,-0.000279
2096.618060,-0.000242
2098.546871,-0.000271
2100.475683,-0.000283
2102.404494,-0.000251
2104.333305,-0.000231
2106.262117,-0.000207
2108.190928,-0.000238
2110.119740,-0.000264
2112.048551,-0.000261
2113.977363,-0.000281
2115.906174,-0.000243
2117.834986,-0.000222
2119.763797,-0.000236
2121.692609,-0.000247
2123.621420,-0.000292
2125.550232,-0.000267
2127.479043,-0.000254
2129.407854,-0.000318
2131.336666,-0.000327
2133.265477,-0.000323
2135.194289,-0.000319
2137.123100,-0.000309
2139.051912,-0.000309
2140.980723,-0.000330
2142.909535,-0.000404
2144.838346,-0.000448
2146.767158,-0.000466
2148.695969,-0.000475
2150.624781,-0.000380
2152.553592,-0.000231
2154.482404,-0.000156
2156.411215,-0.000197
2158.340026,-0.000208
2160.268838,-0.000219
2162.197649,-0.000320
2164.126461,-0.000268
2166.055272,-0.000138
2167.984084,-0.000143
2169.912895,-0.000150
2171.841707,-0.000134
2173.770518,-0.000113
2175.699330,-0.000077
2177.628141,-0.000097
2179.556953,-0.000148
2181.485764,-0.000129
2183.414575,0.000016
2185.343387,0.000137
2187.272198,0.000123
2189.201010,0.000137
2191.129821,0.000181
2193.058633,0.000201
2194.987444,0.000295
2196.916256,0.000383
2198.845067,0.000415
2200.773879,0.000495
2202.702690,0.000566
2204.631502,0.000568
2206.560313,0.000558
2208.489124,0.000521
2210.417936,0.000489
2212.346747,0.000573
2214.275559,0.000650
2216.204370,0.000583
2218.133182,0.000457
2220.061993,0.000297
2221.990805,0.000144
2223.919616,0.000195
2225.848428,0.000473
2227.777239,0.000704
2229.706051,0.000770
2231.634862,0.000890
2233.563673,0.001044
2235.492485,0.001019
2237.421296,0.000958
2239.350108,0.000987
2241.278919,0.000973
2243.207731,0.000914
2245.136542,0.000810
2247.065354,0.000603
2248.994165,0.000431
2250.922977,0.000362
2252.851788,0.000289
2254.780600,0.000169
2256.709411,0.000021
2258.638222,-0.000103
2260.567034,-0.000141
2262.495845,-0.000042
2264.424657,0.000087
2266.353468,0.000155
2268.282280,0.000220
2270.211091,0.000202
2272.139903,0.000133
2274.068714,0.000147
2275.997526,0.000130
2277.926337,0.000094
2279.855149,0.000207
2281.783960,0.000375
2283.712771,0.000351
2285.641583,0.000187
2287.570394,0.000132
2289.499206,0.000111
2291.428017,0.000059
2293.356829,0.000034
2295.285640,-0.000076
2297.214452,-0.000219
2299.143263,-0.000253
2301.072075,-0.000164
2303.000886,0.000155
2304.929698,0.000278
2306.858509,0.000226
2308.787320,0.000180
2310.716132,0.000186
2312.644943,0.000215
2314.573755,0.000193
2316.502566,0.000149
2318.431378,0.000087
2320.360189,-0.000061
2322.289001,-0.000167
2324.217812,-0.000196
2326.146624,-0.000243
2328.075435,-0.000232
2330.004247,-0.000200
2331.933058,-0.000244
2333.861870,-0.000190
2335.790681,-0.000111
2337.719492,-0.000038
2339.648304,0.000115
2341.577115,0.000336
2343.505927,0.000732
2345.434738,0.001474
2347.363550,0.002434
2349.292361,0.002879
2351.221173,0.002358
2353.149984,0.001470
2355.078796,0.000964
2357.007607,0.000603
2358.936419,0.000320
2360.865230,0.000545
2362.794041,0.000116
2364.722853,-0.000500
2366.651664,-0.000878
2368.580476,-0.000827
2370.509287,-0.000224
2372.438099,0.000174
2374.366910,-0.000027
2376.295722,-0.000106
2378.224533,0.000022
2380.153345,0.000039
2382.082156,-0.000112
2384.010968,-0.000377
2385.939779,-0.000301
2387.868590,-0.000458
2389.797402,-0.000474
2391.726213,-0.000306
2393.655025,-0.000216
2395.583836,-0.000229
2397.512648,-0.000341
2399.441459,-0.000387
2401.370271,-0.000308
2403.299082,-0.000289
2405.227894,-0.000256
2407.156705,-0.000228
2409.085517,-0.000340
2411.014328,-0.000358
2412.943139,-0.000278
2414.871951,-0.000332
2416.800762,-0.000417
2418.729574,-0.000438
2420.658385,-0.000425
2422.587197,-0.000407
2424.516008,-0.000405
2426.444820,-0.000351
2428.373631,-0.000205
2430.302443,-0.000105
2432.231254,-0.000223
2434.160066,-0.000418
2436.088877,-0.000467
2438.017688,-0.000379
2439.946500,-0.000253
2441.875311,-0.000237
2443.804123,-0.000333
2445.732934,-0.000419
2447.661746,-0.000432
2449.590557,-0.000364
2451.519369,-0.000346
2453.448180,-0.000393
2455.376992,-0.000381
2457.305803,-0.000315
2459.234615,-0.000243
2461.163426,-0.000214
2463.092237,-0.000205
2465.021049,-0.000213
2466.949860,-0.000324
2468.878672,-0.000385
2470.807483,-0.000288
2472.736295,-0.000240
2474.665106,-0.000281
2476.593918,-0.000267
2478.522729,-0.000217
2480.451541,-0.000193
2482.380352,-0.000171
2484.309164,-0.000145
2486.237975,-0.000139
2488.166786,-0.000182
2490.095598,-0.000232
2492.024409,-0.000290
2493.953221,-0.000392
2495.882032,-0.000393
2497.810844,-0.000233
2499.739655,-0.000095
2501.668467,-0.000090
2503.597278,-0.000179
2505.526090,-0.000242
2507.454901,-0.000258
2509.383713,-0.000270
2511.312524,-0.000231
2513.241336,-0.000189
2515.170147,-0.000166
2517.098958,-0.000130
2519.027770,-0.000174
2520.956581,-0.000228
2522.885393,-0.000222
2524.814204,-0.000245
2526.743016,-0.000270
2528.671827,-0.000256
2530.600639,-0.000185
2532.529450,-0.000095
2534.458262,-0.000064
2536.387073,-0.000031
2538.315885,0.000020
2540.244696,-0.000015
2542.173507,-0.000114
2544.102319,-0.000101
2546.031130,-0.000037
2547.959942,-0.000110
2549.888753,-0.000149
2551.817565,-0.000111
2553.746376,-0.000198
2555.675188,-0.000233
2557.603999,-0.000163
2559.532811,-0.000177
2561.461622,-0.000117
2563.390434,-0.000036
2565.319245,-0.000149
2567.248056,-0.000205
2569.176868,-0.000108
2571.105679,-0.000086
2573.034491,-0.000104
2574.963302,-0.000047
2576.892114,-0.000012
2578.820925,-0.000030
2580.749737,-0.000065
2582.678548,-0.000128
2584.607360,-0.000126
2586.536171,-0.000113
2588.464983,-0.000211
2590.393794,-0.000254
2592.322605,-0.000200
2594.251417,-0.000179
2596.180228,-0.000160
2598.109040,-0.000114
2600.037851,-0.000126
2601.966663,-0.000195
2603.895474,-0.000242
2605.824286,-0.000256
2607.753097,-0.000150
2609.681909,-0.000009
2611.610720,-0.000073
2613.539532,-0.000133
2615.468343,-0.000082
2617.397154,-0.000192
2619.325966,-0.000289
2621.254777,-0.000184
2623.183589,-0.000068
2625.112400,-0.000022
2627.041212,-0.000040
2628.970023,-0.000089
2630.898835,-0.000181
2632.827646,-0.000274
2634.756458,-0.000178
2636.685269,0.000017
2638.614081,0.000075
2640.542892,-0.000063
2642.471703,-0.000186
2644.400515,-0.000119
2646.329326,-0.000089
2648.258138,-0.000112
2650.186949,-0.000011
2652.115761,0.000051
2654.044572,-0.000031
2655.973384,-0.000123
2657.902195,-0.000094
2659.831007,-0.000031
2661.759818,-0.000025
2663.688630,0.000066
2665.617441,0.000069
2667.546253,-0.000072
2669.475064,-0.000047
2671.403875,-0.000055
2673.332687,-0.000129
2675.261498,-0.000028
2677.190310,-0.000003
2679.119121,-0.000030
2681.047933,0.000010
2682.976744,-0.000032
2684.905556,-0.000023
2686.834367,-0.000019
2688.763179,-0.000073
2690.691990,0.000040
2692.620802,0.000100
2694.549613,0.000000
2696.478424,-0.000009
2698.407236,0.000019
2700.336047,0.000081
2702.264859,0.000165
2704.193670,0.000090
2706.122482,-0.000018
2708.051293,-0.000025
2709.980105,-0.000027
2711.908916,-0.000030
2713.837728,0.000044
2715.766539,0.000105
2717.695351,0.000076
2719.624162,0.000077
2721.552973,0.000074
2723.481785,0.000032
2725.410596,0.000061
2727.339408,0.000125
2729.268219,0.000166
2731.197031,0.000132
2733.125842,0.000027
2735.054654,0.000001
2736.983465,0.000089
2738.912277,0.000150
2740.841088,0.000112
2742.769900,0.000085
2744.698711,0.000175
2746.627522,0.000221
2748.556334,0.000073
2750.485145,-0.000073
2752.413957,-0.000085
2754.342768,-0.000032
2756.271580,0.000064
2758.200391,0.000184
2760.129203,0.000216
2762.058014,0.000008
2763.986826,-0.000214
2765.915637,-0.000128
2767.844449,0.000081
2769.773260,0.000170
2771.702071,0.000133
2773.630883,0.000064
2775.559694,0.000023
2777.488506,-0.000031
2779.417317,-0.000086
2781.346129,-0.000059
2783.274940,0.000058
2785.203752,0.000153
2787.132563,0.000190
2789.061375,0.000195
2790.990186,0.000120
2792.918998,0.000071
2794.847809,0.000059
2796.776620,-0.000001
2798.705432,0.000041
2800.634243,0.000099
2802.563055,0.000040
2804.491866,0.000106
2806.420678,0.000181
2808.349489,0.000022
2810.278301,-0.000078
2812.207112,-0.000029
2814.135924,0.000028
2816.064735,0.000064
2817.993547,0.000012
2819.922358,0.000078
2821.851169,0.000289
2823.779981,0.000287
2825.708792,0.000139
2827.637604,0.000101
2829.566415,0.000147
2831.495227,0.000176
2833.424038,0.000107
2835.352850,0.000057
2837.281661,0.000104
2839.210473,0.000077
2841.139284,0.000053
2843.068096,0.000121
2844.996907,0.000125
2846.925719,0.000033
2848.854530,-0.000071
2850.783341,-0.000014
2852.712153,0.000123
2854.640964,0.000153
2856.569776,0.000254
2858.498587,0.000333
2860.427399,0.000281
2862.356210,0.000391
2864.285022,0.000598
2866.213833,0.000723
2868.142645,0.001029
2870.071456,0.001418
2872.000268,0.001405
2873.929079,0.001265
2875.857890,0.001436
2877.786702,0.001751
2879.715513,0.002132
2881.644325,0.002497
2883.573136,0.002642
2885.501948,0.002616
2887.430759,0.002672
2889.359571,0.002878
2891.288382,0.002992
2893.217194,0.002969
2895.146005,0.002870
2897.074817,0.002642
2899.003628,0.002371
2900.932439,0.002108
2902.861251,0.001786
2904.790062,0.001448
2906.718874,0.001366
2908.647685,0.001857
2910.576497,0.002735
2912.505308,0.003526
2914.434120,0.004237
2916.362931,0.004807
2918.291743,0.004875
2920.220554,0.004595
2922.149366,0.004110
2924.078177,0.003362
2926.006988,0.002565
2927.935800,0.001803
2929.864611,0.001138
2931.793423,0.000613
2933.722234,0.000173
2935.651046,-0.000084
2937.579857,-0.000140
2939.508669,-0.000050
2941.437480,0.000043
2943.366292,-0.000048
2945.295103,-0.000218
2947.223915,-0.000172
2949.152726,0.000086
2951.081537,0.000200
2953.010349,0.000101
2954.939160,-0.000034
2956.867972,-0.000188
2958.796783,-0.000214
2960.725595,-0.000072
2962.654406,0.000006
2964.583218,0.000025
2966.512029,0.000128
2968.440841,0.000149
2970.369652,-0.000057
2972.298464,-0.000217
2974.227275,-0.000190
2976.156086,-0.000205
2978.084898,-0.000286
2980.013709,-0.000334
2981.942521,-0.000394
2983.871332,-0.000412
2985.800144,-0.000356
2987.728955,-0.000291
2989.657767,-0.000181
2991.586578,-0.000119
2993.515390,-0.000164
2995.444201,-0.000184
2997.373013,-0.000142
2999.301824,-0.000035
3001.230635,0.000042
3003.159447,0.000019
3005.088258,-0.000086
3007.017070,-0.000275
3008.945881,-0.000348
3010.874693,-0.000269
3012.803504,-0.000221
3014.732316,-0.000176
3016.661127,-0.000080
3018.589939,-0.000060
3020.518750,-0.000251
3022.447562,-0.000444
3024.376373,-0.000415
3026.305185,-0.000280
3028.233996,-0.000163
3030.162807,-0.000123
3032.091619,-0.000183
3034.020430,-0.000309
3035.949242,-0.000386
3037.878053,-0.000356
3039.806865,-0.000302
3041.735676,-0.000188
3043.664488,-0.000080
3045.593299,-0.000173
3047.522111,-0.000343
3049.450922,-0.000378
3051.379734,-0.000342
3053.308545,-0.000286
3055.237356,-0.000213
3057.166168,-0.000279
3059.094979,-0.000411
3061.023791,-0.000401
3062.952602,-0.000348
3064.881414,-0.000304
3066.810225,-0.000243
3068.739037,-0.000300
3070.667848,-0.000344
3072.596660,-0.000231
3074.525471,-0.000166
3076.454283,-0.000155
3078.383094,-0.000150
3080.311905,-0.000107
3082.240717,0.000016
3084.169528,-0.000075
3086.098340,-0.000263
3088.027151,-0.000297
3089.955963,-0.000282
3091.884774,-0.000244
3093.813586,-0.000343
3095.742397,-0.000491
3097.671209,-0.000505
3099.600020,-0.000452
3101.528832,-0.000279
3103.457643,-0.000145
3105.386454,-0.000141
3107.315266,-0.000192
3109.244077,-0.000347
3111.172889,-0.000441
3113.101700,-0.000441
3115.030512,-0.000502
3116.959323,-0.000558
3118.888135,-0.000563
3120.816946,-0.000477
3122.745758,-0.000267
3124.674569,-0.000186
3126.603381,-0.000195
3128.532192,-0.000056
3130.461003,-0.000098
3132.389815,-0.000414
3134.318626,-0.000520
3136.247438,-0.000331
3138.176249,-0.000259
3140.105061,-0.000416
3142.033872,-0.000399
3143.962684,-0.000199
3145.891495,-0.000090
3147.820307,-0.000088
3149.749118,-0.000269
3151.677930,-0.000332
3153.606741,-0.000330
3155.535552,-0.000820
3157.464364,-0.000757
3159.393175,0.000358
3161.321987,0.000659
3163.250798,0.000019
3165.179610,-0.000176
3167.108421,-0.000277
3169.037233,-0.000531
3170.966044,-0.000413
3172.894856,-0.000158
3174.823667,-0.000150
3176.752479,-0.000219
3178.681290,-0.000129
3180.610102,-0.000148
3182.538913,-0.000348
3184.467724,-0.000384
3186.396536,-0.000350
3188.325347,-0.000317
3190.254159,-0.000245
3192.182970,-0.000148
3194.111782,0.000047
3196.040593,-0.000004
3197.969405,-0.000346
3199.898216,-0.000446
3201.827028,-0.000336
3203.755839,-0.000295
3205.684651,-0.000201
3207.613462,-0.000102
3209.542273,-0.000133
3211.471085,-0.000138
3213.399896,-0.000127
3215.328708,-0.000147
3217.257519,-0.000336
3219.186331,-0.000631
3221.115142,-0.000397
3223.043954,0.000039
3224.972765,-0.000004
3226.901577,-0.000067
3228.830388,-0.000023
3230.759200,-0.000285
3232.688011,-0.000447
3234.616822,-0.000125
3236.545634,0.000070
3238.474445,-0.000029
3240.403257,-0.000001
3242.332068,-0.000102
3244.260880,-0.000321
3246.189691,-0.000260
3248.118503,-0.000186
3250.047314,-0.000230
3251.976126,-0.000081
3253.904937,0.000108
3255.833749,0.000037
3257.762560,-0.000114
3259.691371,-0.000113
3261.620183,-0.000092
3263.548994,-0.000256
3265.477806,-0.000286
3267.406617,0.000025
3269.335429,0.000089
3271.264240,-0.000176
3273.193052,-0.000236
3275.121863,-0.000095
3277.050675,-0.000059
3278.979486,-0.000202
3280.908298,-0.000389
3282.837109,-0.000441
3284.765920,-0.000336
3286.694732,-0.000238
3288.623543,-0.000146
3290.552355,0.000008
3292.481166,-0.000002
3294.409978,-0.000157
3296.338789,-0.000190
3298.267601,-0.000163
3300.196412,-0.000158
3302.125224,-0.000080
3304.054035,0.000008
3305.982847,-0.000027
3307.911658,-0.000077
3309.840469,-0.000050
3311.769281,-0.000013
3313.698092,0.000076
3315.626904,0.000150
3317.555715,-0.000065
3319.484527,-0.000524
3321.413338,-0.000679
3323.342150,-0.000322
3325.270961,0.000018
3327.199773,0.000105
3329.128584,0.000106
3331.057396,0.000003
3332.986207,-0.000195
3334.915018,-0.000344
3336.843830,-0.000317
3338.772641,-0.000208
3340.701453,-0.000169
3342.630264,-0.000011
3344.559076,0.000141
3346.487887,-0.000116
3348.416699,-0.000311
3350.345510,-0.000064
3352.274322,0.000102
3354.203133,0.000069
3356.131945,-0.000038
3358.060756,-0.000208
3359.989568,-0.000176
3361.918379,0.000034
3363.847190,0.000280
3365.776002,0.000428
3367.704813,0.000324
3369.633625,0.000123
3371.562436,-0.000080
3373.491248,-0.000039
3375.420059,0.000378
3377.348871,0.000474
3379.277682,0.000003
3381.206494,-0.000096
3383.135305,0.000318
3385.064117,0.000367
3386.992928,0.000177
3388.921739,0.000066
3390.850551,-0.000073
3392.779362,0.000040
3394.708174,0.000160
3396.636985,0.000111
3398.565797,0.000260
3400.494608,0.000313
3402.423420,0.000021
3404.352231,-0.000216
3406.281043,-0.000189
3408.209854,-0.000097
3410.138666,0.000040
3412.067477,0.000292
3413.996288,0.000375
3415.925100,0.000352
3417.853911,0.000419
3419.782723,0.000210
3421.711534,-0.000076
3423.640346,0.000004
3425.569157,0.000131
3427.497969,0.000204
3429.426780,0.000224
3431.355592,0.000021
3433.284403,-0.000045
3435.213215,0.000155
3437.142026,0.000094
3439.070837,-0.000147
3440.999649,-0.000032
3442.928460,0.000145
3444.857272,0.000134
3446.786083,0.000182
3448.714895,0.000134
3450.643706,0.000097
3452.572518,0.000234
3454.501329,0.000261
3456.430141,0.000219
3458.358952,0.000227
3460.287764,0.000208
3462.216575,0.000113
3464.145386,0.000040
3466.074198,0.000138
3468.003009,0.000256
3469.931821,0.000312
3471.860632,0.000383
3473.789444,0.000237
3475.718255,-0.000123
3477.647067,-0.000215
3479.575878,-0.000053
3481.504690,0.000025
3483.433501,0.000178
3485.362313,0.000336
3487.291124,0.000115
3489.219935,-0.000106
3491.148747,0.000010
3493.077558,-0.000026
3495.006370,-0.000175
3496.935181,-0.000132
3498.863993,-0.000133
3500.792804,-0.000036
3502.721616,0.000088
3504.650427,-0.000186
3506.579239,-0.000425
3508.508050,-0.000238
3510.436862,0.000039
3512.365673,0.000031
3514.294484,-0.000136
3516.223296,-0.000194
3518.152107,-0.000324
3520.080919,-0.000512
3522.009730,-0.000471
3523.938542,-0.000196
3525.867353,0.000023
3527.796165,-0.000218
3529.724976,-0.000483
3531.653788,-0.000259
3533.582599,-0.000046
3535.511411,-0.000227
3537.440222,-0.000262
3539.369034,0.000152
3541.297845,0.000465
3543.226656,0.000342
3545.155468,-0.000059
3547.084279,-0.000281
3549.013091,-0.000090
3550.941902,-0.000064
3552.870714,-0.000231
3554.799525,-0.000103
3556.728337,0.000206
3558.657148,0.000392
3560.585960,0.000280
3562.514771,0.000138
3564.443583,0.000075
3566.372394,-0.000072
3568.301205,0.000009
3570.230017,0.000259
3572.158828,0.000347
3574.087640,0.000302
3576.016451,0.000396
3577.945263,0.000795
3579.874074,0.000975
3581.802886,0.000834
3583.731697,0.000840
3585.660509,0.000651
3587.589320,0.000357
3589.518132,0.000564
3591.446943,0.000731
3593.375754,0.000606
3595.304566,0.000532
3597.233377,0.000645
3599.162189,0.000980
3601.091000,0.001113
3603.019812,0.000955
3604.948623,0.000869
3606.877435,0.000714
3608.806246,0.000667
3610.735058,0.000856
3612.663869,0.000707
3614.592681,0.000525
3616.521492,0.000590
3618.450303,0.000433
3620.379115,0.000584
3622.307926,0.001020
3624.236738,0.000929
3626.165549,0.000476
3628.094361,-0.000092
3630.023172,-0.000126
3631.951984,0.000471
3633.880795,0.000820
3635.809607,0.001004
3637.738418,0.001079
3639.667230,0.001011
3641.596041,0.001136
3643.524852,0.001198
3645.453664,0.000771
3647.382475,-0.000015
3649.311287,-0.000580
3651.240098,-0.000317
3653.168910,0.000463
3655.097721,0.000725
3657.026533,0.000609
3658.955344,0.000878
3660.884156,0.001136
3662.812967,0.001208
3664.741779,0.001287
3666.670590,0.001156
3668.599401,0.000533
3670.528213,-0.000040
3672.457024,0.000084
3674.385836,-0.000086
3676.314647,-0.000256
3678.243459,0.000409
3680.172270,0.000875
3682.101082,0.001137
3684.029893,0.001218
3685.958705,0.000735
3687.887516,0.000161
3689.816328,-0.000077
3691.745139,0.000206
3693.673951,0.000703
3695.602762,0.000823
3697.531573,0.000789
3699.460385,0.000817
3701.389196,0.000685
3703.318008,0.000687
3705.246819,0.000792
3707.175631,0.000656
3709.104442,0.000306
3711.033254,-0.000236
3712.962065,-0.000200
3714.890877,0.000507
3716.819688,0.000885
3718.748500,0.000947
3720.677311,0.000792
3722.606122,0.000527
3724.534934,0.000529
3726.463745,0.000593
3728.392557,0.000663
3730.321368,0.000623
3732.250180,0.000240
3734.178991,-0.000214
3736.107803,-0.000403
3738.036614,-0.000079
3739.965426,0.000390
3741.894237,0.000162
3743.823049,-0.000677
3745.751860,-0.000750
3747.680671,-0.000242
3749.609483,-0.000519
3751.538294,-0.000689
3753.467106,0.000031
3755.395917,0.000538
3757.324729,0.000639
3759.253540,0.000665
3761.182352,0.000808
3763.111163,0.000883
3765.039975,0.000679
3766.968786,0.000502
3768.897598,0.000252
3770.826409,0.000176
3772.755220,0.000579
3774.684032,0.000740
3776.612843,0.000574
3778.541655,0.000474
3780.470466,0.000517
3782.399278,0.000675
3784.328089,0.000756
3786.256901,0.000732
3788.185712,0.000769
3790.114524,0.000794
3792.043335,0.000787
3793.972147,0.000777
3795.900958,0.000447
3797.829769,0.000111
3799.758581,-0.000019
3801.687392,-0.000267
3803.616204,-0.000117
3805.545015,0.000031
3807.473827,-0.000087
3809.402638,0.000187
3811.331450,0.000448
3813.260261,0.000317
3815.189073,-0.000122
3817.117884,-0.000408
3819.046696,-0.000529
3820.975507,-0.000760
3822.904318,-0.000315
3824.833130,0.000250
3826.761941,0.000282
3828.690753,0.000272
3830.619564,0.000134
3832.548376,-0.000030
3834.477187,-0.000059
3836.405999,-0.000423
3838.334810,-0.000833
3840.263622,-0.000522
3842.192433,-0.000024
3844.121245,0.000092
3846.050056,0.000212
3847.978867,0.000289
3849.907679,-0.000039
3851.836490,-0.000807
3853.765302,-0.001632
3855.694113,-0.001283
3857.622925,-0.000321
3859.551736,0.000041
3861.480548,-0.000102
3863.409359,-0.000348
3865.338171,-0.000454
3867.266982,-0.000396
3869.195794,-0.000524
3871.124605,-0.000428
3873.053417,-0.000020
3874.982228,0.000244
3876.911039,0.000467
3878.839851,0.000225
3880.768662,-0.000153
3882.697474,0.000139
3884.626285,0.000109
3886.555097,-0.000339
3888.483908,-0.000332
3890.412720,-0.000288
3892.341531,-0.000310
3894.270343,-0.000068
3896.199154,0.000123
3898.127966,-0.000063
3900.056777,-0.000344
3901.985588,-0.000421
3903.914400,-0.000354
3905.843211,-0.000090
3907.772023,0.000106
3909.700834,0.000060
3911.629646,0.000127
3913.558457,0.000287
3915.487269,0.000293
3917.416080,0.000186
3919.344892,0.000050
3921.273703,-0.000016
3923.202515,-0.000112
3925.131326,-0.000161
3927.060137,-0.000002
3928.988949,0.000004
3930.917760,-0.000195
3932.846572,-0.000361
3934.775383,-0.000274
3936.704195,0.000001
3938.633006,-0.000005
3940.561818,-0.000192
3942.490629,-0.000449
3944.419441,-0.000819
3946.348252,-0.001186
3948.277064,-0.001054
3950.205875,0.000182
3952.134686,0.000930
3954.063498,0.000276
3955.992309,-0.000088
3957.921121,0.000143
3959.849932,0.000237
3961.778744,0.000055
3963.707555,-0.000155
3965.636367,-0.000056
3967.565178,0.000039
3969.493990,-0.000060
3971.422801,-0.000187
3973.351613,-0.000196
3975.280424,-0.000023
3977.209235,-0.000052
3979.138047,-0.000287
3981.066858,-0.000172
3982.995670,0.000149
3984.924481,0.000115
3986.853293,0.000031
3988.782104,0.000247
3990.710916,0.000299
3992.639727,0.000108
3994.568539,-0.000010
3996.497350,-0.000107
3998.426162,-0.000143
4000.354973,0.000008
