908.470199,-0.000106
910.399010,0.000581
912.327822,0.001050
914.256633,0.001056
916.185445,0.000743
918.114256,0.000129
920.043068,-0.000166
921.971879,-0.000108
923.900690,-0.000375
925.829502,-0.000516
927.758313,0.000063
929.687125,0.000549
931.615936,0.000268
933.544748,0.000610
935.473559,0.000632
937.402371,-0.000235
939.331182,-0.000649
941.259994,-0.000459
943.188805,-0.000207
945.117617,0.000397
947.046428,0.000833
948.975240,0.000725
950.904051,0.000566
952.832862,0.000295
954.761674,0.000002
956.690485,0.000024
958.619297,0.000179
960.548108,0.000243
962.476920,0.000172
964.405731,0.000106
966.334543,0.000107
968.263354,0.000009
970.192166,-0.000132
972.120977,-0.000234
974.049789,-0.000424
975.978600,-0.000543
977.907411,-0.000424
979.836223,-0.000374
981.765034,-0.000468
983.693846,-0.000482
985.622657,-0.000458
987.551469,-0.000419
989.480280,-0.000457
991.409092,-0.000651
993.337903,-0.000638
995.266715,-0.000392
997.195526,-0.000287
999.124338,-0.000369
1001.053149,-0.000430
1002.981960,-0.000341
1004.910772,-0.000236
1006.839583,-0.000229
1008.768395,-0.000235
1010.697206,-0.000284
1012.626018,-0.000316
1014.554829,-0.000241
1016.483641,-0.000250
1018.412452,-0.000341
1020.341264,-0.000368
1022.270075,-0.000360
1024.198887,-0.000235
1026.127698,-0.000004
1028.056509,0.000153
1029.985321,0.000233
1031.914132,0.000391
1033.842944,0.000646
1035.771755,0.000777
1037.700567,0.000786
1039.629378,0.000797
1041.558190,0.000659
1043.487001,0.000429
1045.415813,0.000258
1047.344624,0.000002
1049.273436,-0.000378
1051.202247,-0.000655
1053.131058,-0.000721
1055.059870,-0.000762
1056.988681,-0.000861
1058.917493,-0.000919
1060.846304,-0.000991
1062.775116,-0.001126
1064.703927,-0.001198
1066.632739,-0.001205
1068.561550,-0.001288
1070.490362,-0.001348
1072.419173,-0.001247
1074.347985,-0.001090
1076.276796,-0.000898
1078.205607,-0.000699
1080.134419,-0.000612
1082.063230,-0.000524
1083.992042,-0.000418
1085.920853,-0.000394
1087.849665,-0.000345
1089.778476,-0.000277
1091.707288,-0.000265
1093.636099,-0.000260
1095.564911,-0.000286
1097.493722,-0.000308
1099.422534,-0.000271
1101.351345,-0.000233
1103.280156,-0.000180
1105.208968,-0.000156
1107.137779,-0.000216
1109.066591,-0.000249
1110.995402,-0.000250
1112.924214,-0.000274
1114.853025,-0.000270
1116.781837,-0.000214
1118.710648,-0.000163
1120.639460,-0.000165
1122.568271,-0.000146
1124.497083,-0.000082
1126.425894,-0.000032
1128.354706,0.000021
1130.283517,0.000065
1132.212328,0.000045
1134.141140,-0.000026
1136.069951,-0.000029
1137.998763,0.000085
1139.927574,0.000215
1141.856386,0.000307
1143.785197,0.000374
1145.714009,0.000459
1147.642820,0.000563
1149.571632,0.000634
1151.500443,0.000701
1153.429255,0.000800
1155.358066,0.000712
1157.286877,0.000621
1159.215689,0.000507
1161.144500,0.000385
1163.073312,0.000276
1165.002123,0.000208
1166.930935,0.000191
1168.859746,0.000130
1170.788558,-0.000002
1172.717369,-0.000107
1174.646181,-0.000167
1176.574992,-0.000212
1178.503804,-0.000214
1180.432615,-0.000152
1182.361426,-0.000118
1184.290238,-0.000185
1186.219049,-0.000214
1188.147861,-0.000117
1190.076672,0.000009
1192.005484,0.000091
1193.934295,0.000057
1195.863107,-0.000090
1197.791918,-0.000302
1199.720730,-0.000622
1201.649541,-0.000782
1203.578353,-0.000691
1205.507164,-0.000779
1207.435975,-0.000944
1209.364787,-0.000833
1211.293598,-0.000576
1213.222410,-0.000311
1215.151221,0.000422
1217.080033,0.001265
1219.008844,0.002038
1220.937656,0.003104
1222.866467,0.004138
1224.795279,0.005006
1226.724090,0.006697
1228.652902,0.008750
1230.581713,0.011133
1232.510524,0.014890
1234.439336,0.019661
1236.368147,0.026299
1238.296959,0.036489
1240.225770,0.050966
1242.154582,0.072164
1244.083393,0.102859
1246.012205,0.142949
1247.941016,0.190057
1249.869828,0.237965
1251.798639,0.276127
1253.727451,0.294730
1255.656262,0.291740
1257.585073,0.291708
1259.513885,0.320568
1261.442696,0.342890
1263.371508,0.315488
1265.300319,0.285560
1267.229131,0.294442
1269.157942,0.318773
1271.086754,0.317959
1273.015565,0.277433
1274.944377,0.213082
1276.873188,0.150697
1278.802000,0.105518
1280.730811,0.078264
1282.659622,0.062086
1284.588434,0.052008
1286.517245,0.046373
1288.446057,0.042803
1290.374868,0.040253
1292.303680,0.038745
1294.232491,0.037305
1296.161303,0.036128
1298.090114,0.035892
1300.018926,0.036611
1301.947737,0.037216
1303.876549,0.037234
1305.805360,0.037665
1307.734172,0.038687
1309.662983,0.039978
1311.591794,0.040423
1313.520606,0.039794
1315.449417,0.038240
1317.378229,0.035606
1319.307040,0.032485
1321.235852,0.029279
1323.164663,0.030611
1325.093475,0.033225
1327.022286,0.027326
1328.951098,0.021125
1330.879909,0.021037
1332.808721,0.020946
1334.737532,0.020972
1336.666343,0.021431
1338.595155,0.020919
1340.523966,0.020390
1342.452778,0.018812
1344.381589,0.015672
1346.310401,0.012125
1348.239212,0.009080
1350.168024,0.006619
1352.096835,0.004576
1354.025647,0.003005
1355.954458,0.002048
1357.883270,0.001360
1359.812081,0.000137
1361.740892,-0.001105
1363.669704,-0.000897
1365.598515,0.000006
1367.527327,0.000035
1369.456138,-0.000004
1371.384950,0.000061
1373.313761,-0.000628
1375.242573,-0.000791
1377.171384,-0.000060
1379.100196,0.000295
1381.029007,0.000375
1382.957819,0.000495
1384.886630,0.000074
1386.815441,-0.000610
1388.744253,-0.000161
1390.673064,0.000514
1392.601876,-0.000496
1394.530687,-0.001585
1396.459499,-0.001272
1398.388310,-0.001076
1400.317122,-0.000248
1402.245933,0.000904
1404.174745,0.000699
1406.103556,0.000829
1408.032368,0.001608
1409.961179,0.001886
1411.889990,0.002087
1413.818802,0.002404
1415.747613,0.001922
1417.676425,-0.000050
1419.605236,-0.000198
1421.534048,0.002302
1423.462859,0.003619
1425.391671,0.004374
1427.320482,0.004964
1429.249294,0.004604
1431.178105,0.005359
1433.106917,0.006236
1435.035728,0.004269
1436.964539,0.003328
1438.893351,0.006358
1440.822162,0.008296
1442.750974,0.008664
1444.679785,0.008786
1446.608597,0.008195
1448.537408,0.008285
1450.466220,0.009099
1452.395031,0.009171
1454.323843,0.006924
1456.252654,0.002765
1458.181466,0.003791
1460.110277,0.008871
1462.039089,0.010531
1463.967900,0.009339
1465.896711,0.009791
1467.825523,0.011593
1469.754334,0.010456
1471.683146,0.007253
1473.611957,0.007250
1475.540769,0.009754
1477.469580,0.011916
1479.398392,0.013031
1481.327203,0.013260
1483.256015,0.013436
1485.184826,0.012807
1487.113638,0.010973
1489.042449,0.009442
1490.971260,0.010335
1492.900072,0.011935
1494.828883,0.010545
1496.757695,0.008453
1498.686506,0.009188
1500.615318,0.010723
1502.544129,0.010526
1504.472941,0.005764
1506.401752,0.000083
1508.330564,0.002737
1510.259375,0.006595
1512.188187,0.007636
1514.116998,0.007129
1516.045809,0.005344
1517.974621,0.004107
1519.903432,0.002279
1521.832244,0.001247
1523.761055,0.003529
1525.689867,0.004874
1527.618678,0.005810
1529.547490,0.007340
1531.476301,0.006273
1533.405113,0.004728
1535.333924,0.006261
1537.262736,0.004893
1539.191547,-0.000648
1541.120358,-0.000064
1543.049170,0.004477
1544.977981,0.008505
1546.906793,0.011965
1548.835604,0.013993
1550.764416,0.016082
1552.693227,0.018191
1554.622039,0.020761
1556.550850,0.022253
1558.479662,0.024790
1560.408473,0.040582
1562.337285,0.059468
1564.266096,0.076686
1566.194907,0.097478
1568.123719,0.121248
1570.052530,0.155139
1571.981342,0.198868
1573.910153,0.244063
1575.838965,0.304967
1577.767776,0.382360
1579.696588,0.460003
1581.625399,0.543085
1583.554211,0.625468
1585.483022,0.708368
1587.411834,0.801667
1589.340645,0.904013
1591.269456,1.012718
1593.198268,1.109184
1595.127079,1.167866
1597.055891,1.179951
1598.984702,1.167008
1600.913514,1.128112
1602.842325,1.083424
1604.771137,1.056841
1606.699948,1.032461
1608.628760,1.006012
1610.557571,0.943401
1612.486383,0.860292
1614.415194,0.765202
1616.344005,0.684374
1618.272817,0.775224
1620.201628,1.061752
1622.130440,1.355087
1624.059251,1.478755
1625.988063,1.575120
1627.916874,1.646521
1629.845686,1.642429
1631.774497,1.511084
1633.703309,1.318584
1635.632120,1.088948
1637.560932,0.906102
1639.489743,0.761435
1641.418555,0.609193
1643.347366,0.467428
1645.276177,0.341591
1647.204989,0.225496
1649.133800,0.145820
1651.062612,0.089051
1652.991423,0.037995
1654.920235,0.017653
1656.849046,0.013015
1658.777858,0.006962
1660.706669,0.002095
1662.635481,-0.000835
1664.564292,-0.000064
1666.493104,0.000730
1668.421915,-0.000857
1670.350726,0.000966
1672.279538,0.004971
1674.208349,0.007511
1676.137161,0.012365
1678.065972,0.019180
1679.994784,0.024110
1681.923595,0.025998
1683.852407,0.027365
1685.781218,0.034342
1687.710030,0.040856
1689.638841,0.043102
1691.567653,0.044774
1693.496464,0.042404
1695.425275,0.042943
1697.354087,0.056124
1699.282898,0.058938
1701.211710,0.047953
1703.140521,0.048407
1705.069333,0.055783
1706.998144,0.062677
1708.926956,0.073380
1710.855767,0.088015
1712.784579,0.096132
1714.713390,0.096688
1716.642202,0.100370
1718.571013,0.110330
1720.499824,0.122083
1722.428636,0.132226
1724.357447,0.142633
1726.286259,0.154166
1728.215070,0.167829
1730.143882,0.185925
1732.072693,0.204746
1734.001505,0.233448
1735.930316,0.271268
1737.859128,0.300203
1739.787939,0.323646
1741.716751,0.340733
1743.645562,0.347142
1745.574373,0.343979
1747.503185,0.335893
1749.431996,0.329114
1751.360808,0.329217
1753.289619,0.333734
1755.218431,0.334117
1757.147242,0.327049
1759.076054,0.307550
1761.004865,0.268264
1762.933677,0.217690
1764.862488,0.173560
1766.791300,0.132391
1768.720111,0.096279
1770.648922,0.069252
1772.577734,0.049068
1774.506545,0.038408
1776.435357,0.032262
1778.364168,0.027311
1780.292980,0.024767
1782.221791,0.024584
1784.150603,0.025370
1786.079414,0.026714
1788.008226,0.028426
1789.937037,0.027464
1791.865849,0.024277
1793.794660,0.022787
1795.723471,0.022558
1797.652283,0.021219
1799.581094,0.018037
1801.509906,0.016249
1803.438717,0.018132
1805.367529,0.020087
1807.296340,0.019883
1809.225152,0.018376
1811.153963,0.016672
1813.082775,0.015510
1815.011586,0.014139
1816.940398,0.012455
1818.869209,0.011077
1820.798021,0.009836
1822.726832,0.008173
1824.655643,0.006637
1826.584455,0.006318
1828.513266,0.005843
1830.442078,0.005542
1832.370889,0.006804
1834.299701,0.007842
1836.228512,0.008151
1838.157324,0.008612
1840.086135,0.008859
1842.014947,0.007830
1843.943758,0.006547
1845.872570,0.007251
1847.801381,0.008293
1849.730192,0.008456
1851.659004,0.008472
1853.587815,0.008251
1855.516627,0.007890
1857.445438,0.007418
1859.374250,0.006903
1861.303061,0.006264
1863.231873,0.005361
1865.160684,0.003940
1867.089496,0.001556
1869.018307,-0.000104
1870.947119,0.000012
1872.875930,0.002120
1874.804741,0.005173
1876.733553,0.004046
1878.662364,0.000677
1880.591176,0.000855
1882.519987,0.002553
1884.448799,0.003985
1886.377610,0.005443
1888.306422,0.006229
1890.235233,0.007403
1892.164045,0.008955
1894.092856,0.009934
1896.021668,0.010747
1897.950479,0.011523
1899.879290,0.011977
1901.808102,0.012168
1903.736913,0.012253
1905.665725,0.012126
1907.594536,0.011755
1909.523348,0.011387
1911.452159,0.011093
1913.380971,0.010654
1915.309782,0.009507
1917.238594,0.007958
1919.167405,0.007429
1921.096217,0.007288
1923.025028,0.006595
1924.953839,0.006180
1926.882651,0.005762
1928.811462,0.004995
1930.740274,0.004301
1932.669085,0.003591
1934.597897,0.002899
1936.526708,0.002346
1938.455520,0.001850
1940.384331,0.001038
1942.313143,0.000231
1944.241954,0.000162
1946.170766,0.000317
1948.099577,0.000286
1950.028388,0.000235
1951.957200,0.000097
1953.886011,-0.000109
1955.814823,-0.000190
1957.743634,-0.000143
1959.672446,-0.000168
1961.601257,-0.000183
1963.530069,-0.000207
1965.458880,-0.000426
1967.387692,-0.000495
1969.316503,-0.000262
1971.245315,-0.000069
1973.174126,-0.000013
1975.102938,-0.000026
1977.031749,-0.000008
1978.960560,0.000085
1980.889372,0.000157
1982.818183,0.000197
1984.746995,0.000179
1986.675806,0.000154
1988.604618,0.000140
1990.533429,-0.000004
1992.462241,-0.000005
1994.391052,0.000285
1996.319864,0.000477
1998.248675,0.000531
2000.177487,0.000583
2002.106298,0.000591
2004.035109,0.000508
2005.963921,0.000468
2007.892732,0.000423
2009.821544,0.000376
2011.750355,0.000422
2013.679167,0.000373
2015.607978,0.000149
2017.536790,0.000043
2019.465601,0.000166
2021.394413,0.000246
2023.323224,0.000218
2025.252036,0.000257
2027.180847,0.000261
2029.109658,0.000171
2031.038470,0.000136
2032.967281,0.000125
2034.896093,0.000107
2036.824904,0.000106
2038.753716,0.000105
2040.682527,0.000121
2042.611339,0.000102
2044.540150,0.000045
2046.468962,0.000043
2048.397773,0.000061
2050.326585,0.000069
2052.255396,0.000104
2054.184207,0.000080
2056.113019,-0.000008
2058.041830,-0.000059
2059.970642,-0.000082
2061.899453,-0.000098
2063.828265,-0.000164
2065.757076,-0.000236
2067.685888,-0.000176
2069.614699,-0.000059
2071.543511,0.000012
2073.472322,0.000000
2075.401134,-0.000062
2077.329945,-0.000089
2079.258756,-0.000110
2081.187568,-0.000139
2083.116379,-0.000128
2085.045191,-0.000083
2086.974002,-0.000093
2088.902814,-0.000165
2090.831625,-0.000164
2092.760437,-0.000101
2094.689248,-0.000089
2096.618060,-0.000134
2098.546871,-0.000173
2100.475683,-0.000110
2102.404494,0.000025
2104.333305,0.000031
2106.262117,-0.000072
2108.190928,-0.000120
2110.119740,-0.000072
2112.048551,0.000038
2113.977363,0.000072
2115.906174,0.000063
2117.834986,0.000127
2119.763797,0.000177
2121.692609,0.000160
2123.621420,0.000091
2125.550232,0.000005
2127.479043,-0.000067
2129.407854,-0.000106
2131.336666,-0.000099
2133.265477,-0.000114
2135.194289,-0.000161
2137.123100,-0.000213
2139.051912,-0.000258
2140.980723,-0.000331
2142.909535,-0.000429
2144.838346,-0.000467
2146.767158,-0.000459
2148.695969,-0.000437
2150.624781,-0.000405
2152.553592,-0.000374
2154.482404,-0.000324
2156.411215,-0.000257
2158.340026,-0.000199
2160.268838,-0.000194
2162.197649,-0.000215
2164.126461,-0.000193
2166.055272,-0.000130
2167.984084,-0.000050
2169.912895,-0.000000
2171.841707,0.000027
2173.770518,0.000067
2175.699330,0.000087
2177.628141,0.000112
2179.556953,0.000168
2181.485764,0.000206
2183.414575,0.000254
2185.343387,0.000338
2187.272198,0.000438
2189.201010,0.000580
2191.129821,0.000757
2193.058633,0.000940
2194.987444,0.001142
2196.916256,0.001339
2198.845067,0.001515
2200.773879,0.001730
2202.702690,0.001964
2204.631502,0.002106
2206.560313,0.002188
2208.489124,0.002309
2210.417936,0.002404
2212.346747,0.002368
2214.275559,0.002206
2216.204370,0.001945
2218.133182,0.001556
2220.061993,0.001042
2221.990805,0.000517
2223.919616,0.000325
2225.848428,0.000725
2227.777239,0.001463
2229.706051,0.002152
2231.634862,0.002678
2233.563673,0.003059
2235.492485,0.003278
2237.421296,0.003264
2239.350108,0.003044
2241.278919,0.002736
2243.207731,0.002331
2245.136542,0.001820
2247.065354,0.001283
2248.994165,0.000777
2250.922977,0.000363
2252.851788,0.000041
2254.780600,-0.000243
2256.709411,-0.000405
2258.638222,-0.000427
2260.567034,-0.000444
2262.495845,-0.000488
2264.424657,-0.000524
2266.353468,-0.000503
2268.282280,-0.000424
2270.211091,-0.000361
2272.139903,-0.000305
2274.068714,-0.000306
2275.997526,-0.000352
2277.926337,-0.000337
2279.855149,-0.000337
2281.783960,-0.000354
2283.712771,-0.000342
2285.641583,-0.000331
2287.570394,-0.000301
2289.499206,-0.000275
2291.428017,-0.000264
2293.356829,-0.000261
2295.285640,-0.000190
2297.214452,0.000011
2299.143263,0.000137
2301.072075,0.000153
2303.000886,0.000280
2304.929698,0.000559
2306.858509,0.000897
2308.787320,0.001196
2310.716132,0.001460
2312.644943,0.001761
2314.573755,0.002081
2316.502566,0.002390
2318.431378,0.002709
2320.360189,0.003070
2322.289001,0.003410
2324.217812,0.003605
2326.146624,0.003741
2328.075435,0.003989
2330.004247,0.004287
2331.933058,0.004454
2333.861870,0.004543
2335.790681,0.004709
2337.719492,0.004857
2339.648304,0.004894
2341.577115,0.004787
2343.505927,0.004493
2345.434738,0.003820
2347.363550,0.002819
2349.292361,0.002419
2351.221173,0.003158
2353.149984,0.004356
2355.078796,0.005295
2357.007607,0.005880
2358.936419,0.006136
2360.865230,0.006257
2362.794041,0.006305
2364.722853,0.006145
2366.651664,0.005787
2368.580476,0.005288
2370.509287,0.004649
2372.438099,0.003860
2374.366910,0.002917
2376.295722,0.001936
2378.224533,0.001068
2380.153345,0.000333
2382.082156,-0.000218
2384.010968,-0.000547
2385.939779,-0.000747
2387.868590,-0.000864
2389.797402,-0.000921
2391.726213,-0.000960
2393.655025,-0.000982
2395.583836,-0.000985
2397.512648,-0.000967
2399.441459,-0.000959
2401.370271,-0.000958
2403.299082,-0.000953
2405.227894,-0.000943
2407.156705,-0.000898
2409.085517,-0.000915
2411.014328,-0.000984
2412.943139,-0.000996
2414.871951,-0.001027
2416.800762,-0.001019
2418.729574,-0.000967
2420.658385,-0.000987
2422.587197,-0.000977
2424.516008,-0.000952
2426.444820,-0.000941
2428.373631,-0.000935
2430.302443,-0.000951
2432.231254,-0.000904
2434.160066,-0.000891
2436.088877,-0.000926
2438.017688,-0.000895
2439.946500,-0.000902
2441.875311,-0.000943
2443.804123,-0.000932
2445.732934,-0.000898
2447.661746,-0.000883
2449.590557,-0.000880
2451.519369,-0.000839
2453.448180,-0.000778
2455.376992,-0.000722
2457.305803,-0.000697
2459.234615,-0.000680
2461.163426,-0.000628
2463.092237,-0.000600
2465.021049,-0.000570
2466.949860,-0.000486
2468.878672,-0.000416
2470.807483,-0.000344
2472.736295,-0.000286
2474.665106,-0.000288
2476.593918,-0.000259
2478.522729,-0.000202
2480.451541,-0.000166
2482.380352,-0.000139
2484.309164,-0.000155
2486.237975,-0.000213
2488.166786,-0.000287
2490.095598,-0.000217
2492.024409,0.000059
2493.953221,0.000091
2495.882032,-0.000184
2497.810844,-0.000268
2499.739655,-0.000128
2501.668467,-0.000004
2503.597278,0.000088
2505.526090,0.000174
2507.454901,0.000209
2509.383713,0.000160
2511.312524,0.000100
2513.241336,0.000054
2515.170147,-0.000018
2517.098958,-0.000066
2519.027770,-0.000090
2520.956581,-0.000166
2522.885393,-0.000218
2524.814204,-0.000218
2526.743016,-0.000279
2528.671827,-0.000311
2530.600639,-0.000268
2532.529450,-0.000260
2534.458262,-0.000262
2536.387073,-0.000258
2538.315885,-0.000260
2540.244696,-0.000247
2542.173507,-0.000228
2544.102319,-0.000204
2546.031130,-0.000188
2547.959942,-0.000207
2549.888753,-0.000227
2551.817565,-0.000185
2553.746376,-0.000129
2555.675188,-0.000111
2557.603999,-0.000074
2559.532811,-0.000010
2561.461622,0.000060
2563.390434,0.000125
2565.319245,0.000166
2567.248056,0.000220
2569.176868,0.000341
2571.105679,0.000485
2573.034491,0.000579
2574.963302,0.000636
2576.892114,0.000624
2578.820925,0.000585
2580.749737,0.000644
2582.678548,0.000679
2584.607360,0.000604
2586.536171,0.000565
2588.464983,0.000663
2590.393794,0.000796
2592.322605,0.000730
2594.251417,0.000494
2596.180228,0.000310
2598.109040,0.000231
2600.037851,0.000223
2601.966663,0.000276
2603.895474,0.000382
2605.824286,0.000509
2607.753097,0.000678
2609.681909,0.000939
2611.610720,0.001305
2613.539532,0.001791
2615.468343,0.002308
2617.397154,0.002815
2619.325966,0.003274
2621.254777,0.003570
2623.183589,0.003757
2625.112400,0.003920
2627.041212,0.004082
2628.970023,0.004180
2630.898835,0.004110
2632.827646,0.003989
2634.756458,0.004002
2636.685269,0.004133
2638.614081,0.004080
2640.542892,0.003588
2642.471703,0.002745
2644.400515,0.001734
2646.329326,0.000891
2648.258138,0.000469
2650.186949,0.000261
2652.115761,0.000079
2654.044572,-0.000017
2655.973384,-0.000006
2657.902195,0.000016
2659.831007,-0.000046
2661.759818,-0.000100
2663.688630,-0.000083
2665.617441,-0.000123
2667.546253,-0.000207
2669.475064,-0.000240
2671.403875,-0.000228
2673.332687,-0.000206
2675.261498,-0.000273
2677.190310,-0.000369
2679.119121,-0.000342
2681.047933,-0.000284
2682.976744,-0.000279
2684.905556,-0.000316
2686.834367,-0.000355
2688.763179,-0.000363
2690.691990,-0.000378
2692.620802,-0.000352
2694.549613,-0.000288
2696.478424,-0.000301
2698.407236,-0.000370
2700.336047,-0.000368
2702.264859,-0.000315
2704.193670,-0.000338
2706.122482,-0.000365
2708.051293,-0.000307
2709.980105,-0.000299
2711.908916,-0.000388
2713.837728,-0.000451
2715.766539,-0.000404
2717.695351,-0.000337
2719.624162,-0.000341
2721.552973,-0.000335
2723.481785,-0.000335
2725.410596,-0.000340
2727.339408,-0.000293
2729.268219,-0.000277
2731.197031,-0.000287
2733.125842,-0.000283
2735.054654,-0.000317
2736.983465,-0.000400
2738.912277,-0.000472
2740.841088,-0.000443
2742.769900,-0.000418
2744.698711,-0.000458
2746.627522,-0.000438
2748.556334,-0.000372
2750.485145,-0.000302
2752.413957,-0.000279
2754.342768,-0.000330
2756.271580,-0.000389
2758.200391,-0.000442
2760.129203,-0.000417
2762.058014,-0.000341
2763.986826,-0.000355
2765.915637,-0.000425
2767.844449,-0.000458
2769.773260,-0.000404
2771.702071,-0.000320
2773.630883,-0.000338
2775.559694,-0.000402
2777.488506,-0.000383
2779.417317,-0.000353
2781.346129,-0.000402
2783.274940,-0.000443
2785.203752,-0.000423
2787.132563,-0.000429
2789.061375,-0.000485
2790.990186,-0.000479
2792.918998,-0.000420
2794.847809,-0.000400
2796.776620,-0.000395
2798.705432,-0.000376
2800.634243,-0.000362
2802.563055,-0.000371
2804.491866,-0.000397
2806.420678,-0.000425
2808.349489,-0.000479
2810.278301,-0.000498
2812.207112,-0.000432
2814.135924,-0.000374
2816.064735,-0.000375
2817.993547,-0.000392
2819.922358,-0.000358
2821.851169,-0.000272
2823.779981,-0.000217
2825.708792,-0.000193
2827.637604,-0.000143
2829.566415,-0.000034
2831.495227,0.000114
2833.424038,0.000258
2835.352850,0.000414
2837.281661,0.000568
2839.210473,0.000746
2841.139284,0.000979
2843.068096,0.001265
2844.996907,0.001725
2846.925719,0.002331
2848.854530,0.002909
2850.783341,0.003561
2852.712153,0.004544
2854.640964,0.005838
2856.569776,0.007219
2858.498587,0.008828
2860.427399,0.011057
2862.356210,0.013890
2864.285022,0.017033
2866.213833,0.020480
2868.142645,0.024573
2870.071456,0.029371
2872.000268,0.034591
2873.929079,0.040414
2875.857890,0.046736
2877.786702,0.053033
2879.715513,0.059340
2881.644325,0.065465
2883.573136,0.070992
2885.501948,0.075533
2887.430759,0.078776
2889.359571,0.080796
2891.288382,0.081490
2893.217194,0.080530
2895.146005,0.077384
2897.074817,0.072476
2899.003628,0.066530
2900.932439,0.060125
2902.861251,0.052758
2904.790062,0.042624
2906.718874,0.038618
2908.647685,0.052768
2910.576497,0.077937
2912.505308,0.100320
2914.434120,0.116822
2916.362931,0.126299
2918.291743,0.127666
2920.220554,0.121737
2922.149366,0.109696
2924.078177,0.093074
2926.006988,0.073369
2927.935800,0.053202
2929.864611,0.034960
2931.793423,0.020074
2933.722234,0.009494
2935.651046,0.003206
2937.579857,0.000275
2939.508669,-0.000552
2941.437480,-0.000436
2943.366292,-0.000056
2945.295103,0.000372
2947.223915,0.000898
2949.152726,0.001489
2951.081537,0.002125
2953.010349,0.002850
2954.939160,0.003634
2956.867972,0.004346
2958.796783,0.005008
2960.725595,0.005692
2962.654406,0.006366
2964.583218,0.006891
2966.512029,0.007078
2968.440841,0.007013
2970.369652,0.006901
2972.298464,0.006883
2974.227275,0.007217
2976.156086,0.007777
2978.084898,0.007847
2980.013709,0.007136
2981.942521,0.006067
2983.871332,0.004973
2985.800144,0.003896
2987.728955,0.002930
2989.657767,0.002173
2991.586578,0.001588
2993.515390,0.001173
2995.444201,0.000905
2997.373013,0.000723
2999.301824,0.000593
3001.230635,0.000453
3003.159447,0.000346
3005.088258,0.000334
3007.017070,0.000329
3008.945881,0.000246
3010.874693,0.000156
3012.803504,0.000147
3014.732316,0.000090
3016.661127,-0.000078
3018.589939,-0.000175
3020.518750,-0.000147
3022.447562,-0.000149
3024.376373,-0.000203
3026.305185,-0.000229
3028.233996,-0.000284
3030.162807,-0.000353
3032.091619,-0.000315
3034.020430,-0.000238
3035.949242,-0.000183
3037.878053,-0.000119
3039.806865,-0.000111
3041.735676,-0.000137
3043.664488,-0.000068
3045.593299,0.000054
3047.522111,0.000104
3049.450922,0.000101
3051.379734,0.000114
3053.308545,0.000144
3055.237356,0.000152
3057.166168,0.000155
3059.094979,0.000184
3061.023791,0.000175
3062.952602,0.000122
3064.881414,0.000146
3066.810225,0.000255
3068.739037,0.000349
3070.667848,0.000389
3072.596660,0.000379
3074.525471,0.000339
3076.454283,0.000278
3078.383094,0.000282
3080.311905,0.000367
3082.240717,0.000530
3084.169528,0.000718
3086.098340,0.000915
3088.027151,0.001138
3089.955963,0.001414
3091.884774,0.001733
3093.813586,0.002041
3095.742397,0.002367
3097.671209,0.002761
3099.600020,0.003217
3101.528832,0.003713
3103.457643,0.004252
3105.386454,0.004776
3107.315266,0.005117
3109.244077,0.005313
3111.172889,0.005488
3113.101700,0.005527
3115.030512,0.005421
3116.959323,0.005303
3118.888135,0.005198
3120.816946,0.005073
3122.745758,0.004904
3124.674569,0.004707
3126.603381,0.004418
3128.532192,0.003968
3130.461003,0.003382
3132.389815,0.002726
3134.318626,0.002152
3136.247438,0.001694
3138.176249,0.001272
3140.105061,0.000957
3142.033872,0.000803
3143.962684,0.000708
3145.891495,0.000647
3147.820307,0.000630
3149.749118,0.000557
3151.677930,0.000444
3153.606741,0.000392
3155.535552,0.000423
3157.464364,0.000485
3159.393175,0.000437
3161.321987,0.000339
3163.250798,0.000383
3165.179610,0.000445
3167.108421,0.000358
3169.037233,0.000271
3170.966044,0.000297
3172.894856,0.000330
3174.823667,0.000316
3176.752479,0.000286
3178.681290,0.000227
3180.610102,0.000244
3182.538913,0.000352
3184.467724,0.000332
3186.396536,0.000263
3188.325347,0.000284
3190.254159,0.000263
3192.182970,0.000207
3194.111782,0.000181
3196.040593,0.000146
3197.969405,0.000077
3199.898216,0.000060
3201.827028,0.000164
3203.755839,0.000208
3205.684651,0.000197
3207.613462,0.000237
3209.542273,0.000196
3211.471085,0.000119
3213.399896,0.000070
3215.328708,0.000016
3217.257519,0.000027
3219.186331,0.000083
3221.115142,0.000164
3223.043954,0.000292
3224.972765,0.000325
3226.901577,0.000225
3228.830388,0.000174
3230.759200,0.000204
3232.688011,0.000176
3234.616822,0.000222
3236.545634,0.000399
3238.474445,0.000472
3240.403257,0.000465
3242.332068,0.000424
3244.260880,0.000273
3246.189691,0.000257
3248.118503,0.000338
3250.047314,0.000311
3251.976126,0.000206
3253.904937,0.000173
3255.833749,0.000399
3257.762560,0.000462
3259.691371,0.000188
3261.620183,0.000137
3263.548994,0.000303
3265.477806,0.000438
3267.406617,0.000540
3269.335429,0.000558
3271.264240,0.000567
3273.193052,0.000547
3275.121863,0.000458
3277.050675,0.000466
3278.979486,0.000521
3280.908298,0.000476
3282.837109,0.000398
3284.765920,0.000323
3286.694732,0.000308
3288.623543,0.000313
3290.552355,0.000159
3292.481166,-0.000014
3294.409978,-0.000019
3296.338789,0.000096
3298.267601,0.000215
3300.196412,0.000276
3302.125224,0.000303
3304.054035,0.000184
3305.982847,0.000042
3307.911658,0.000045
3309.840469,0.000002
3311.769281,0.000020
3313.698092,0.000116
3315.626904,0.000063
3317.555715,0.000060
3319.484527,0.000149
3321.413338,0.000155
3323.342150,0.000146
3325.270961,0.000127
3327.199773,0.000071
3329.128584,0.000038
3331.057396,0.000030
3332.986207,0.000011
3334.915018,-0.000036
3336.843830,-0.000057
3338.772641,0.000039
3340.701453,0.000055
3342.630264,0.000052
3344.559076,0.000145
3346.487887,0.000181
3348.416699,0.000167
3350.345510,0.000253
3352.274322,0.000381
3354.203133,0.000389
3356.131945,0.000286
3358.060756,0.000176
3359.989568,0.000115
3361.918379,0.000056
3363.847190,-0.000100
3365.776002,-0.000248
3367.704813,-0.000173
3369.633625,0.000134
3371.562436,0.000209
3373.491248,-0.000214
3375.420059,-0.000529
3377.348871,-0.000466
3379.277682,-0.000277
3381.206494,-0.000022
3383.135305,0.000171
3385.064117,0.000255
3386.992928,0.000314
3388.921739,0.000428
3390.850551,0.000400
3392.779362,0.000152
3394.708174,0.000136
3396.636985,0.000246
3398.565797,0.000225
3400.494608,0.000183
3402.423420,0.000069
3404.352231,0.000028
3406.281043,0.000061
3408.209854,0.000077
3410.138666,0.000182
3412.067477,0.000253
3413.996288,0.000216
3415.925100,0.000148
3417.853911,0.000163
3419.782723,0.000152
3421.711534,0.000076
3423.640346,0.000170
3425.569157,0.000267
3427.497969,0.000354
3429.426780,0.000597
3431.355592,0.000815
3433.284403,0.000954
3435.213215,0.001121
3437.142026,0.001441
3439.070837,0.001669
3440.999649,0.001595
3442.928460,0.001431
3444.857272,0.001205
3446.786083,0.001130
3448.714895,0.001290
3450.643706,0.001302
3452.572518,0.001057
3454.501329,0.000869
3456.430141,0.000952
3458.358952,0.000894
3460.287764,0.000583
3462.216575,0.000350
3464.145386,0.000163
3466.074198,0.000091
3468.003009,0.000095
3469.931821,-0.000001
3471.860632,-0.000109
3473.789444,-0.000206
3475.718255,-0.000203
3477.647067,-0.000136
3479.575878,-0.000233
3481.504690,-0.000335
3483.433501,-0.000231
3485.362313,-0.000105
3487.291124,-0.000131
3489.219935,-0.000137
3491.148747,0.000082
3493.077558,0.000251
3495.006370,0.000127
3496.935181,0.000018
3498.863993,0.000007
3500.792804,-0.000140
3502.721616,-0.000313
3504.650427,-0.000230
3506.579239,-0.000040
3508.508050,0.000057
3510.436862,0.000209
3512.365673,0.000415
3514.294484,0.000665
3516.223296,0.001007
3518.152107,0.001210
3520.080919,0.001293
3522.009730,0.001482
3523.938542,0.001918
3525.867353,0.002631
3527.796165,0.003350
3529.724976,0.004246
3531.653788,0.005479
3533.582599,0.006400
3535.511411,0.006881
3537.440222,0.007252
3539.369034,0.007397
3541.297845,0.007249
3543.226656,0.006851
3545.155468,0.006451
3547.084279,0.006575
3549.013091,0.007515
3550.941902,0.008600
3552.870714,0.008937
3554.799525,0.009149
3556.728337,0.009891
3558.657148,0.010736
3560.585960,0.011485
3562.514771,0.011999
3564.443583,0.012257
3566.372394,0.012389
3568.301205,0.013047
3570.230017,0.014506
3572.158828,0.015233
3574.087640,0.014792
3576.016451,0.013963
3577.945263,0.012997
3579.874074,0.011785
3581.802886,0.009992
3583.731697,0.008122
3585.660509,0.006772
3587.589320,0.007529
3589.518132,0.010010
3591.446943,0.009317
3593.375754,0.006605
3595.304566,0.006790
3597.233377,0.008961
3599.162189,0.010830
3601.091000,0.012148
3603.019812,0.012917
3604.948623,0.012837
3606.877435,0.011563
3608.806246,0.010142
3610.735058,0.009258
3612.663869,0.008296
3614.592681,0.007458
3616.521492,0.006502
3618.450303,0.005113
3620.379115,0.004838
3622.307926,0.005451
3624.236738,0.005234
3626.165549,0.003677
3628.094361,0.001390
3630.023172,0.001357
3631.951984,0.003426
3633.880795,0.004461
3635.809607,0.004799
3637.738418,0.005169
3639.667230,0.005143
3641.596041,0.004851
3643.524852,0.004224
3645.453664,0.002659
3647.382475,0.000458
3649.311287,-0.000747
3651.240098,0.000580
3653.168910,0.002955
3655.097721,0.003605
3657.026533,0.003554
3658.955344,0.004491
3660.884156,0.005131
3662.812967,0.005028
3664.741779,0.004527
3666.670590,0.003505
3668.599401,0.001436
3670.528213,-0.000143
3672.457024,0.000279
3674.385836,-0.000334
3676.314647,-0.000712
3678.243459,0.001712
3680.172270,0.003608
3682.101082,0.004169
3684.029893,0.004117
3685.958705,0.002970
3687.887516,0.001207
3689.816328,0.000730
3691.745139,0.002260
3693.673951,0.003890
3695.602762,0.004581
3697.531573,0.004753
3699.460385,0.004436
3701.389196,0.003747
3703.318008,0.003694
3705.246819,0.003983
3707.175631,0.003214
3709.104442,0.001714
3711.033254,0.000653
3712.962065,0.001224
3714.890877,0.002997
3716.819688,0.003845
3718.748500,0.003593
3720.677311,0.003097
3722.606122,0.002767
3724.534934,0.002654
3726.463745,0.002641
3728.392557,0.002744
3730.321368,0.001960
3732.250180,0.000073
3734.178991,-0.001198
3736.107803,-0.000987
3738.036614,0.000134
3739.965426,0.000980
3741.894237,0.000076
3743.823049,-0.002474
3745.751860,-0.003226
3747.680671,-0.002217
3749.609483,-0.002724
3751.538294,-0.002717
3753.467106,-0.000540
3755.395917,0.001298
3757.324729,0.001755
3759.253540,0.001519
3761.182352,0.002062
3763.111163,0.002738
3765.039975,0.002337
3766.968786,0.001926
3768.897598,0.001787
3770.826409,0.001999
3772.755220,0.002828
3774.684032,0.003234
3776.612843,0.002893
3778.541655,0.002224
3780.470466,0.002093
3782.399278,0.002707
3784.328089,0.002995
3786.256901,0.003012
3788.185712,0.003168
3790.114524,0.003048
3792.043335,0.002819
3793.972147,0.002257
3795.900958,0.000969
3797.829769,0.000261
3799.758581,-0.000426
3801.687392,-0.001522
3803.616204,-0.000716
3805.545015,0.000037
3807.473827,-0.000045
3809.402638,0.001032
3811.331450,0.001808
3813.260261,0.001124
3815.189073,-0.000669
3817.117884,-0.001587
3819.046696,-0.001476
3820.975507,-0.002210
3822.904318,-0.001326
3824.833130,0.000451
3826.761941,0.000645
3828.690753,0.000665
3830.619564,0.000305
3832.548376,-0.000649
3834.477187,-0.001317
3836.405999,-0.002312
3838.334810,-0.002934
3840.263622,-0.002042
3842.192433,-0.000824
3844.121245,0.000013
3846.050056,0.000601
3847.978867,0.000267
3849.907679,-0.001319
3851.836490,-0.004020
3853.765302,-0.005882
3855.694113,-0.003743
3857.622925,-0.000817
3859.551736,-0.000057
3861.480548,-0.000520
3863.409359,-0.001434
3865.338171,-0.001838
3867.266982,-0.001671
3869.195794,-0.002277
3871.124605,-0.002177
3873.053417,-0.001147
3874.982228,-0.000662
3876.911039,-0.000089
3878.839851,-0.000412
3880.768662,-0.001330
3882.697474,-0.001113
3884.626285,-0.001407
3886.555097,-0.001589
3888.483908,-0.000607
3890.412720,-0.000634
3892.341531,-0.001006
3894.270343,-0.000355
3896.199154,-0.000182
3898.127966,-0.001314
3900.056777,-0.002590
3901.985588,-0.002936
3903.914400,-0.002514
3905.843211,-0.001345
3907.772023,0.000058
3909.700834,0.000646
3911.629646,0.000602
3913.558457,0.000379
3915.487269,-0.000138
3917.416080,-0.000652
3919.344892,-0.000664
3921.273703,-0.000356
3923.202515,-0.000336
3925.131326,-0.000474
3927.060137,-0.000263
3928.988949,-0.000147
3930.917760,-0.000477
3932.846572,-0.000514
3934.775383,-0.000045
3936.704195,0.000177
3938.633006,0.000023
3940.561818,-0.000265
3942.490629,-0.000546
3944.419441,-0.000471
3946.348252,-0.000340
3948.277064,-0.000515
3950.205875,-0.000554
3952.134686,-0.000274
3954.063498,-0.000028
3955.992309,-0.000080
3957.921121,-0.000192
3959.849932,-0.000152
3961.778744,-0.000218
3963.707555,-0.000249
3965.636367,-0.000151
3967.565178,-0.000125
3969.493990,-0.000154
3971.422801,-0.000210
3973.351613,-0.000285
3975.280424,-0.000292
3977.209235,-0.000161
3979.138047,0.000010
3981.066858,0.000082
3982.995670,0.000085
3984.924481,0.000039
3986.853293,-0.000004
3988.782104,-0.000027
3990.710916,-0.000078
3992.639727,-0.000065
3994.568539,0.000024
3996.497350,0.000106
3998.426162,0.000139
4000.354973,0.000073
