908.470199,-0.000643
910.399010,0.000206
912.327822,-0.000030
914.256633,-0.000039
916.185445,0.000383
918.114256,0.000128
920.043068,0.000370
921.971879,0.000992
923.900690,0.000249
925.829502,-0.000410
927.758313,-0.000666
929.687125,-0.000814
931.615936,-0.000857
933.544748,-0.000733
935.473559,-0.000803
937.402371,-0.001337
939.331182,-0.001442
941.259994,-0.001095
943.188805,-0.000995
945.117617,-0.000393
947.046428,0.000306
948.975240,0.000071
950.904051,-0.000229
952.832862,-0.000194
954.761674,-0.000186
956.690485,-0.000133
958.619297,-0.000033
960.548108,0.000113
962.476920,0.000171
964.405731,0.000120
966.334543,0.000201
968.263354,0.000377
970.192166,0.000431
972.120977,0.000312
974.049789,0.000229
975.978600,0.000206
977.907411,0.000232
979.836223,0.000260
981.765034,0.000268
983.693846,0.000279
985.622657,0.000269
987.551469,0.000239
989.480280,0.000163
991.409092,0.000038
993.337903,0.000090
995.266715,0.000287
997.195526,0.000380
999.124338,0.000345
1001.053149,0.000343
1002.981960,0.000459
1004.910772,0.000450
1006.839583,0.000284
1008.768395,0.000250
1010.697206,0.000342
1012.626018,0.000399
1014.554829,0.000416
1016.483641,0.000428
1018.412452,0.000398
1020.341264,0.000359
1022.270075,0.000388
1024.198887,0.000479
1026.127698,0.000667
1028.056509,0.000859
1029.985321,0.000954
1031.914132,0.001134
1033.842944,0.001388
1035.771755,0.001458
1037.700567,0.001443
1039.629378,0.001498
1041.558190,0.001468
1043.487001,0.001315
1045.415813,0.001118
1047.344624,0.000862
1049.273436,0.000622
1051.202247,0.000564
1053.131058,0.000578
1055.059870,0.000420
1056.988681,0.000260
1058.917493,0.000240
1060.846304,0.000126
1062.775116,-0.000086
1064.703927,-0.000199
1066.632739,-0.000291
1068.561550,-0.000450
1070.490362,-0.000487
1072.419173,-0.000358
1074.347985,-0.000235
1076.276796,-0.000067
1078.205607,0.000128
1080.134419,0.000211
1082.063230,0.000312
1083.992042,0.000449
1085.920853,0.000515
1087.849665,0.000544
1089.778476,0.000564
1091.707288,0.000641
1093.636099,0.000760
1095.564911,0.000766
1097.493722,0.000684
1099.422534,0.000664
1101.351345,0.000682
1103.280156,0.000697
1105.208968,0.000717
1107.137779,0.000686
1109.066591,0.000657
1110.995402,0.000651
1112.924214,0.000601
1114.853025,0.000566
1116.781837,0.000575
1118.710648,0.000597
1120.639460,0.000607
1122.568271,0.000624
1124.497083,0.000664
1126.425894,0.000718
1128.354706,0.000797
1130.283517,0.000851
1132.212328,0.000864
1134.141140,0.000868
1136.069951,0.000888
1137.998763,0.000960
1139.927574,0.001068
1141.856386,0.001168
1143.785197,0.001251
1145.714009,0.001156
1147.642820,0.001028
1149.571632,0.000915
1151.500443,0.000844
1153.429255,0.000780
1155.358066,0.000754
1157.286877,0.000688
1159.215689,0.000534
1161.144500,0.000419
1163.073312,0.000353
1165.002123,0.000310
1166.930935,0.000302
1168.859746,0.000286
1170.788558,0.000207
1172.717369,0.000070
1174.646181,-0.000038
1176.574992,-0.000055
1178.503804,-0.000009
1180.432615,0.000039
1182.361426,0.000034
1184.290238,-0.000030
1186.219049,-0.000062
1188.147861,0.000004
1190.076672,0.000083
1192.005484,0.000133
1193.934295,0.000142
1195.863107,0.000019
1197.791918,-0.000214
1199.720730,-0.000442
1201.649541,-0.000507
1203.578353,-0.000419
1205.507164,-0.000503
1207.435975,-0.000733
1209.364787,-0.000480
1211.293598,-0.000025
1213.222410,0.000425
1215.151221,0.000973
1217.080033,0.001583
1219.008844,0.002079
1220.937656,0.002731
1222.866467,0.003377
1224.795279,0.003941
1226.724090,0.005028
1228.652902,0.006306
1230.581713,0.007766
1232.510524,0.010075
1234.439336,0.013020
1236.368147,0.017146
1238.296959,0.023487
1240.225770,0.032578
1242.154582,0.045935
1244.083393,0.065257
1246.012205,0.090493
1247.941016,0.120066
1249.869828,0.150049
1251.798639,0.173904
1253.727451,0.185585
1255.656262,0.183878
1257.585073,0.184145
1259.513885,0.202673
1261.442696,0.216673
1263.371508,0.199743
1265.300319,0.180881
1267.229131,0.186618
1269.157942,0.201959
1271.086754,0.201825
1273.015565,0.177284
1274.944377,0.137500
1276.873188,0.098576
1278.802000,0.070405
1280.730811,0.053575
1282.659622,0.043785
1284.588434,0.037879
1286.517245,0.034851
1288.446057,0.033189
1290.374868,0.032229
1292.303680,0.031900
1294.232491,0.031576
1296.161303,0.031478
1298.090114,0.032013
1300.018926,0.033240
1301.947737,0.034363
1303.876549,0.035077
1305.805360,0.035947
1307.734172,0.036906
1309.662983,0.038123
1311.591794,0.038727
1313.520606,0.038341
1315.449417,0.037056
1317.378229,0.034733
1319.307040,0.031984
1321.235852,0.029137
1323.164663,0.030666
1325.093475,0.033340
1327.022286,0.027553
1328.951098,0.021477
1330.879909,0.021455
1332.808721,0.021454
1334.737532,0.021513
1336.666343,0.021977
1338.595155,0.021558
1340.523966,0.021229
1342.452778,0.019968
1344.381589,0.017143
1346.310401,0.013894
1348.239212,0.011089
1350.168024,0.008747
1352.096835,0.006816
1354.025647,0.005335
1355.954458,0.004427
1357.883270,0.003814
1359.812081,0.002604
1361.740892,0.001266
1363.669704,0.001574
1365.598515,0.002725
1367.527327,0.002863
1369.456138,0.002952
1371.384950,0.002935
1373.313761,0.001952
1375.242573,0.001866
1377.171384,0.002768
1379.100196,0.003084
1381.029007,0.003079
1382.957819,0.003046
1384.886630,0.002270
1386.815441,0.001084
1388.744253,0.001497
1390.673064,0.002375
1392.601876,0.000940
1394.530687,-0.000659
1396.459499,-0.000419
1398.388310,-0.000293
1400.317122,0.000798
1402.245933,0.002198
1404.174745,0.001831
1406.103556,0.002084
1408.032368,0.003114
1409.961179,0.003443
1411.889990,0.003665
1413.818802,0.003997
1415.747613,0.003323
1417.676425,0.000693
1419.605236,0.000466
1421.534048,0.003776
1423.462859,0.005471
1425.391671,0.006375
1427.320482,0.007152
1429.249294,0.006689
1431.178105,0.007482
1433.106917,0.008424
1435.035728,0.005926
1436.964539,0.004791
1438.893351,0.008695
1440.822162,0.011195
1442.750974,0.011591
1444.679785,0.011673
1446.608597,0.010869
1448.537408,0.011009
1450.466220,0.012158
1452.395031,0.012299
1454.323843,0.009439
1456.252654,0.004104
1458.181466,0.005393
1460.110277,0.011921
1462.039089,0.014061
1463.967900,0.012539
1465.896711,0.013131
1467.825523,0.015544
1469.754334,0.014229
1471.683146,0.010175
1473.611957,0.010174
1475.540769,0.013394
1477.469580,0.016175
1479.398392,0.017681
1481.327203,0.018046
1483.256015,0.018255
1485.184826,0.017435
1487.113638,0.015059
1489.042449,0.013041
1490.971260,0.014217
1492.900072,0.016359
1494.828883,0.014616
1496.757695,0.011941
1498.686506,0.012888
1500.615318,0.014837
1502.544129,0.014585
1504.472941,0.008550
1506.401752,0.001371
1508.330564,0.004751
1510.259375,0.009683
1512.188187,0.011058
1514.116998,0.010424
1516.045809,0.008137
1517.974621,0.006521
1519.903432,0.004188
1521.832244,0.002936
1523.761055,0.005857
1525.689867,0.007557
1527.618678,0.008717
1529.547490,0.010617
1531.476301,0.009182
1533.405113,0.007095
1535.333924,0.008847
1537.262736,0.006922
1539.191547,-0.000336
1541.120358,-0.000092
1543.049170,0.005639
1544.977981,0.010318
1546.906793,0.014156
1548.835604,0.015923
1550.764416,0.017385
1552.693227,0.018496
1554.622039,0.019620
1556.550850,0.019016
1558.479662,0.018392
1560.408473,0.032726
1562.337285,0.050966
1564.266096,0.065309
1566.194907,0.081696
1568.123719,0.099880
1570.052530,0.126297
1571.981342,0.161881
1573.910153,0.197276
1575.838965,0.244229
1577.767776,0.306894
1579.696588,0.371084
1581.625399,0.439726
1583.554211,0.509922
1585.483022,0.582252
1587.411834,0.661937
1589.340645,0.748842
1591.269456,0.841366
1593.198268,0.922553
1595.127079,0.972772
1597.055891,0.987464
1598.984702,0.982067
1600.913514,0.953704
1602.842325,0.918202
1604.771137,0.895767
1606.699948,0.871948
1608.628760,0.843228
1610.557571,0.785272
1612.486383,0.710485
1614.415194,0.625441
1616.344005,0.552149
1618.272817,0.628497
1620.201628,0.867910
1622.130440,1.112280
1624.059251,1.236810
1625.988063,1.325598
1627.916874,1.382875
1629.845686,1.372749
1631.774497,1.263742
1633.703309,1.103596
1635.632120,0.913195
1637.560932,0.756956
1639.489743,0.632552
1641.418555,0.503337
1643.347366,0.383474
1645.276177,0.276395
1647.204989,0.179137
1649.133800,0.114306
1651.062612,0.066635
1652.991423,0.023244
1654.920235,0.009626
1656.849046,0.009048
1658.777858,0.005253
1660.706669,0.001349
1662.635481,-0.000857
1664.564292,0.000518
1666.493104,0.001391
1668.421915,-0.001139
1670.350726,0.000130
1672.279538,0.003992
1674.208349,0.005571
1676.137161,0.009589
1678.065972,0.016007
1679.994784,0.019999
1681.923595,0.020239
1683.852407,0.020066
1685.781218,0.027665
1687.710030,0.035556
1689.638841,0.038686
1691.567653,0.041310
1693.496464,0.039375
1695.425275,0.038065
1697.354087,0.045996
1699.282898,0.046308
1701.211710,0.040119
1703.140521,0.043057
1705.069333,0.047831
1706.998144,0.051369
1708.926956,0.059170
1710.855767,0.070780
1712.784579,0.075934
1714.713390,0.073503
1716.642202,0.074120
1718.571013,0.081705
1720.499824,0.091621
1722.428636,0.098701
1724.357447,0.104366
1726.286259,0.110407
1728.215070,0.116754
1730.143882,0.125517
1732.072693,0.133933
1734.001505,0.148834
1735.930316,0.173245
1737.859128,0.191886
1739.787939,0.205559
1741.716751,0.216345
1743.645562,0.220665
1745.574373,0.218422
1747.503185,0.212720
1749.431996,0.207499
1751.360808,0.207667
1753.289619,0.211661
1755.218431,0.212030
1757.147242,0.207377
1759.076054,0.195471
1761.004865,0.170630
1762.933677,0.139270
1764.862488,0.112155
1766.791300,0.085662
1768.720111,0.062099
1770.648922,0.044079
1772.577734,0.030975
1774.506545,0.025863
1776.435357,0.023375
1778.364168,0.020548
1780.292980,0.019209
1782.221791,0.019777
1784.150603,0.020969
1786.079414,0.022569
1788.008226,0.024251
1789.937037,0.022786
1791.865849,0.019265
1793.794660,0.018230
1795.723471,0.018569
1797.652283,0.017508
1799.581094,0.014632
1801.509906,0.013280
1803.438717,0.015534
1805.367529,0.017748
1807.296340,0.017808
1809.225152,0.016534
1811.153963,0.015020
1813.082775,0.014015
1815.011586,0.012643
1816.940398,0.010818
1818.869209,0.009357
1820.798021,0.008118
1822.726832,0.006212
1824.655643,0.004363
1826.584455,0.003868
1828.513266,0.002993
1830.442078,0.002599
1832.370889,0.004202
1834.299701,0.005156
1836.228512,0.005074
1838.157324,0.005266
1840.086135,0.005305
1842.014947,0.003744
1843.943758,0.001933
1845.872570,0.003002
1847.801381,0.004649
1849.730192,0.005073
1851.659004,0.005244
1853.587815,0.005115
1855.516627,0.004876
1857.445438,0.004551
1859.374250,0.004178
1861.303061,0.003813
1863.231873,0.003221
1865.160684,0.002080
1867.089496,-0.000081
1869.018307,-0.001347
1870.947119,-0.000401
1872.875930,0.001490
1874.804741,0.003162
1876.733553,0.002616
1878.662364,0.000940
1880.591176,0.001020
1882.519987,0.001793
1884.448799,0.002477
1886.377610,0.003147
1888.306422,0.003147
1890.235233,0.003712
1892.164045,0.004947
1894.092856,0.005514
1896.021668,0.005916
1897.950479,0.006490
1899.879290,0.006757
1901.808102,0.006815
1903.736913,0.006872
1905.665725,0.006771
1907.594536,0.006410
1909.523348,0.006128
1911.452159,0.006103
1913.380971,0.006012
1915.309782,0.005119
1917.238594,0.003773
1919.167405,0.003598
1921.096217,0.003824
1923.025028,0.003475
1924.953839,0.003529
1926.882651,0.003560
1928.811462,0.003145
1930.740274,0.002795
1932.669085,0.002433
1934.597897,0.002075
1936.526708,0.001807
1938.455520,0.001513
1940.384331,0.000801
1942.313143,0.000089
1944.241954,0.000232
1946.170766,0.000598
1948.099577,0.000699
1950.028388,0.000763
1951.957200,0.000719
1953.886011,0.000587
1955.814823,0.000515
1957.743634,0.000525
1959.672446,0.000513
1961.601257,0.000514
1963.530069,0.000477
1965.458880,0.000205
1967.387692,0.000073
1969.316503,0.000341
1971.245315,0.000579
1973.174126,0.000611
1975.102938,0.000604
1977.031749,0.000649
1978.960560,0.000714
1980.889372,0.000747
1982.818183,0.000795
1984.746995,0.000780
1986.675806,0.000685
1988.604618,0.000562
1990.533429,0.000327
1992.462241,0.000323
1994.391052,0.000689
1996.319864,0.000915
1998.248675,0.000948
2000.177487,0.000985
2002.106298,0.001001
2004.035109,0.000943
2005.963921,0.000891
2007.892732,0.000841
2009.821544,0.000788
2011.750355,0.000813
2013.679167,0.000775
2015.607978,0.000548
2017.536790,0.000456
2019.465601,0.000619
2021.394413,0.000688
2023.323224,0.000636
2025.252036,0.000674
2027.180847,0.000707
2029.109658,0.000639
2031.038470,0.000573
2032.967281,0.000563
2034.896093,0.000585
2036.824904,0.000589
2038.753716,0.000559
2040.682527,0.000544
2042.611339,0.000536
2044.540150,0.000507
2046.468962,0.000521
2048.397773,0.000527
2050.326585,0.000498
2052.255396,0.000531
2054.184207,0.000552
2056.113019,0.000514
2058.041830,0.000458
2059.970642,0.000378
2061.899453,0.000322
2063.828265,0.000258
2065.757076,0.000240
2067.685888,0.000335
2069.614699,0.000424
2071.543511,0.000488
2073.472322,0.000480
2075.401134,0.000376
2077.329945,0.000332
2079.258756,0.000365
2081.187568,0.000412
2083.116379,0.000456
2085.045191,0.000459
2086.974002,0.000417
2088.902814,0.000364
2090.831625,0.000369
2092.760437,0.000439
2094.689248,0.000460
2096.618060,0.000414
2098.546871,0.000382
2100.475683,0.000419
2102.404494,0.000522
2104.333305,0.000538
2106.262117,0.000467
2108.190928,0.000474
2110.119740,0.000510
2112.048551,0.000548
2113.977363,0.000592
2115.906174,0.000601
2117.834986,0.000635
2119.763797,0.000692
2121.692609,0.000720
2123.621420,0.000663
2125.550232,0.000548
2127.479043,0.000472
2129.407854,0.000438
2131.336666,0.000420
2133.265477,0.000382
2135.194289,0.000320
2137.123100,0.000308
2139.051912,0.000300
2140.980723,0.000204
2142.909535,0.000100
2144.838346,0.000087
2146.767158,0.000145
2148.695969,0.000201
2150.624781,0.000214
2152.553592,0.000220
2154.482404,0.000253
2156.411215,0.000323
2158.340026,0.000393
2160.268838,0.000409
2162.197649,0.000414
2164.126461,0.000452
2166.055272,0.000534
2167.984084,0.000618
2169.912895,0.000642
2171.841707,0.000673
2173.770518,0.000758
2175.699330,0.000836
2177.628141,0.000881
2179.556953,0.000921
2181.485764,0.000970
2183.414575,0.001070
2185.343387,0.001250
2187.272198,0.001436
2189.201010,0.001620
2191.129821,0.001874
2193.058633,0.002183
2194.987444,0.002509
2196.916256,0.002815
2198.845067,0.003116
2200.773879,0.003458
2202.702690,0.003756
2204.631502,0.003948
2206.560313,0.004103
2208.489124,0.004237
2210.417936,0.004304
2212.346747,0.004266
2214.275559,0.004103
2216.204370,0.003767
2218.133182,0.003196
2220.061993,0.002420
2221.990805,0.001654
2223.919616,0.001425
2225.848428,0.002044
2227.777239,0.003064
2229.706051,0.004001
2231.634862,0.004796
2233.563673,0.005356
2235.492485,0.005611
2237.421296,0.005628
2239.350108,0.005386
2241.278919,0.004911
2243.207731,0.004299
2245.136542,0.003547
2247.065354,0.002734
2248.994165,0.001998
2250.922977,0.001378
2252.851788,0.000877
2254.780600,0.000475
2256.709411,0.000234
2258.638222,0.000150
2260.567034,0.000090
2262.495845,0.000047
2264.424657,0.000037
2266.353468,0.000075
2268.282280,0.000124
2270.211091,0.000132
2272.139903,0.000200
2274.068714,0.000224
2275.997526,0.000132
2277.926337,0.000111
2279.855149,0.000145
2281.783960,0.000149
2283.712771,0.000121
2285.641583,0.000133
2287.570394,0.000231
2289.499206,0.000285
2291.428017,0.000323
2293.356829,0.000415
2295.285640,0.000531
2297.214452,0.000698
2299.143263,0.000817
2301.072075,0.000886
2303.000886,0.001077
2304.929698,0.001379
2306.858509,0.001715
2308.787320,0.002021
2310.716132,0.002315
2312.644943,0.002712
2314.573755,0.003164
2316.502566,0.003624
2318.431378,0.004103
2320.360189,0.004580
2322.289001,0.005012
2324.217812,0.005283
2326.146624,0.005475
2328.075435,0.005796
2330.004247,0.006198
2331.933058,0.006442
2333.861870,0.006525
2335.790681,0.006674
2337.719492,0.006869
2339.648304,0.006992
2341.577115,0.006934
2343.505927,0.006568
2345.434738,0.005683
2347.363550,0.004361
2349.292361,0.003820
2351.221173,0.004787
2353.149984,0.006336
2355.078796,0.007498
2357.007607,0.008212
2358.936419,0.008561
2360.865230,0.008764
2362.794041,0.008849
2364.722853,0.008603
2366.651664,0.008111
2368.580476,0.007523
2370.509287,0.006695
2372.438099,0.005610
2374.366910,0.004421
2376.295722,0.003219
2378.224533,0.002115
2380.153345,0.001184
2382.082156,0.000519
2384.010968,0.000108
2385.939779,-0.000160
2387.868590,-0.000264
2389.797402,-0.000265
2391.726213,-0.000265
2393.655025,-0.000258
2395.583836,-0.000238
2397.512648,-0.000218
2399.441459,-0.000237
2401.370271,-0.000268
2403.299082,-0.000267
2405.227894,-0.000242
2407.156705,-0.000181
2409.085517,-0.000157
2411.014328,-0.000182
2412.943139,-0.000223
2414.871951,-0.000303
2416.800762,-0.000324
2418.729574,-0.000277
2420.658385,-0.000241
2422.587197,-0.000202
2424.516008,-0.000188
2426.444820,-0.000200
2428.373631,-0.000208
2430.302443,-0.000193
2432.231254,-0.000172
2434.160066,-0.000195
2436.088877,-0.000203
2438.017688,-0.000188
2439.946500,-0.000211
2441.875311,-0.000246
2443.804123,-0.000253
2445.732934,-0.000213
2447.661746,-0.000191
2449.590557,-0.000172
2451.519369,-0.000140
2453.448180,-0.000124
2455.376992,-0.000043
2457.305803,0.000021
2459.234615,0.000015
2461.163426,0.000021
2463.092237,0.000014
2465.021049,0.000061
2466.949860,0.000150
2468.878672,0.000162
2470.807483,0.000180
2472.736295,0.000226
2474.665106,0.000271
2476.593918,0.000357
2478.522729,0.000403
2480.451541,0.000380
2482.380352,0.000367
2484.309164,0.000363
2486.237975,0.000351
2488.166786,0.000325
2490.095598,0.000384
2492.024409,0.000544
2493.953221,0.000535
2495.882032,0.000358
2497.810844,0.000313
2499.739655,0.000419
2501.668467,0.000522
2503.597278,0.000573
2505.526090,0.000626
2507.454901,0.000667
2509.383713,0.000655
2511.312524,0.000639
2513.241336,0.000638
2515.170147,0.000619
2517.098958,0.000568
2519.027770,0.000485
2520.956581,0.000418
2522.885393,0.000428
2524.814204,0.000426
2526.743016,0.000339
2528.671827,0.000307
2530.600639,0.000344
2532.529450,0.000356
2534.458262,0.000382
2536.387073,0.000383
2538.315885,0.000310
2540.244696,0.000288
2542.173507,0.000358
2544.102319,0.000396
2546.031130,0.000368
2547.959942,0.000351
2549.888753,0.000354
2551.817565,0.000370
2553.746376,0.000409
2555.675188,0.000420
2557.603999,0.000421
2559.532811,0.000492
2561.461622,0.000530
2563.390434,0.000487
2565.319245,0.000529
2567.248056,0.000644
2569.176868,0.000750
2571.105679,0.000835
2573.034491,0.000875
2574.963302,0.000925
2576.892114,0.000949
2578.820925,0.000928
2580.749737,0.000954
2582.678548,0.000963
2584.607360,0.000926
2586.536171,0.000924
2588.464983,0.000971
2590.393794,0.001046
2592.322605,0.001039
2594.251417,0.000867
2596.180228,0.000674
2598.109040,0.000584
2600.037851,0.000556
2601.966663,0.000591
2603.895474,0.000654
2605.824286,0.000692
2607.753097,0.000824
2609.681909,0.001045
2611.610720,0.001286
2613.539532,0.001577
2615.468343,0.001845
2617.397154,0.002139
2619.325966,0.002451
2621.254777,0.002621
2623.183589,0.002701
2625.112400,0.002784
2627.041212,0.002904
2628.970023,0.003000
2630.898835,0.002969
2632.827646,0.002881
2634.756458,0.002850
2636.685269,0.002924
2638.614081,0.002890
2640.542892,0.002542
2642.471703,0.002027
2644.400515,0.001420
2646.329326,0.000869
2648.258138,0.000641
2650.186949,0.000547
2652.115761,0.000378
2654.044572,0.000276
2655.973384,0.000283
2657.902195,0.000311
2659.831007,0.000324
2661.759818,0.000311
2663.688630,0.000279
2665.617441,0.000194
2667.546253,0.000106
2669.475064,0.000092
2671.403875,0.000107
2673.332687,0.000121
2675.261498,0.000065
2677.190310,-0.000004
2679.119121,0.000025
2681.047933,0.000021
2682.976744,-0.000040
2684.905556,-0.000094
2686.834367,-0.000129
2688.763179,-0.000115
2690.691990,-0.000098
2692.620802,-0.000084
2694.549613,-0.000039
2696.478424,-0.000040
2698.407236,-0.000149
2700.336047,-0.000218
2702.264859,-0.000142
2704.193670,-0.000101
2706.122482,-0.000154
2708.051293,-0.000146
2709.980105,-0.000093
2711.908916,-0.000096
2713.837728,-0.000116
2715.766539,-0.000116
2717.695351,-0.000122
2719.624162,-0.000115
2721.552973,-0.000129
2723.481785,-0.000197
2725.410596,-0.000207
2727.339408,-0.000148
2729.268219,-0.000147
2731.197031,-0.000162
2733.125842,-0.000134
2735.054654,-0.000163
2736.983465,-0.000243
2738.912277,-0.000286
2740.841088,-0.000282
2742.769900,-0.000264
2744.698711,-0.000264
2746.627522,-0.000264
2748.556334,-0.000247
2750.485145,-0.000195
2752.413957,-0.000166
2754.342768,-0.000232
2756.271580,-0.000290
2758.200391,-0.000298
2760.129203,-0.000294
2762.058014,-0.000265
2763.986826,-0.000287
2765.915637,-0.000367
2767.844449,-0.000391
2769.773260,-0.000337
2771.702071,-0.000270
2773.630883,-0.000258
2775.559694,-0.000292
2777.488506,-0.000328
2779.417317,-0.000354
2781.346129,-0.000370
2783.274940,-0.000370
2785.203752,-0.000381
2787.132563,-0.000450
2789.061375,-0.000516
2790.990186,-0.000487
2792.918998,-0.000427
2794.847809,-0.000393
2796.776620,-0.000347
2798.705432,-0.000342
2800.634243,-0.000380
2802.563055,-0.000391
2804.491866,-0.000434
2806.420678,-0.000491
2808.349489,-0.000506
2810.278301,-0.000483
2812.207112,-0.000413
2814.135924,-0.000340
2816.064735,-0.000338
2817.993547,-0.000304
2819.922358,-0.000193
2821.851169,-0.000093
2823.779981,-0.000046
2825.708792,-0.000028
2827.637604,0.000021
2829.566415,0.000110
2831.495227,0.000202
2833.424038,0.000287
2835.352850,0.000379
2837.281661,0.000526
2839.210473,0.000747
2841.139284,0.000944
2843.068096,0.001158
2844.996907,0.001562
2846.925719,0.002032
2848.854530,0.002460
2850.783341,0.003014
2852.712153,0.003780
2854.640964,0.004753
2856.569776,0.005884
2858.498587,0.007151
2860.427399,0.008823
2862.356210,0.011075
2864.285022,0.013680
2866.213833,0.016513
2868.142645,0.019816
2870.071456,0.023638
2872.000268,0.027708
2873.929079,0.032179
2875.857890,0.037174
2877.786702,0.042292
2879.715513,0.047322
2881.644325,0.052099
2883.573136,0.056409
2885.501948,0.060038
2887.430759,0.062705
2889.359571,0.064295
2891.288382,0.064783
2893.217194,0.064008
2895.146005,0.061510
2897.074817,0.057657
2899.003628,0.052999
2900.932439,0.047948
2902.861251,0.042157
2904.790062,0.034144
2906.718874,0.030946
2908.647685,0.042219
2910.576497,0.062169
2912.505308,0.079805
2914.434120,0.092757
2916.362931,0.100256
2918.291743,0.101465
2920.220554,0.096926
2922.149366,0.087500
2924.078177,0.074285
2926.006988,0.058568
2927.935800,0.042555
2929.864611,0.028083
2931.793423,0.016292
2933.722234,0.007935
2935.651046,0.002989
2937.579857,0.000691
2939.508669,-0.000006
2941.437480,0.000031
2943.366292,0.000298
2945.295103,0.000613
2947.223915,0.000937
2949.152726,0.001266
2951.081537,0.001690
2953.010349,0.002182
2954.939160,0.002642
2956.867972,0.003066
2958.796783,0.003491
2960.725595,0.003941
2962.654406,0.004373
2964.583218,0.004701
2966.512029,0.004896
2968.440841,0.004964
2970.369652,0.004895
2972.298464,0.004853
2974.227275,0.005090
2976.156086,0.005469
2978.084898,0.005544
2980.013709,0.005189
2981.942521,0.004574
2983.871332,0.003811
2985.800144,0.003082
2987.728955,0.002520
2989.657767,0.002073
2991.586578,0.001712
2993.515390,0.001436
2995.444201,0.001229
2997.373013,0.001113
2999.301824,0.001059
3001.230635,0.001002
3003.159447,0.000947
3005.088258,0.000917
3007.017070,0.000895
3008.945881,0.000805
3010.874693,0.000659
3012.803504,0.000564
3014.732316,0.000457
3016.661127,0.000294
3018.589939,0.000199
3020.518750,0.000192
3022.447562,0.000143
3024.376373,0.000012
3026.305185,-0.000076
3028.233996,-0.000089
3030.162807,-0.000115
3032.091619,-0.000111
3034.020430,-0.000029
3035.949242,0.000029
3037.878053,0.000012
3039.806865,-0.000049
3041.735676,-0.000098
3043.664488,-0.000046
3045.593299,0.000030
3047.522111,-0.000003
3049.450922,-0.000040
3051.379734,-0.000005
3053.308545,-0.000006
3055.237356,-0.000043
3057.166168,-0.000055
3059.094979,-0.000051
3061.023791,-0.000038
3062.952602,-0.000090
3064.881414,-0.000205
3066.810225,-0.000192
3068.739037,-0.000087
3070.667848,-0.000066
3072.596660,-0.000103
3074.525471,-0.000088
3076.454283,-0.000089
3078.383094,-0.000032
3080.311905,0.000061
3082.240717,0.000195
3084.169528,0.000347
3086.098340,0.000464
3088.027151,0.000612
3089.955963,0.000810
3091.884774,0.001029
3093.813586,0.001217
3095.742397,0.001381
3097.671209,0.001645
3099.600020,0.001980
3101.528832,0.002326
3103.457643,0.002712
3105.386454,0.003058
3107.315266,0.003292
3109.244077,0.003444
3111.172889,0.003530
3113.101700,0.003539
3115.030512,0.003527
3116.959323,0.003499
3118.888135,0.003391
3120.816946,0.003288
3122.745758,0.003231
3124.674569,0.003129
3126.603381,0.002933
3128.532192,0.002652
3130.461003,0.002270
3132.389815,0.001828
3134.318626,0.001519
3136.247438,0.001314
3138.176249,0.001043
3140.105061,0.000813
3142.033872,0.000706
3143.962684,0.000700
3145.891495,0.000744
3147.820307,0.000711
3149.749118,0.000595
3151.677930,0.000534
3153.606741,0.000562
3155.535552,0.000609
3157.464364,0.000615
3159.393175,0.000512
3161.321987,0.000415
3163.250798,0.000472
3165.179610,0.000516
3167.108421,0.000477
3169.037233,0.000461
3170.966044,0.000449
3172.894856,0.000440
3174.823667,0.000420
3176.752479,0.000352
3178.681290,0.000335
3180.610102,0.000389
3182.538913,0.000381
3184.467724,0.000335
3186.396536,0.000365
3188.325347,0.000344
3190.254159,0.000290
3192.182970,0.000350
3194.111782,0.000335
3196.040593,0.000200
3197.969405,0.000148
3199.898216,0.000171
3201.827028,0.000216
3203.755839,0.000282
3205.684651,0.000329
3207.613462,0.000248
3209.542273,0.000114
3211.471085,0.000093
3213.399896,0.000090
3215.328708,0.000107
3217.257519,0.000154
3219.186331,0.000153
3221.115142,0.000192
3223.043954,0.000239
3224.972765,0.000236
3226.901577,0.000224
3228.830388,0.000213
3230.759200,0.000258
3232.688011,0.000323
3234.616822,0.000342
3236.545634,0.000362
3238.474445,0.000422
3240.403257,0.000520
3242.332068,0.000519
3244.260880,0.000382
3246.189691,0.000382
3248.118503,0.000490
3250.047314,0.000514
3251.976126,0.000539
3253.904937,0.000597
3255.833749,0.000714
3257.762560,0.000780
3259.691371,0.000724
3261.620183,0.000721
3263.548994,0.000762
3265.477806,0.000758
3267.406617,0.000827
3269.335429,0.000898
3271.264240,0.000909
3273.193052,0.000779
3275.121863,0.000603
3277.050675,0.000612
3278.979486,0.000679
3280.908298,0.000629
3282.837109,0.000525
3284.765920,0.000480
3286.694732,0.000505
3288.623543,0.000474
3290.552355,0.000331
3292.481166,0.000228
3294.409978,0.000209
3296.338789,0.000212
3298.267601,0.000313
3300.196412,0.000383
3302.125224,0.000286
3304.054035,0.000175
3305.982847,0.000108
3307.911658,0.000107
3309.840469,0.000116
3311.769281,0.000066
3313.698092,0.000081
3315.626904,0.000098
3317.555715,0.000050
3319.484527,0.000005
3321.413338,-0.000041
3323.342150,-0.000101
3325.270961,-0.000197
3327.199773,-0.000248
3329.128584,-0.000270
3331.057396,-0.000376
3332.986207,-0.000489
3334.915018,-0.000625
3336.843830,-0.000637
3338.772641,-0.000417
3340.701453,-0.000324
3342.630264,-0.000303
3344.559076,-0.000123
3346.487887,-0.000059
3348.416699,-0.000152
3350.345510,-0.000143
3352.274322,-0.000039
3354.203133,-0.000023
3356.131945,-0.000127
3358.060756,-0.000200
3359.989568,-0.000215
3361.918379,-0.000295
3363.847190,-0.000408
3365.776002,-0.000381
3367.704813,-0.000243
3369.633625,-0.000105
3371.562436,-0.000052
3373.491248,-0.000141
3375.420059,-0.000198
3377.348871,-0.000171
3379.277682,-0.000067
3381.206494,0.000116
3383.135305,0.000193
3385.064117,0.000230
3386.992928,0.000237
3388.921739,0.000290
3390.850551,0.000313
3392.779362,0.000172
3394.708174,0.000038
3396.636985,0.000026
3398.565797,0.000037
3400.494608,-0.000007
3402.423420,-0.000085
3404.352231,-0.000082
3406.281043,-0.000137
3408.209854,-0.000224
3410.138666,-0.000152
3412.067477,-0.000117
3413.996288,-0.000213
3415.925100,-0.000269
3417.853911,-0.000261
3419.782723,-0.000362
3421.711534,-0.000475
3423.640346,-0.000340
3425.569157,-0.000200
3427.497969,-0.000176
3429.426780,-0.000019
3431.355592,0.000146
3433.284403,0.000136
3435.213215,0.000147
3437.142026,0.000368
3439.070837,0.000629
3440.999649,0.000644
3442.928460,0.000427
3444.857272,0.000211
3446.786083,0.000142
3448.714895,0.000257
3450.643706,0.000480
3452.572518,0.000491
3454.501329,0.000329
3456.430141,0.000389
3458.358952,0.000437
3460.287764,0.000220
3462.216575,0.000067
3464.145386,0.000044
3466.074198,0.000010
3468.003009,0.000022
3469.931821,-0.000002
3471.860632,-0.000164
3473.789444,-0.000258
3475.718255,-0.000192
3477.647067,-0.000165
3479.575878,-0.000255
3481.504690,-0.000313
3483.433501,-0.000209
3485.362313,-0.000059
3487.291124,0.000002
3489.219935,0.000122
3491.148747,0.000220
3493.077558,0.000151
3495.006370,-0.000041
3496.935181,-0.000137
3498.863993,-0.000174
3500.792804,-0.000418
3502.721616,-0.000819
3504.650427,-0.000869
3506.579239,-0.000627
3508.508050,-0.000548
3510.436862,-0.000480
3512.365673,-0.000312
3514.294484,-0.000206
3516.223296,-0.000044
3518.152107,0.000156
3520.080919,0.000211
3522.009730,0.000302
3523.938542,0.000674
3525.867353,0.001240
3527.796165,0.001913
3529.724976,0.002871
3531.653788,0.003993
3533.582599,0.004802
3535.511411,0.005249
3537.440222,0.005515
3539.369034,0.005618
3541.297845,0.005428
3543.226656,0.004818
3545.155468,0.004218
3547.084279,0.004232
3549.013091,0.004988
3550.941902,0.005823
3552.870714,0.006016
3554.799525,0.006104
3556.728337,0.006500
3558.657148,0.006865
3560.585960,0.007163
3562.514771,0.007287
3564.443583,0.007066
3566.372394,0.006593
3568.301205,0.006919
3570.230017,0.008303
3572.158828,0.008869
3574.087640,0.008281
3576.016451,0.007496
3577.945263,0.006643
3579.874074,0.005553
3581.802886,0.004039
3583.731697,0.002475
3585.660509,0.000996
3587.589320,0.000926
3589.518132,0.002908
3591.446943,0.003202
3593.375754,0.001536
3595.304566,0.001567
3597.233377,0.003155
3599.162189,0.004597
3601.091000,0.005586
3603.019812,0.006056
3604.948623,0.005806
3606.877435,0.004501
3608.806246,0.003219
3610.735058,0.002910
3612.663869,0.002467
3614.592681,0.002024
3616.521492,0.001689
3618.450303,0.000713
3620.379115,0.000917
3622.307926,0.002240
3624.236738,0.002367
3626.165549,0.000733
3628.094361,-0.001859
3630.023172,-0.001733
3631.951984,0.001152
3633.880795,0.002805
3635.809607,0.003437
3637.738418,0.004017
3639.667230,0.004156
3641.596041,0.003955
3643.524852,0.003243
3645.453664,0.001446
3647.382475,-0.001105
3649.311287,-0.002542
3651.240098,-0.000726
3653.168910,0.002435
3655.097721,0.003420
3657.026533,0.003665
3658.955344,0.005192
3660.884156,0.006210
3662.812967,0.006162
3664.741779,0.005626
3666.670590,0.004432
3668.599401,0.001918
3670.528213,0.000118
3672.457024,0.000722
3674.385836,-0.000005
3676.314647,-0.000276
3678.243459,0.002890
3680.172270,0.005281
3682.101082,0.006080
3684.029893,0.006137
3685.958705,0.004736
3687.887516,0.002538
3689.816328,0.001906
3691.745139,0.003841
3693.673951,0.006037
3695.602762,0.006945
3697.531573,0.007060
3699.460385,0.006595
3701.389196,0.005785
3703.318008,0.005884
3705.246819,0.006348
3707.175631,0.005422
3709.104442,0.003551
3711.033254,0.002138
3712.962065,0.002812
3714.890877,0.005061
3716.819688,0.006116
3718.748500,0.005784
3720.677311,0.005177
3722.606122,0.004811
3724.534934,0.004668
3726.463745,0.004573
3728.392557,0.004688
3730.321368,0.003701
3732.250180,0.001288
3734.178991,-0.000285
3736.107803,-0.000074
3738.036614,0.001223
3739.965426,0.002310
3741.894237,0.001160
3743.823049,-0.002101
3745.751860,-0.002933
3747.680671,-0.001594
3749.609483,-0.002311
3751.538294,-0.002321
3753.467106,0.000455
3755.395917,0.002737
3757.324729,0.003292
3759.253540,0.003054
3761.182352,0.003781
3763.111163,0.004581
3765.039975,0.004063
3766.968786,0.003595
3768.897598,0.003370
3770.826409,0.003614
3772.755220,0.004767
3774.684032,0.005321
3776.612843,0.004813
3778.541655,0.003918
3780.470466,0.003788
3782.399278,0.004587
3784.328089,0.004885
3786.256901,0.004857
3788.185712,0.005120
3790.114524,0.005011
3792.043335,0.004668
3793.972147,0.003921
3795.900958,0.002270
3797.829769,0.001338
3799.758581,0.000435
3801.687392,-0.000977
3803.616204,0.000146
3805.545015,0.001274
3807.473827,0.001209
3809.402638,0.002473
3811.331450,0.003312
3813.260261,0.002291
3815.189073,-0.000073
3817.117884,-0.001214
3819.046696,-0.000980
3820.975507,-0.001853
3822.904318,-0.000724
3824.833130,0.001522
3826.761941,0.001681
3828.690753,0.001598
3830.619564,0.001098
3832.548376,-0.000209
3834.477187,-0.001092
3836.405999,-0.002143
3838.334810,-0.002783
3840.263622,-0.001723
3842.192433,-0.000205
3844.121245,0.000820
3846.050056,0.001467
3847.978867,0.000966
3849.907679,-0.001173
3851.836490,-0.004677
3853.765302,-0.006906
3855.694113,-0.004002
3857.622925,-0.000254
3859.551736,0.000570
3861.480548,-0.000103
3863.409359,-0.001238
3865.338171,-0.001765
3867.266982,-0.001542
3869.195794,-0.002404
3871.124605,-0.002431
3873.053417,-0.001007
3874.982228,-0.000311
3876.911039,0.000317
3878.839851,-0.000121
3880.768662,-0.001282
3882.697474,-0.000914
3884.626285,-0.001222
3886.555097,-0.001609
3888.483908,-0.000501
3890.412720,-0.000589
3892.341531,-0.001012
3894.270343,-0.000108
3896.199154,0.000011
3898.127966,-0.001454
3900.056777,-0.002974
3901.985588,-0.003418
3903.914400,-0.002866
3905.843211,-0.001360
3907.772023,0.000358
3909.700834,0.001087
3911.629646,0.001050
3913.558457,0.000741
3915.487269,0.000006
3917.416080,-0.000728
3919.344892,-0.000707
3921.273703,-0.000232
3923.202515,-0.000213
3925.131326,-0.000436
3927.060137,-0.000263
3928.988949,-0.000200
3930.917760,-0.000562
3932.846572,-0.000584
3934.775383,-0.000074
3936.704195,0.000181
3938.633006,0.000108
3940.561818,-0.000102
3942.490629,-0.000570
3944.419441,-0.000639
3946.348252,-0.000368
3948.277064,-0.000525
3950.205875,-0.000623
3952.134686,-0.000401
3954.063498,-0.000245
3955.992309,-0.000202
3957.921121,-0.000247
3959.849932,-0.000307
3961.778744,-0.000387
3963.707555,-0.000488
3965.636367,-0.000446
3967.565178,-0.000370
3969.493990,-0.000317
3971.422801,-0.000316
3973.351613,-0.000351
3975.280424,-0.000359
3977.209235,-0.000284
3979.138047,-0.000136
3981.066858,-0.000061
3982.995670,-0.000029
3984.924481,-0.000006
3986.853293,-0.000058
3988.782104,-0.000188
3990.710916,-0.000266
3992.639727,-0.000169
3994.568539,-0.000141
3996.497350,-0.000218
3998.426162,-0.000096
4000.354973,0.000034
