908.470199,-0.000610
910.399010,-0.000030
912.327822,0.000727
914.256633,0.000594
916.185445,0.000182
918.114256,0.000106
920.043068,0.000672
921.971879,0.000976
923.900690,-0.000197
925.829502,-0.000766
927.758313,-0.000618
929.687125,-0.000711
931.615936,-0.001101
933.544748,-0.000926
935.473559,-0.000618
937.402371,-0.001112
939.331182,-0.001155
941.259994,-0.000658
943.188805,-0.000601
945.117617,-0.000250
947.046428,0.000202
948.975240,0.000162
950.904051,-0.000024
952.832862,-0.000309
954.761674,-0.000442
956.690485,-0.000342
958.619297,-0.000227
960.548108,-0.000055
962.476920,0.000082
964.405731,0.000107
966.334543,0.000092
968.263354,0.000103
970.192166,0.000086
972.120977,0.000036
974.049789,0.000007
975.978600,-0.000085
977.907411,0.000014
979.836223,0.000171
981.765034,0.000142
983.693846,0.000114
985.622657,0.000117
987.551469,0.000107
989.480280,0.000043
991.409092,-0.000076
993.337903,-0.000037
995.266715,0.000086
997.195526,0.000135
999.124338,0.000107
1001.053149,0.000076
1002.981960,0.000175
1004.910772,0.000237
1006.839583,0.000186
1008.768395,0.000143
1010.697206,0.000056
1012.626018,0.000015
1014.554829,0.000109
1016.483641,0.000199
1018.412452,0.000210
1020.341264,0.000146
1022.270075,0.000103
1024.198887,0.000192
1026.127698,0.000339
1028.056509,0.000468
1029.985321,0.000599
1031.914132,0.000742
1033.842944,0.000914
1035.771755,0.001021
1037.700567,0.001016
1039.629378,0.001017
1041.558190,0.001019
1043.487001,0.000996
1045.415813,0.000898
1047.344624,0.000657
1049.273436,0.000447
1051.202247,0.000368
1053.131058,0.000312
1055.059870,0.000196
1056.988681,0.000046
1058.917493,-0.000032
1060.846304,-0.000125
1062.775116,-0.000346
1064.703927,-0.000512
1066.632739,-0.000588
1068.561550,-0.000733
1070.490362,-0.000821
1072.419173,-0.000754
1074.347985,-0.000652
1076.276796,-0.000463
1078.205607,-0.000228
1080.134419,-0.000107
1082.063230,0.000000
1083.992042,0.000118
1085.920853,0.000130
1087.849665,0.000143
1089.778476,0.000204
1091.707288,0.000275
1093.636099,0.000365
1095.564911,0.000349
1097.493722,0.000269
1099.422534,0.000281
1101.351345,0.000277
1103.280156,0.000261
1105.208968,0.000281
1107.137779,0.000256
1109.066591,0.000238
1110.995402,0.000223
1112.924214,0.000176
1114.853025,0.000132
1116.781837,0.000085
1118.710648,0.000101
1120.639460,0.000135
1122.568271,0.000131
1124.497083,0.000179
1126.425894,0.000243
1128.354706,0.000288
1130.283517,0.000332
1132.212328,0.000319
1134.141140,0.000307
1136.069951,0.000369
1137.998763,0.000446
1139.927574,0.000556
1141.856386,0.000689
1143.785197,0.000759
1145.714009,0.000678
1147.642820,0.000591
1149.571632,0.000502
1151.500443,0.000465
1153.429255,0.000427
1155.358066,0.000371
1157.286877,0.000335
1159.215689,0.000275
1161.144500,0.000184
1163.073312,0.000077
1165.002123,-0.000001
1166.930935,0.000031
1168.859746,0.000054
1170.788558,-0.000051
1172.717369,-0.000149
1174.646181,-0.000171
1176.574992,-0.000155
1178.503804,-0.000114
1180.432615,-0.000081
1182.361426,-0.000103
1184.290238,-0.000142
1186.219049,-0.000117
1188.147861,-0.000060
1190.076672,-0.000023
1192.005484,0.000025
1193.934295,0.000032
1195.863107,-0.000094
1197.791918,-0.000290
1199.720730,-0.000486
1201.649541,-0.000545
1203.578353,-0.000414
1205.507164,-0.000434
1207.435975,-0.000642
1209.364787,-0.000668
1211.293598,-0.000516
1213.222410,-0.000372
1215.151221,0.000114
1217.080033,0.000697
1219.008844,0.001215
1220.937656,0.001810
1222.866467,0.002323
1224.795279,0.002764
1226.724090,0.003669
1228.652902,0.004742
1230.581713,0.006001
1232.510524,0.007943
1234.439336,0.010374
1236.368147,0.013836
1238.296959,0.019093
1240.225770,0.026521
1242.154582,0.037437
1244.083393,0.053174
1246.012205,0.073677
1247.941016,0.097661
1249.869828,0.121885
1251.798639,0.141144
1253.727451,0.150572
1255.656262,0.149158
1257.585073,0.149374
1259.513885,0.164424
1261.442696,0.176022
1263.371508,0.162843
1265.300319,0.147549
1267.229131,0.152017
1269.157942,0.164528
1271.086754,0.164761
1273.015565,0.145327
1274.944377,0.113437
1276.873188,0.082041
1278.802000,0.059248
1280.730811,0.045686
1282.659622,0.037850
1284.588434,0.033172
1286.517245,0.030907
1288.446057,0.029734
1290.374868,0.029092
1292.303680,0.028971
1294.232491,0.028880
1296.161303,0.029053
1298.090114,0.029779
1300.018926,0.031052
1301.947737,0.032164
1303.876549,0.032934
1305.805360,0.033900
1307.734172,0.034871
1309.662983,0.035994
1311.591794,0.036536
1313.520606,0.036208
1315.449417,0.035083
1317.378229,0.032915
1319.307040,0.030266
1321.235852,0.027574
1323.164663,0.029128
1325.093475,0.031695
1327.022286,0.026107
1328.951098,0.020342
1330.879909,0.020389
1332.808721,0.020386
1334.737532,0.020532
1336.666343,0.021029
1338.595155,0.020595
1340.523966,0.020392
1342.452778,0.019293
1344.381589,0.016649
1346.310401,0.013646
1348.239212,0.011031
1350.168024,0.008854
1352.096835,0.007082
1354.025647,0.005708
1355.954458,0.004827
1357.883270,0.004262
1359.812081,0.003251
1361.740892,0.002056
1363.669704,0.002318
1365.598515,0.003419
1367.527327,0.003554
1369.456138,0.003659
1371.384950,0.003674
1373.313761,0.002708
1375.242573,0.002625
1377.171384,0.003559
1379.100196,0.003913
1381.029007,0.003946
1382.957819,0.003939
1384.886630,0.003097
1386.815441,0.001839
1388.744253,0.002209
1390.673064,0.003029
1392.601876,0.001623
1394.530687,0.000061
1396.459499,0.000250
1398.388310,0.000408
1400.317122,0.001475
1402.245933,0.002800
1404.174745,0.002493
1406.103556,0.002757
1408.032368,0.003740
1409.961179,0.004072
1411.889990,0.004316
1413.818802,0.004712
1415.747613,0.004065
1417.676425,0.001418
1419.605236,0.001186
1421.534048,0.004437
1423.462859,0.006112
1425.391671,0.007115
1427.320482,0.007957
1429.249294,0.007471
1431.178105,0.008278
1433.106917,0.009275
1435.035728,0.006838
1436.964539,0.005752
1438.893351,0.009637
1440.822162,0.012141
1442.750974,0.012597
1444.679785,0.012699
1446.608597,0.011865
1448.537408,0.011961
1450.466220,0.013096
1452.395031,0.013294
1454.323843,0.010482
1456.252654,0.005150
1458.181466,0.006470
1460.110277,0.012972
1462.039089,0.015061
1463.967900,0.013592
1465.896711,0.014278
1467.825523,0.016757
1469.754334,0.015514
1471.683146,0.011506
1473.611957,0.011510
1475.540769,0.014754
1477.469580,0.017574
1479.398392,0.019089
1481.327203,0.019463
1483.256015,0.019684
1485.184826,0.018849
1487.113638,0.016508
1489.042449,0.014540
1490.971260,0.015668
1492.900072,0.017767
1494.828883,0.016032
1496.757695,0.013342
1498.686506,0.014268
1500.615318,0.016212
1502.544129,0.015910
1504.472941,0.009804
1506.401752,0.002682
1508.330564,0.006153
1510.259375,0.011038
1512.188187,0.012367
1514.116998,0.011718
1516.045809,0.009402
1517.974621,0.007806
1519.903432,0.005490
1521.832244,0.004180
1523.761055,0.007056
1525.689867,0.008745
1527.618678,0.009896
1529.547490,0.011792
1531.476301,0.010371
1533.405113,0.008275
1535.333924,0.009935
1537.262736,0.007908
1539.191547,0.000340
1541.120358,0.000314
1543.049170,0.005770
1544.977981,0.010434
1546.906793,0.014211
1548.835604,0.015842
1550.764416,0.017118
1552.693227,0.018040
1554.622039,0.018839
1556.550850,0.017753
1558.479662,0.016493
1560.408473,0.030039
1562.337285,0.047387
1564.266096,0.060489
1566.194907,0.075298
1568.123719,0.091574
1570.052530,0.115276
1571.981342,0.147638
1573.910153,0.179487
1575.838965,0.221562
1577.767776,0.278581
1579.696588,0.337310
1581.625399,0.400132
1583.554211,0.465122
1585.483022,0.532631
1587.411834,0.606695
1589.340645,0.687434
1591.269456,0.772905
1593.198268,0.847651
1595.127079,0.895222
1597.055891,0.911145
1598.984702,0.908242
1600.913514,0.884151
1602.842325,0.852628
1604.771137,0.831972
1606.699948,0.808795
1608.628760,0.779679
1610.557571,0.723881
1612.486383,0.652902
1614.415194,0.572813
1616.344005,0.503644
1618.272817,0.574358
1620.201628,0.794911
1622.130440,1.020117
1624.059251,1.142177
1625.988063,1.225937
1627.916874,1.277555
1629.845686,1.266514
1631.774497,1.167087
1633.703309,1.020931
1635.632120,0.846143
1637.560932,0.700524
1639.489743,0.584285
1641.418555,0.464328
1643.347366,0.353345
1645.276177,0.254086
1647.204989,0.164404
1649.133800,0.105257
1651.062612,0.061488
1652.991423,0.021529
1654.920235,0.009904
1656.849046,0.010182
1658.777858,0.006956
1660.706669,0.003407
1662.635481,0.001252
1664.564292,0.002549
1666.493104,0.003229
1668.421915,0.000544
1670.350726,0.001648
1672.279538,0.005367
1674.208349,0.006683
1676.137161,0.010337
1678.065972,0.016399
1679.994784,0.020047
1681.923595,0.019924
1683.852407,0.019405
1685.781218,0.026836
1687.710030,0.034692
1689.638841,0.037821
1691.567653,0.040429
1693.496464,0.038564
1695.425275,0.036924
1697.354087,0.043549
1699.282898,0.043336
1701.211710,0.038218
1703.140521,0.041446
1705.069333,0.045492
1706.998144,0.048225
1708.926956,0.055091
1710.855767,0.065501
1712.784579,0.069710
1714.713390,0.066696
1716.642202,0.066531
1718.571013,0.073028
1720.499824,0.081853
1722.428636,0.087759
1724.357447,0.091904
1726.286259,0.096238
1728.215070,0.100533
1730.143882,0.106647
1732.072693,0.112069
1734.001505,0.122873
1735.930316,0.142921
1737.859128,0.158151
1739.787939,0.168745
1741.716751,0.177536
1743.645562,0.181180
1745.574373,0.179194
1747.503185,0.174356
1749.431996,0.169856
1751.360808,0.170097
1753.289619,0.173842
1755.218431,0.174189
1757.147242,0.170262
1759.076054,0.160679
1761.004865,0.140432
1762.933677,0.115158
1764.862488,0.093469
1766.791300,0.071784
1768.720111,0.052382
1770.648922,0.037435
1772.577734,0.026617
1774.506545,0.022952
1776.435357,0.021377
1778.364168,0.019187
1780.292980,0.018180
1782.221791,0.018782
1784.150603,0.019873
1786.079414,0.021332
1788.008226,0.022803
1789.937037,0.021276
1791.865849,0.017920
1793.794660,0.017119
1795.723471,0.017655
1797.652283,0.016760
1799.581094,0.014169
1801.509906,0.013019
1803.438717,0.015135
1805.367529,0.017188
1807.296340,0.017269
1809.225152,0.016126
1811.153963,0.014804
1813.082775,0.013977
1815.011586,0.012782
1816.940398,0.011109
1818.869209,0.009752
1820.798021,0.008624
1822.726832,0.006813
1824.655643,0.005020
1826.584455,0.004543
1828.513266,0.003680
1830.442078,0.003303
1832.370889,0.004895
1834.299701,0.005839
1836.228512,0.005707
1838.157324,0.005789
1840.086135,0.005781
1842.014947,0.004205
1843.943758,0.002356
1845.872570,0.003447
1847.801381,0.005135
1849.730192,0.005557
1851.659004,0.005741
1853.587815,0.005640
1855.516627,0.005409
1857.445438,0.005117
1859.374250,0.004764
1861.303061,0.004426
1863.231873,0.003929
1865.160684,0.002870
1867.089496,0.000769
1869.018307,-0.000444
1870.947119,0.000592
1872.875930,0.002310
1874.804741,0.003683
1876.733553,0.003254
1878.662364,0.001845
1880.591176,0.001883
1882.519987,0.002510
1884.448799,0.003026
1886.377610,0.003531
1888.306422,0.003417
1890.235233,0.003833
1892.164045,0.004944
1894.092856,0.005447
1896.021668,0.005754
1897.950479,0.006213
1899.879290,0.006451
1901.808102,0.006505
1903.736913,0.006502
1905.665725,0.006382
1907.594536,0.006032
1909.523348,0.005753
1911.452159,0.005754
1913.380971,0.005690
1915.309782,0.004831
1917.238594,0.003556
1919.167405,0.003474
1921.096217,0.003762
1923.025028,0.003434
1924.953839,0.003499
1926.882651,0.003548
1928.811462,0.003174
1930.740274,0.002898
1932.669085,0.002616
1934.597897,0.002302
1936.526708,0.002069
1938.455520,0.001826
1940.384331,0.001103
1942.313143,0.000346
1944.241954,0.000531
1946.170766,0.000953
1948.099577,0.001041
1950.028388,0.001092
1951.957200,0.001049
1953.886011,0.000904
1955.814823,0.000806
1957.743634,0.000821
1959.672446,0.000839
1961.601257,0.000836
1963.530069,0.000779
1965.458880,0.000479
1967.387692,0.000310
1969.316503,0.000544
1971.245315,0.000733
1973.174126,0.000754
1975.102938,0.000756
1977.031749,0.000763
1978.960560,0.000822
1980.889372,0.000852
1982.818183,0.000842
1984.746995,0.000800
1986.675806,0.000718
1988.604618,0.000598
1990.533429,0.000342
1992.462241,0.000275
1994.391052,0.000586
1996.319864,0.000806
1998.248675,0.000841
2000.177487,0.000891
2002.106298,0.000909
2004.035109,0.000829
2005.963921,0.000749
2007.892732,0.000709
2009.821544,0.000710
2011.750355,0.000772
2013.679167,0.000701
2015.607978,0.000415
2017.536790,0.000314
2019.465601,0.000503
2021.394413,0.000596
2023.323224,0.000572
2025.252036,0.000611
2027.180847,0.000622
2029.109658,0.000567
2031.038470,0.000519
2032.967281,0.000493
2034.896093,0.000502
2036.824904,0.000524
2038.753716,0.000494
2040.682527,0.000467
2042.611339,0.000468
2044.540150,0.000434
2046.468962,0.000442
2048.397773,0.000482
2050.326585,0.000471
2052.255396,0.000489
2054.184207,0.000484
2056.113019,0.000411
2058.041830,0.000370
2059.970642,0.000361
2061.899453,0.000347
2063.828265,0.000263
2065.757076,0.000191
2067.685888,0.000251
2069.614699,0.000364
2071.543511,0.000464
2073.472322,0.000472
2075.401134,0.000405
2077.329945,0.000395
2079.258756,0.000394
2081.187568,0.000373
2083.116379,0.000398
2085.045191,0.000445
2086.974002,0.000434
2088.902814,0.000371
2090.831625,0.000354
2092.760437,0.000384
2094.689248,0.000405
2096.618060,0.000427
2098.546871,0.000446
2100.475683,0.000476
2102.404494,0.000534
2104.333305,0.000545
2106.262117,0.000503
2108.190928,0.000481
2110.119740,0.000510
2112.048551,0.000567
2113.977363,0.000584
2115.906174,0.000598
2117.834986,0.000641
2119.763797,0.000680
2121.692609,0.000711
2123.621420,0.000660
2125.550232,0.000541
2127.479043,0.000451
2129.407854,0.000415
2131.336666,0.000408
2133.265477,0.000365
2135.194289,0.000315
2137.123100,0.000326
2139.051912,0.000324
2140.980723,0.000226
2142.909535,0.000127
2144.838346,0.000134
2146.767158,0.000205
2148.695969,0.000273
2150.624781,0.000301
2152.553592,0.000311
2154.482404,0.000325
2156.411215,0.000353
2158.340026,0.000427
2160.268838,0.000483
2162.197649,0.000479
2164.126461,0.000499
2166.055272,0.000590
2167.984084,0.000687
2169.912895,0.000722
2171.841707,0.000747
2173.770518,0.000800
2175.699330,0.000879
2177.628141,0.000992
2179.556953,0.001087
2181.485764,0.001170
2183.414575,0.001284
2185.343387,0.001441
2187.272198,0.001689
2189.201010,0.001998
2191.129821,0.002287
2193.058633,0.002598
2194.987444,0.002952
2196.916256,0.003288
2198.845067,0.003649
2200.773879,0.004060
2202.702690,0.004404
2204.631502,0.004649
2206.560313,0.004876
2208.489124,0.005074
2210.417936,0.005179
2212.346747,0.005128
2214.275559,0.004887
2216.204370,0.004460
2218.133182,0.003804
2220.061993,0.002926
2221.990805,0.002076
2223.919616,0.001817
2225.848428,0.002491
2227.777239,0.003669
2229.706051,0.004804
2231.634862,0.005753
2233.563673,0.006431
2235.492485,0.006756
2237.421296,0.006725
2239.350108,0.006399
2241.278919,0.005866
2243.207731,0.005122
2245.136542,0.004210
2247.065354,0.003276
2248.994165,0.002422
2250.922977,0.001715
2252.851788,0.001140
2254.780600,0.000663
2256.709411,0.000374
2258.638222,0.000240
2260.567034,0.000162
2262.495845,0.000147
2264.424657,0.000159
2266.353468,0.000162
2268.282280,0.000163
2270.211091,0.000213
2272.139903,0.000315
2274.068714,0.000296
2275.997526,0.000203
2277.926337,0.000183
2279.855149,0.000174
2281.783960,0.000198
2283.712771,0.000232
2285.641583,0.000255
2287.570394,0.000334
2289.499206,0.000389
2291.428017,0.000424
2293.356829,0.000507
2295.285640,0.000605
2297.214452,0.000737
2299.143263,0.000887
2301.072075,0.001023
2303.000886,0.001205
2304.929698,0.001496
2306.858509,0.001837
2308.787320,0.002140
2310.716132,0.002466
2312.644943,0.002885
2314.573755,0.003363
2316.502566,0.003856
2318.431378,0.004330
2320.360189,0.004817
2322.289001,0.005268
2324.217812,0.005546
2326.146624,0.005800
2328.075435,0.006197
2330.004247,0.006616
2331.933058,0.006859
2333.861870,0.006943
2335.790681,0.007125
2337.719492,0.007361
2339.648304,0.007410
2341.577115,0.007306
2343.505927,0.007003
2345.434738,0.006094
2347.363550,0.004713
2349.292361,0.004158
2351.221173,0.005146
2353.149984,0.006763
2355.078796,0.007965
2357.007607,0.008709
2358.936419,0.009105
2360.865230,0.009261
2362.794041,0.009278
2364.722853,0.009082
2366.651664,0.008635
2368.580476,0.007981
2370.509287,0.007166
2372.438099,0.006167
2374.366910,0.004952
2376.295722,0.003694
2378.224533,0.002559
2380.153345,0.001606
2382.082156,0.000930
2384.010968,0.000487
2385.939779,0.000220
2387.868590,0.000107
2389.797402,0.000030
2391.726213,-0.000031
2393.655025,-0.000047
2395.583836,-0.000018
2397.512648,0.000036
2399.441459,0.000047
2401.370271,0.000029
2403.299082,0.000029
2405.227894,0.000057
2407.156705,0.000092
2409.085517,0.000060
2411.014328,0.000014
2412.943139,0.000021
2414.871951,-0.000002
2416.800762,-0.000027
2418.729574,-0.000021
2420.658385,-0.000016
2422.587197,0.000006
2424.516008,0.000017
2426.444820,0.000047
2428.373631,0.000082
2430.302443,0.000074
2432.231254,0.000070
2434.160066,0.000038
2436.088877,0.000021
2438.017688,0.000042
2439.946500,0.000035
2441.875311,0.000053
2443.804123,0.000062
2445.732934,0.000058
2447.661746,0.000087
2449.590557,0.000098
2451.519369,0.000099
2453.448180,0.000106
2455.376992,0.000133
2457.305803,0.000164
2459.234615,0.000191
2461.163426,0.000229
2463.092237,0.000224
2465.021049,0.000229
2466.949860,0.000295
2468.878672,0.000364
2470.807483,0.000447
2472.736295,0.000505
2474.665106,0.000511
2476.593918,0.000533
2478.522729,0.000575
2480.451541,0.000631
2482.380352,0.000649
2484.309164,0.000621
2486.237975,0.000621
2488.166786,0.000591
2490.095598,0.000610
2492.024409,0.000769
2493.953221,0.000793
2495.882032,0.000639
2497.810844,0.000611
2499.739655,0.000737
2501.668467,0.000813
2503.597278,0.000826
2505.526090,0.000889
2507.454901,0.000934
2509.383713,0.000890
2511.312524,0.000836
2513.241336,0.000821
2515.170147,0.000831
2517.098958,0.000834
2519.027770,0.000800
2520.956581,0.000738
2522.885393,0.000715
2524.814204,0.000712
2526.743016,0.000631
2528.671827,0.000577
2530.600639,0.000620
2532.529450,0.000644
2534.458262,0.000641
2536.387073,0.000636
2538.315885,0.000617
2540.244696,0.000625
2542.173507,0.000647
2544.102319,0.000655
2546.031130,0.000657
2547.959942,0.000630
2549.888753,0.000628
2551.817565,0.000690
2553.746376,0.000731
2555.675188,0.000715
2557.603999,0.000694
2559.532811,0.000732
2561.461622,0.000778
2563.390434,0.000755
2565.319245,0.000765
2567.248056,0.000853
2569.176868,0.000978
2571.105679,0.001085
2573.034491,0.001129
2574.963302,0.001187
2576.892114,0.001193
2578.820925,0.001127
2580.749737,0.001172
2582.678548,0.001220
2584.607360,0.001132
2586.536171,0.001093
2588.464983,0.001175
2590.393794,0.001220
2592.322605,0.001158
2594.251417,0.001032
2596.180228,0.000913
2598.109040,0.000877
2600.037851,0.000875
2601.966663,0.000872
2603.895474,0.000907
2605.824286,0.000974
2607.753097,0.001102
2609.681909,0.001225
2611.610720,0.001335
2613.539532,0.001561
2615.468343,0.001832
2617.397154,0.002104
2619.325966,0.002347
2621.254777,0.002440
2623.183589,0.002487
2625.112400,0.002578
2627.041212,0.002702
2628.970023,0.002788
2630.898835,0.002742
2632.827646,0.002662
2634.756458,0.002631
2636.685269,0.002655
2638.614081,0.002670
2640.542892,0.002468
2642.471703,0.002029
2644.400515,0.001506
2646.329326,0.001092
2648.258138,0.000927
2650.186949,0.000839
2652.115761,0.000682
2654.044572,0.000593
2655.973384,0.000608
2657.902195,0.000643
2659.831007,0.000637
2661.759818,0.000574
2663.688630,0.000529
2665.617441,0.000486
2667.546253,0.000440
2669.475064,0.000434
2671.403875,0.000418
2673.332687,0.000388
2675.261498,0.000342
2677.190310,0.000318
2679.119121,0.000343
2681.047933,0.000329
2682.976744,0.000288
2684.905556,0.000243
2686.834367,0.000226
2688.763179,0.000259
2690.691990,0.000271
2692.620802,0.000293
2694.549613,0.000320
2696.478424,0.000313
2698.407236,0.000264
2700.336047,0.000210
2702.264859,0.000234
2704.193670,0.000234
2706.122482,0.000199
2708.051293,0.000229
2709.980105,0.000227
2711.908916,0.000172
2713.837728,0.000145
2715.766539,0.000150
2717.695351,0.000162
2719.624162,0.000196
2721.552973,0.000262
2723.481785,0.000235
2725.410596,0.000164
2727.339408,0.000195
2729.268219,0.000232
2731.197031,0.000236
2733.125842,0.000205
2735.054654,0.000124
2736.983465,0.000082
2738.912277,0.000051
2740.841088,0.000032
2742.769900,0.000047
2744.698711,0.000028
2746.627522,0.000043
2748.556334,0.000120
2750.485145,0.000166
2752.413957,0.000170
2754.342768,0.000130
2756.271580,0.000050
2758.200391,0.000007
2760.129203,0.000042
2762.058014,0.000091
2763.986826,0.000078
2765.915637,-0.000011
2767.844449,-0.000063
2769.773260,0.000001
2771.702071,0.000059
2773.630883,0.000047
2775.559694,0.000023
2777.488506,0.000018
2779.417317,0.000024
2781.346129,-0.000024
2783.274940,-0.000110
2785.203752,-0.000137
2787.132563,-0.000138
2789.061375,-0.000195
2790.990186,-0.000201
2792.918998,-0.000109
2794.847809,-0.000029
2796.776620,0.000016
2798.705432,-0.000032
2800.634243,-0.000126
2802.563055,-0.000104
2804.491866,-0.000085
2806.420678,-0.000152
2808.349489,-0.000173
2810.278301,-0.000135
2812.207112,-0.000091
2814.135924,-0.000104
2816.064735,-0.000106
2817.993547,-0.000052
2819.922358,0.000032
2821.851169,0.000114
2823.779981,0.000149
2825.708792,0.000168
2827.637604,0.000209
2829.566415,0.000307
2831.495227,0.000467
2833.424038,0.000574
2835.352850,0.000666
2837.281661,0.000825
2839.210473,0.000957
2841.139284,0.001084
2843.068096,0.001292
2844.996907,0.001606
2846.925719,0.002023
2848.854530,0.002461
2850.783341,0.002953
2852.712153,0.003659
2854.640964,0.004587
2856.569776,0.005611
2858.498587,0.006780
2860.427399,0.008343
2862.356210,0.010345
2864.285022,0.012635
2866.213833,0.015157
2868.142645,0.018036
2870.071456,0.021424
2872.000268,0.025171
2873.929079,0.029235
2875.857890,0.033673
2877.786702,0.038281
2879.715513,0.042865
2881.644325,0.047181
2883.573136,0.051126
2885.501948,0.054463
2887.430759,0.056836
2889.359571,0.058249
2891.288382,0.058673
2893.217194,0.058010
2895.146005,0.055840
2897.074817,0.052315
2899.003628,0.048071
2900.932439,0.043548
2902.861251,0.038330
2904.790062,0.031148
2906.718874,0.028282
2908.647685,0.038402
2910.576497,0.056356
2912.505308,0.072270
2914.434120,0.083975
2916.362931,0.090734
2918.291743,0.091865
2920.220554,0.087820
2922.149366,0.079281
2924.078177,0.067388
2926.006988,0.053271
2927.935800,0.038815
2929.864611,0.025790
2931.793423,0.015189
2933.722234,0.007639
2935.651046,0.003117
2937.579857,0.000967
2939.508669,0.000296
2941.437480,0.000322
2943.366292,0.000581
2945.295103,0.000847
2947.223915,0.001061
2949.152726,0.001285
2951.081537,0.001606
2953.010349,0.001975
2954.939160,0.002350
2956.867972,0.002715
2958.796783,0.003034
2960.725595,0.003328
2962.654406,0.003716
2964.583218,0.004121
2966.512029,0.004313
2968.440841,0.004336
2970.369652,0.004269
2972.298464,0.004228
2974.227275,0.004449
2976.156086,0.004798
2978.084898,0.004882
2980.013709,0.004591
2981.942521,0.004113
2983.871332,0.003534
2985.800144,0.002932
2987.728955,0.002500
2989.657767,0.002154
2991.586578,0.001794
2993.515390,0.001534
2995.444201,0.001369
2997.373013,0.001304
2999.301824,0.001306
3001.230635,0.001227
3003.159447,0.001100
3005.088258,0.001040
3007.017070,0.001027
3008.945881,0.000979
3010.874693,0.000917
3012.803504,0.000823
3014.732316,0.000641
3016.661127,0.000484
3018.589939,0.000422
3020.518750,0.000409
3022.447562,0.000360
3024.376373,0.000229
3026.305185,0.000127
3028.233996,0.000074
3030.162807,0.000003
3032.091619,-0.000028
3034.020430,0.000010
3035.949242,0.000068
3037.878053,0.000099
3039.806865,0.000055
3041.735676,-0.000012
3043.664488,-0.000008
3045.593299,0.000045
3047.522111,0.000066
3049.450922,0.000023
3051.379734,-0.000038
3053.308545,-0.000046
3055.237356,-0.000043
3057.166168,-0.000081
3059.094979,-0.000096
3061.023791,-0.000115
3062.952602,-0.000211
3064.881414,-0.000268
3066.810225,-0.000221
3068.739037,-0.000197
3070.667848,-0.000222
3072.596660,-0.000240
3074.525471,-0.000300
3076.454283,-0.000402
3078.383094,-0.000363
3080.311905,-0.000302
3082.240717,-0.000186
3084.169528,-0.000039
3086.098340,0.000087
3088.027151,0.000260
3089.955963,0.000481
3091.884774,0.000719
3093.813586,0.000905
3095.742397,0.001013
3097.671209,0.001178
3099.600020,0.001419
3101.528832,0.001718
3103.457643,0.002042
3105.386454,0.002299
3107.315266,0.002542
3109.244077,0.002755
3111.172889,0.002849
3113.101700,0.002877
3115.030512,0.002866
3116.959323,0.002778
3118.888135,0.002733
3120.816946,0.002755
3122.745758,0.002646
3124.674569,0.002504
3126.603381,0.002447
3128.532192,0.002267
3130.461003,0.001933
3132.389815,0.001586
3134.318626,0.001263
3136.247438,0.001038
3138.176249,0.000938
3140.105061,0.000849
3142.033872,0.000740
3143.962684,0.000691
3145.891495,0.000734
3147.820307,0.000753
3149.749118,0.000648
3151.677930,0.000588
3153.606741,0.000619
3155.535552,0.000634
3157.464364,0.000670
3159.393175,0.000643
3161.321987,0.000567
3163.250798,0.000609
3165.179610,0.000694
3167.108421,0.000688
3169.037233,0.000630
3170.966044,0.000626
3172.894856,0.000644
3174.823667,0.000616
3176.752479,0.000568
3178.681290,0.000524
3180.610102,0.000548
3182.538913,0.000611
3184.467724,0.000611
3186.396536,0.000586
3188.325347,0.000569
3190.254159,0.000597
3192.182970,0.000625
3194.111782,0.000537
3196.040593,0.000476
3197.969405,0.000486
3199.898216,0.000495
3201.827028,0.000570
3203.755839,0.000590
3205.684651,0.000536
3207.613462,0.000514
3209.542273,0.000462
3211.471085,0.000434
3213.399896,0.000435
3215.328708,0.000425
3217.257519,0.000448
3219.186331,0.000477
3221.115142,0.000523
3223.043954,0.000589
3224.972765,0.000644
3226.901577,0.000641
3228.830388,0.000577
3230.759200,0.000563
3232.688011,0.000614
3234.616822,0.000726
3236.545634,0.000821
3238.474445,0.000795
3240.403257,0.000841
3242.332068,0.000915
3244.260880,0.000824
3246.189691,0.000827
3248.118503,0.000963
3250.047314,0.001028
3251.976126,0.001075
3253.904937,0.001151
3255.833749,0.001265
3257.762560,0.001308
3259.691371,0.001287
3261.620183,0.001363
3263.548994,0.001408
3265.477806,0.001372
3267.406617,0.001463
3269.335429,0.001499
3271.264240,0.001507
3273.193052,0.001480
3275.121863,0.001309
3277.050675,0.001224
3278.979486,0.001286
3280.908298,0.001283
3282.837109,0.001228
3284.765920,0.001176
3286.694732,0.001123
3288.623543,0.001064
3290.552355,0.000912
3292.481166,0.000781
3294.409978,0.000812
3296.338789,0.000869
3298.267601,0.000917
3300.196412,0.000978
3302.125224,0.000912
3304.054035,0.000741
3305.982847,0.000664
3307.911658,0.000672
3309.840469,0.000570
3311.769281,0.000461
3313.698092,0.000540
3315.626904,0.000592
3317.555715,0.000492
3319.484527,0.000444
3321.413338,0.000416
3323.342150,0.000308
3325.270961,0.000221
3327.199773,0.000134
3329.128584,0.000041
3331.057396,0.000058
3332.986207,0.000071
3334.915018,-0.000054
3336.843830,-0.000125
3338.772641,-0.000042
3340.701453,-0.000024
3342.630264,-0.000008
3344.559076,0.000150
3346.487887,0.000214
3348.416699,0.000144
3350.345510,0.000138
3352.274322,0.000196
3354.203133,0.000152
3356.131945,-0.000007
3358.060756,-0.000058
3359.989568,-0.000074
3361.918379,-0.000174
3363.847190,-0.000210
3365.776002,-0.000230
3367.704813,-0.000233
3369.633625,-0.000022
3371.562436,0.000169
3373.491248,0.000037
3375.420059,-0.000135
3377.348871,-0.000139
3379.277682,-0.000044
3381.206494,0.000122
3383.135305,0.000183
3385.064117,0.000177
3386.992928,0.000174
3388.921739,0.000277
3390.850551,0.000361
3392.779362,0.000218
3394.708174,0.000041
3396.636985,0.000007
3398.565797,-0.000018
3400.494608,-0.000058
3402.423420,-0.000114
3404.352231,-0.000164
3406.281043,-0.000212
3408.209854,-0.000226
3410.138666,-0.000150
3412.067477,-0.000145
3413.996288,-0.000286
3415.925100,-0.000414
3417.853911,-0.000461
3419.782723,-0.000508
3421.711534,-0.000465
3423.640346,-0.000333
3425.569157,-0.000375
3427.497969,-0.000378
3429.426780,-0.000143
3431.355592,0.000046
3433.284403,0.000119
3435.213215,0.000179
3437.142026,0.000362
3439.070837,0.000577
3440.999649,0.000533
3442.928460,0.000306
3444.857272,0.000105
3446.786083,0.000071
3448.714895,0.000270
3450.643706,0.000448
3452.572518,0.000349
3454.501329,0.000269
3456.430141,0.000436
3458.358952,0.000411
3460.287764,0.000148
3462.216575,0.000056
3464.145386,0.000114
3466.074198,0.000182
3468.003009,0.000228
3469.931821,0.000216
3471.860632,0.000157
3473.789444,0.000153
3475.718255,0.000235
3477.647067,0.000221
3479.575878,0.000102
3481.504690,0.000076
3483.433501,0.000215
3485.362313,0.000361
3487.291124,0.000331
3489.219935,0.000397
3491.148747,0.000812
3493.077558,0.001067
3495.006370,0.000862
3496.935181,0.000674
3498.863993,0.000591
3500.792804,0.000403
3502.721616,0.000112
3504.650427,0.000050
3506.579239,0.000176
3508.508050,0.000219
3510.436862,0.000311
3512.365673,0.000524
3514.294484,0.000616
3516.223296,0.000703
3518.152107,0.000904
3520.080919,0.000976
3522.009730,0.001043
3523.938542,0.001428
3525.867353,0.002037
3527.796165,0.002672
3529.724976,0.003552
3531.653788,0.004715
3533.582599,0.005465
3535.511411,0.005625
3537.440222,0.005786
3539.369034,0.006007
3541.297845,0.005867
3543.226656,0.005227
3545.155468,0.004545
3547.084279,0.004560
3549.013091,0.005429
3550.941902,0.006279
3552.870714,0.006387
3554.799525,0.006366
3556.728337,0.006779
3558.657148,0.007202
3560.585960,0.007376
3562.514771,0.007407
3564.443583,0.007146
3566.372394,0.006505
3568.301205,0.006665
3570.230017,0.008033
3572.158828,0.008654
3574.087640,0.008041
3576.016451,0.007335
3577.945263,0.006640
3579.874074,0.005621
3581.802886,0.004276
3583.731697,0.002865
3585.660509,0.001429
3587.589320,0.001244
3589.518132,0.003060
3591.446943,0.003536
3593.375754,0.002050
3595.304566,0.002007
3597.233377,0.003534
3599.162189,0.004850
3601.091000,0.005728
3603.019812,0.006222
3604.948623,0.005996
3606.877435,0.004731
3608.806246,0.003488
3610.735058,0.003205
3612.663869,0.002906
3614.592681,0.002682
3616.521492,0.002471
3618.450303,0.001542
3620.379115,0.001727
3622.307926,0.003016
3624.236738,0.003239
3626.165549,0.001792
3628.094361,-0.000666
3630.023172,-0.000501
3631.951984,0.002410
3633.880795,0.004113
3635.809607,0.004806
3637.738418,0.005436
3639.667230,0.005518
3641.596041,0.005302
3643.524852,0.004759
3645.453664,0.003041
3647.382475,0.000399
3649.311287,-0.001074
3651.240098,0.000862
3653.168910,0.004155
3655.097721,0.005153
3657.026533,0.005409
3658.955344,0.006949
3660.884156,0.007893
3662.812967,0.007834
3664.741779,0.007354
3666.670590,0.006149
3668.599401,0.003610
3670.528213,0.001832
3672.457024,0.002491
3674.385836,0.001786
3676.314647,0.001534
3678.243459,0.004794
3680.172270,0.007231
3682.101082,0.007990
3684.029893,0.008038
3685.958705,0.006640
3687.887516,0.004432
3689.816328,0.003844
3691.745139,0.005819
3693.673951,0.008045
3695.602762,0.009017
3697.531573,0.009150
3699.460385,0.008662
3701.389196,0.007817
3703.318008,0.007826
3705.246819,0.008224
3707.175631,0.007282
3709.104442,0.005411
3711.033254,0.004014
3712.962065,0.004702
3714.890877,0.006977
3716.819688,0.008045
3718.748500,0.007707
3720.677311,0.007074
3722.606122,0.006631
3724.534934,0.006481
3726.463745,0.006461
3728.392557,0.006536
3730.321368,0.005435
3732.250180,0.002993
3734.178991,0.001449
3736.107803,0.001680
3738.036614,0.002973
3739.965426,0.004022
3741.894237,0.002811
3743.823049,-0.000539
3745.751860,-0.001446
3747.680671,-0.000133
3749.609483,-0.000871
3751.538294,-0.000822
3753.467106,0.002128
3755.395917,0.004558
3757.324729,0.005130
3759.253540,0.004818
3761.182352,0.005503
3763.111163,0.006265
3765.039975,0.005698
3766.968786,0.005237
3768.897598,0.005023
3770.826409,0.005285
3772.755220,0.006422
3774.684032,0.006887
3776.612843,0.006376
3778.541655,0.005485
3780.470466,0.005244
3782.399278,0.005987
3784.328089,0.006337
3786.256901,0.006410
3788.185712,0.006721
3790.114524,0.006560
3792.043335,0.006188
3793.972147,0.005425
3795.900958,0.003792
3797.829769,0.002889
3799.758581,0.001857
3801.687392,0.000356
3803.616204,0.001464
3805.545015,0.002472
3807.473827,0.002401
3809.402638,0.003755
3811.331450,0.004594
3813.260261,0.003574
3815.189073,0.001228
3817.117884,0.000072
3819.046696,0.000268
3820.975507,-0.000597
3822.904318,0.000560
3824.833130,0.002799
3826.761941,0.002990
3828.690753,0.002940
3830.619564,0.002424
3832.548376,0.001104
3834.477187,0.000184
3836.405999,-0.000965
3838.334810,-0.001649
3840.263622,-0.000526
3842.192433,0.001012
3844.121245,0.002056
3846.050056,0.002726
3847.978867,0.002128
3849.907679,-0.000086
3851.836490,-0.003551
3853.765302,-0.005767
3855.694113,-0.002905
3857.622925,0.000805
3859.551736,0.001671
3861.480548,0.001064
3863.409359,-0.000090
3865.338171,-0.000652
3867.266982,-0.000493
3869.195794,-0.001383
3871.124605,-0.001295
3873.053417,0.000154
3874.982228,0.000726
3876.911039,0.001234
3878.839851,0.000789
3880.768662,-0.000313
3882.697474,-0.000038
3884.626285,-0.000427
3886.555097,-0.000666
3888.483908,0.000588
3890.412720,0.000537
3892.341531,0.000084
3894.270343,0.000955
3896.199154,0.001101
3898.127966,-0.000402
3900.056777,-0.002051
3901.985588,-0.002570
3903.914400,-0.002049
3905.843211,-0.000548
3907.772023,0.001217
3909.700834,0.001930
3911.629646,0.001811
3913.558457,0.001476
3915.487269,0.000803
3917.416080,0.000150
3919.344892,0.000159
3921.273703,0.000547
3923.202515,0.000495
3925.131326,0.000259
3927.060137,0.000501
3928.988949,0.000591
3930.917760,0.000092
3932.846572,0.000004
3934.775383,0.000625
3936.704195,0.000935
3938.633006,0.000753
3940.561818,0.000376
3942.490629,-0.000070
3944.419441,-0.000075
3946.348252,0.000074
3948.277064,-0.000055
3950.205875,-0.000070
3952.134686,0.000130
3954.063498,0.000312
3955.992309,0.000248
3957.921121,0.000114
3959.849932,0.000121
3961.778744,0.000100
3963.707555,0.000101
3965.636367,0.000199
3967.565178,0.000194
3969.493990,0.000194
3971.422801,0.000196
3973.351613,0.000152
3975.280424,0.000169
3977.209235,0.000262
3979.138047,0.000379
3981.066858,0.000465
3982.995670,0.000465
3984.924481,0.000422
3986.853293,0.000434
3988.782104,0.000394
3990.710916,0.000299
3992.639727,0.000290
3994.568539,0.000274
3996.497350,0.000333
3998.426162,0.000501
4000.354973,0.000532
