908.470199,-0.000743
910.399010,-0.000204
912.327822,-0.000277
914.256633,-0.000729
916.185445,-0.000483
918.114256,-0.000378
920.043068,0.000019
921.971879,0.000082
923.900690,-0.000647
925.829502,-0.000857
927.758313,-0.000197
929.687125,0.000429
931.615936,0.000149
933.544748,0.000025
935.473559,0.000100
937.402371,-0.000626
939.331182,-0.000725
941.259994,-0.000101
943.188805,-0.000059
945.117617,0.000211
947.046428,0.000598
948.975240,0.000468
950.904051,0.000205
952.832862,0.000010
954.761674,-0.000041
956.690485,0.000078
958.619297,0.000189
960.548108,0.000129
962.476920,-0.000006
964.405731,0.000016
966.334543,0.000105
968.263354,0.000063
970.192166,-0.000007
972.120977,-0.000006
974.049789,-0.000014
975.978600,0.000004
977.907411,0.000027
979.836223,-0.000044
981.765034,-0.000095
983.693846,-0.000042
985.622657,0.000019
987.551469,0.000016
989.480280,-0.000063
991.409092,-0.000159
993.337903,-0.000118
995.266715,-0.000006
997.195526,-0.000003
999.124338,-0.000053
1001.053149,-0.000033
1002.981960,0.000062
1004.910772,0.000088
1006.839583,0.000042
1008.768395,0.000002
1010.697206,-0.000142
1012.626018,-0.000207
1014.554829,-0.000070
1016.483641,-0.000011
1018.412452,-0.000022
1020.341264,-0.000004
1022.270075,-0.000001
1024.198887,0.000031
1026.127698,0.000113
1028.056509,0.000183
1029.985321,0.000165
1031.914132,0.000188
1033.842944,0.000329
1035.771755,0.000365
1037.700567,0.000338
1039.629378,0.000393
1041.558190,0.000427
1043.487001,0.000398
1045.415813,0.000358
1047.344624,0.000320
1049.273436,0.000213
1051.202247,0.000097
1053.131058,0.000099
1055.059870,0.000064
1056.988681,-0.000043
1058.917493,-0.000034
1060.846304,0.000007
1062.775116,-0.000077
1064.703927,-0.000129
1066.632739,-0.000094
1068.561550,-0.000156
1070.490362,-0.000205
1072.419173,-0.000135
1074.347985,-0.000055
1076.276796,0.000062
1078.205607,0.000156
1080.134419,0.000183
1082.063230,0.000244
1083.992042,0.000275
1085.920853,0.000260
1087.849665,0.000262
1089.778476,0.000273
1091.707288,0.000311
1093.636099,0.000356
1095.564911,0.000332
1097.493722,0.000252
1099.422534,0.000224
1101.351345,0.000234
1103.280156,0.000231
1105.208968,0.000233
1107.137779,0.000181
1109.066591,0.000115
1110.995402,0.000117
1112.924214,0.000136
1114.853025,0.000146
1116.781837,0.000158
1118.710648,0.000155
1120.639460,0.000156
1122.568271,0.000204
1124.497083,0.000251
1126.425894,0.000292
1128.354706,0.000331
1130.283517,0.000274
1132.212328,0.000216
1134.141140,0.000142
1136.069951,0.000079
1137.998763,0.000091
1139.927574,0.000086
1141.856386,0.000047
1143.785197,0.000026
1145.714009,0.000013
1147.642820,-0.000005
1149.571632,-0.000001
1151.500443,0.000030
1153.429255,0.000064
1155.358066,0.000090
1157.286877,0.000096
1159.215689,0.000103
1161.144500,0.000099
1163.073312,0.000072
1165.002123,0.000065
1166.930935,0.000108
1168.859746,0.000131
1170.788558,0.000079
1172.717369,0.000032
1174.646181,-0.000015
1176.574992,-0.000050
1178.503804,0.000049
1180.432615,0.000162
1182.361426,0.000140
1184.290238,0.000127
1186.219049,0.000182
1188.147861,0.000209
1190.076672,0.000256
1192.005484,0.000378
1193.934295,0.000467
1195.863107,0.000427
1197.791918,0.000267
1199.720730,0.000088
1201.649541,0.000033
1203.578353,0.000002
1205.507164,-0.000066
1207.435975,-0.000010
1209.364787,0.000194
1211.293598,0.000462
1213.222410,0.000695
1215.151221,0.000974
1217.080033,0.001438
1219.008844,0.001837
1220.937656,0.002421
1222.866467,0.003093
1224.795279,0.003692
1226.724090,0.004804
1228.652902,0.006099
1230.581713,0.007527
1232.510524,0.009619
1234.439336,0.011874
1236.368147,0.014605
1238.296959,0.018452
1240.225770,0.022815
1242.154582,0.028378
1244.083393,0.035843
1246.012205,0.044429
1247.941016,0.053930
1249.869828,0.063169
1251.798639,0.069976
1253.727451,0.071505
1255.656262,0.068054
1257.585073,0.065759
1259.513885,0.068788
1261.442696,0.077011
1263.371508,0.080667
1265.300319,0.072451
1267.229131,0.067353
1269.157942,0.072584
1271.086754,0.075713
1273.015565,0.070901
1274.944377,0.060945
1276.873188,0.049738
1278.802000,0.040711
1280.730811,0.034355
1282.659622,0.029415
1284.588434,0.025139
1286.517245,0.021795
1288.446057,0.018767
1290.374868,0.016092
1292.303680,0.014127
1294.232491,0.012197
1296.161303,0.010734
1298.090114,0.009911
1300.018926,0.009360
1301.947737,0.008977
1303.876549,0.008491
1305.805360,0.008203
1307.734172,0.008395
1309.662983,0.008669
1311.591794,0.008531
1313.520606,0.008105
1315.449417,0.007512
1317.378229,0.006764
1319.307040,0.006062
1321.235852,0.005408
1323.164663,0.005450
1325.093475,0.005734
1327.022286,0.004863
1328.951098,0.003960
1330.879909,0.003850
1332.808721,0.003671
1334.737532,0.003564
1336.666343,0.003588
1338.595155,0.003432
1340.523966,0.003227
1342.452778,0.002890
1344.381589,0.002391
1346.310401,0.001875
1348.239212,0.001411
1350.168024,0.000999
1352.096835,0.000651
1354.025647,0.000434
1355.954458,0.000340
1357.883270,0.000231
1359.812081,0.000015
1361.740892,-0.000146
1363.669704,-0.000082
1365.598515,0.000036
1367.527327,-0.000060
1369.456138,-0.000092
1371.384950,0.000064
1373.313761,0.000011
1375.242573,-0.000053
1377.171384,0.000122
1379.100196,0.000259
1381.029007,0.000334
1382.957819,0.000417
1384.886630,0.000464
1386.815441,0.000531
1388.744253,0.000690
1390.673064,0.000759
1392.601876,0.000585
1394.530687,0.000473
1396.459499,0.000525
1398.388310,0.000467
1400.317122,0.000564
1402.245933,0.000750
1404.174745,0.000667
1406.103556,0.000673
1408.032368,0.000795
1409.961179,0.000778
1411.889990,0.000786
1413.818802,0.000850
1415.747613,0.000757
1417.676425,0.000379
1419.605236,0.000352
1421.534048,0.000845
1423.462859,0.001088
1425.391671,0.001214
1427.320482,0.001312
1429.249294,0.001209
1431.178105,0.001339
1433.106917,0.001525
1435.035728,0.001097
1436.964539,0.000784
1438.893351,0.001308
1440.822162,0.001670
1442.750974,0.001691
1444.679785,0.001659
1446.608597,0.001569
1448.537408,0.001615
1450.466220,0.001718
1452.395031,0.001668
1454.323843,0.001155
1456.252654,0.000292
1458.181466,0.000545
1460.110277,0.001592
1462.039089,0.001920
1463.967900,0.001680
1465.896711,0.001767
1467.825523,0.002064
1469.754334,0.001742
1471.683146,0.001039
1473.611957,0.001035
1475.540769,0.001558
1477.469580,0.002009
1479.398392,0.002225
1481.327203,0.002234
1483.256015,0.002245
1485.184826,0.002096
1487.113638,0.001717
1489.042449,0.001421
1490.971260,0.001630
1492.900072,0.001972
1494.828883,0.001702
1496.757695,0.001313
1498.686506,0.001499
1500.615318,0.001896
1502.544129,0.001920
1504.472941,0.000903
1506.401752,-0.000225
1508.330564,0.000508
1510.259375,0.001370
1512.188187,0.001563
1514.116998,0.001464
1516.045809,0.001086
1517.974621,0.000820
1519.903432,0.000463
1521.832244,0.000254
1523.761055,0.000759
1525.689867,0.001077
1527.618678,0.001297
1529.547490,0.001640
1531.476301,0.001430
1533.405113,0.001134
1535.333924,0.001555
1537.262736,0.001346
1539.191547,0.000238
1541.120358,0.000600
1543.049170,0.001984
1544.977981,0.003037
1546.906793,0.003924
1548.835604,0.004650
1550.764416,0.005610
1552.693227,0.006694
1554.622039,0.008149
1556.550850,0.009513
1558.479662,0.011831
1560.408473,0.017943
1562.337285,0.024607
1564.266096,0.031758
1566.194907,0.040864
1568.123719,0.051603
1570.052530,0.066840
1571.981342,0.085619
1573.910153,0.105533
1575.838965,0.133362
1577.767776,0.168174
1579.696588,0.203963
1581.625399,0.244691
1583.554211,0.288858
1585.483022,0.335969
1587.411834,0.387090
1589.340645,0.442041
1591.269456,0.499400
1593.198268,0.549721
1595.127079,0.584785
1597.055891,0.601886
1598.984702,0.606497
1600.913514,0.597353
1602.842325,0.580181
1604.771137,0.564848
1606.699948,0.544230
1608.628760,0.517407
1610.557571,0.475091
1612.486383,0.424556
1614.415194,0.370683
1616.344005,0.323287
1618.272817,0.369948
1620.201628,0.515015
1622.130440,0.667704
1624.059251,0.766294
1625.988063,0.824074
1627.916874,0.853821
1629.845686,0.841052
1631.774497,0.777924
1633.703309,0.688314
1635.632120,0.574842
1637.560932,0.474434
1639.489743,0.393050
1641.418555,0.305358
1643.347366,0.226717
1645.276177,0.163157
1647.204989,0.105854
1649.133800,0.067283
1651.062612,0.042549
1652.991423,0.021170
1654.920235,0.011168
1656.849046,0.008054
1658.777858,0.004928
1660.706669,0.002575
1662.635481,0.001011
1664.564292,0.000428
1666.493104,0.000468
1668.421915,0.000195
1670.350726,0.001124
1672.279538,0.002701
1674.208349,0.004288
1676.137161,0.006689
1678.065972,0.009558
1679.994784,0.011980
1681.923595,0.013422
1683.852407,0.014243
1685.781218,0.015207
1687.710030,0.015513
1689.638841,0.014232
1691.567653,0.012418
1693.496464,0.009389
1695.425275,0.010012
1697.354087,0.020575
1699.282898,0.023385
1701.211710,0.011498
1703.140521,0.007520
1705.069333,0.012082
1706.998144,0.017507
1708.926956,0.023016
1710.855767,0.027776
1712.784579,0.030107
1714.713390,0.030195
1716.642202,0.029618
1718.571013,0.029496
1720.499824,0.029534
1722.428636,0.029227
1724.357447,0.028900
1726.286259,0.029114
1728.215070,0.030121
1730.143882,0.032231
1732.072693,0.034805
1734.001505,0.039450
1735.930316,0.046084
1737.859128,0.051241
1739.787939,0.055455
1741.716751,0.058599
1743.645562,0.059809
1745.574373,0.059215
1747.503185,0.057661
1749.431996,0.056376
1751.360808,0.056421
1753.289619,0.057314
1755.218431,0.057403
1757.147242,0.056100
1759.076054,0.052546
1761.004865,0.045234
1762.933677,0.035598
1764.862488,0.027155
1766.791300,0.019282
1768.720111,0.012331
1770.648922,0.007112
1772.577734,0.003319
1774.506545,0.001608
1776.435357,0.000817
1778.364168,0.000364
1780.292980,0.000534
1782.221791,0.001319
1784.150603,0.002419
1786.079414,0.003538
1788.008226,0.004461
1789.937037,0.004411
1791.865849,0.003447
1793.794660,0.002696
1795.723471,0.002508
1797.652283,0.002388
1799.581094,0.001674
1801.509906,0.001366
1803.438717,0.002650
1805.367529,0.004221
1807.296340,0.005023
1809.225152,0.005221
1811.153963,0.005206
1813.082775,0.005314
1815.011586,0.005351
1816.940398,0.005304
1818.869209,0.005343
1820.798021,0.005386
1822.726832,0.005397
1824.655643,0.005537
1826.584455,0.006010
1828.513266,0.006486
1830.442078,0.006852
1832.370889,0.007533
1834.299701,0.008370
1836.228512,0.009154
1838.157324,0.009874
1840.086135,0.010385
1842.014947,0.010840
1843.943758,0.011165
1845.872570,0.011202
1847.801381,0.011177
1849.730192,0.011147
1851.659004,0.011034
1853.587815,0.010751
1855.516627,0.010315
1857.445438,0.009728
1859.374250,0.009074
1861.303061,0.008140
1863.231873,0.006940
1865.160684,0.005441
1867.089496,0.003455
1869.018307,0.001675
1870.947119,0.000246
1872.875930,0.002150
1874.804741,0.006724
1876.733553,0.004961
1878.662364,-0.000176
1880.591176,0.000119
1882.519987,0.002757
1884.448799,0.005067
1886.377610,0.007520
1888.306422,0.009509
1890.235233,0.011503
1892.164045,0.013245
1894.092856,0.014707
1896.021668,0.015923
1897.950479,0.016767
1899.879290,0.017459
1901.808102,0.017859
1903.736913,0.018084
1905.665725,0.018059
1907.594536,0.017729
1909.523348,0.017304
1911.452159,0.016727
1913.380971,0.015905
1915.309782,0.014727
1917.238594,0.013351
1919.167405,0.012405
1921.096217,0.011734
1923.025028,0.010693
1924.953839,0.009530
1926.882651,0.008445
1928.811462,0.007348
1930.740274,0.006323
1932.669085,0.005283
1934.597897,0.004309
1936.526708,0.003525
1938.455520,0.002848
1940.384331,0.002167
1942.313143,0.001546
1944.241954,0.001157
1946.170766,0.000920
1948.099577,0.000722
1950.028388,0.000555
1951.957200,0.000417
1953.886011,0.000277
1955.814823,0.000184
1957.743634,0.000176
1959.672446,0.000182
1961.601257,0.000247
1963.530069,0.000230
1965.458880,0.000133
1967.387692,0.000069
1969.316503,0.000075
1971.245315,0.000100
1973.174126,0.000100
1975.102938,0.000049
1977.031749,0.000041
1978.960560,0.000079
1980.889372,0.000087
1982.818183,0.000072
1984.746995,0.000031
1986.675806,0.000016
1988.604618,0.000015
1990.533429,-0.000036
1992.462241,-0.000034
1994.391052,0.000005
1996.319864,0.000038
1998.248675,0.000075
2000.177487,0.000094
2002.106298,0.000099
2004.035109,0.000073
2005.963921,0.000078
2007.892732,0.000079
2009.821544,0.000038
2011.750355,0.000059
2013.679167,0.000053
2015.607978,-0.000015
2017.536790,-0.000026
2019.465601,-0.000007
2021.394413,-0.000008
2023.323224,-0.000030
2025.252036,-0.000013
2027.180847,0.000029
2029.109658,0.000016
2031.038470,-0.000006
2032.967281,-0.000017
2034.896093,-0.000015
2036.824904,0.000025
2038.753716,0.000059
2040.682527,0.000110
2042.611339,0.000141
2044.540150,0.000069
2046.468962,-0.000001
2048.397773,-0.000003
2050.326585,0.000010
2052.255396,0.000039
2054.184207,0.000036
2056.113019,-0.000010
2058.041830,-0.000024
2059.970642,-0.000016
2061.899453,-0.000012
2063.828265,-0.000041
2065.757076,-0.000096
2067.685888,-0.000096
2069.614699,-0.000051
2071.543511,0.000018
2073.472322,0.000039
2075.401134,-0.000028
2077.329945,-0.000056
2079.258756,-0.000049
2081.187568,-0.000046
2083.116379,0.000002
2085.045191,0.000027
2086.974002,-0.000023
2088.902814,-0.000080
2090.831625,-0.000069
2092.760437,-0.000006
2094.689248,0.000040
2096.618060,0.000044
2098.546871,0.000005
2100.475683,0.000003
2102.404494,0.000063
2104.333305,0.000063
2106.262117,0.000019
2108.190928,0.000035
2110.119740,0.000090
2112.048551,0.000128
2113.977363,0.000124
2115.906174,0.000132
2117.834986,0.000171
2119.763797,0.000204
2121.692609,0.000213
2123.621420,0.000198
2125.550232,0.000177
2127.479043,0.000122
2129.407854,0.000046
2131.336666,0.000028
2133.265477,0.000021
2135.194289,0.000006
2137.123100,0.000025
2139.051912,0.000040
2140.980723,-0.000001
2142.909535,-0.000059
2144.838346,-0.000073
2146.767158,-0.000070
2148.695969,-0.000048
2150.624781,-0.000009
2152.553592,-0.000001
2154.482404,0.000020
2156.411215,0.000067
2158.340026,0.000089
2160.268838,0.000095
2162.197649,0.000105
2164.126461,0.000113
2166.055272,0.000137
2167.984084,0.000182
2169.912895,0.000196
2171.841707,0.000176
2173.770518,0.000181
2175.699330,0.000186
2177.628141,0.000182
2179.556953,0.000205
2181.485764,0.000179
2183.414575,0.000114
2185.343387,0.000137
2187.272198,0.000180
2189.201010,0.000168
2191.129821,0.000192
2193.058633,0.000251
2194.987444,0.000282
2196.916256,0.000284
2198.845067,0.000294
2200.773879,0.000367
2202.702690,0.000434
2204.631502,0.000399
2206.560313,0.000372
2208.489124,0.000416
2210.417936,0.000442
2212.346747,0.000429
2214.275559,0.000418
2216.204370,0.000384
2218.133182,0.000294
2220.061993,0.000205
2221.990805,0.000121
2223.919616,0.000081
2225.848428,0.000193
2227.777239,0.000374
2229.706051,0.000519
2231.634862,0.000626
2233.563673,0.000712
2235.492485,0.000779
2237.421296,0.000782
2239.350108,0.000765
2241.278919,0.000768
2243.207731,0.000754
2245.136542,0.000732
2247.065354,0.000719
2248.994165,0.000699
2250.922977,0.000673
2252.851788,0.000643
2254.780600,0.000598
2256.709411,0.000578
2258.638222,0.000583
2260.567034,0.000561
2262.495845,0.000532
2264.424657,0.000477
2266.353468,0.000425
2268.282280,0.000447
2270.211091,0.000507
2272.139903,0.000607
2274.068714,0.000703
2275.997526,0.000731
2277.926337,0.000767
2279.855149,0.000846
2281.783960,0.000907
2283.712771,0.000878
2285.641583,0.000806
2287.570394,0.000756
2289.499206,0.000678
2291.428017,0.000567
2293.356829,0.000447
2295.285640,0.000382
2297.214452,0.000419
2299.143263,0.000410
2301.072075,0.000308
2303.000886,0.000310
2304.929698,0.000442
2306.858509,0.000556
2308.787320,0.000593
2310.716132,0.000577
2312.644943,0.000582
2314.573755,0.000621
2316.502566,0.000608
2318.431378,0.000530
2320.360189,0.000469
2322.289001,0.000470
2324.217812,0.000471
2326.146624,0.000418
2328.075435,0.000386
2330.004247,0.000403
2331.933058,0.000372
2333.861870,0.000309
2335.790681,0.000296
2337.719492,0.000331
2339.648304,0.000355
2341.577115,0.000332
2343.505927,0.000347
2345.434738,0.000358
2347.363550,0.000267
2349.292361,0.000216
2351.221173,0.000209
2353.149984,0.000165
2355.078796,0.000181
2357.007607,0.000220
2358.936419,0.000242
2360.865230,0.000310
2362.794041,0.000385
2364.722853,0.000445
2366.651664,0.000489
2368.580476,0.000488
2370.509287,0.000496
2372.438099,0.000518
2374.366910,0.000477
2376.295722,0.000390
2378.224533,0.000314
2380.153345,0.000251
2382.082156,0.000182
2384.010968,0.000083
2385.939779,0.000033
2387.868590,0.000059
2389.797402,0.000064
2391.726213,0.000043
2393.655025,0.000021
2395.583836,0.000010
2397.512648,0.000015
2399.441459,0.000017
2401.370271,0.000019
2403.299082,0.000012
2405.227894,0.000020
2407.156705,0.000055
2409.085517,0.000055
2411.014328,0.000012
2412.943139,-0.000004
2414.871951,-0.000007
2416.800762,-0.000027
2418.729574,-0.000023
2420.658385,-0.000015
2422.587197,-0.000016
2424.516008,-0.000007
2426.444820,-0.000012
2428.373631,-0.000012
2430.302443,0.000016
2432.231254,0.000045
2434.160066,0.000036
2436.088877,0.000038
2438.017688,0.000070
2439.946500,0.000059
2441.875311,0.000035
2443.804123,0.000017
2445.732934,0.000023
2447.661746,0.000059
2449.590557,0.000043
2451.519369,0.000025
2453.448180,0.000035
2455.376992,0.000035
2457.305803,0.000063
2459.234615,0.000136
2461.163426,0.000211
2463.092237,0.000213
2465.021049,0.000211
2466.949860,0.000290
2468.878672,0.000352
2470.807483,0.000386
2472.736295,0.000416
2474.665106,0.000409
2476.593918,0.000419
2478.522729,0.000427
2480.451541,0.000434
2482.380352,0.000456
2484.309164,0.000419
2486.237975,0.000355
2488.166786,0.000294
2490.095598,0.000343
2492.024409,0.000567
2493.953221,0.000615
2495.882032,0.000396
2497.810844,0.000306
2499.739655,0.000415
2501.668467,0.000495
2503.597278,0.000526
2505.526090,0.000591
2507.454901,0.000642
2509.383713,0.000617
2511.312524,0.000540
2513.241336,0.000457
2515.170147,0.000395
2517.098958,0.000345
2519.027770,0.000272
2520.956581,0.000193
2522.885393,0.000167
2524.814204,0.000156
2526.743016,0.000088
2528.671827,0.000055
2530.600639,0.000108
2532.529450,0.000115
2534.458262,0.000071
2536.387073,0.000064
2538.315885,0.000043
2540.244696,0.000000
2542.173507,0.000016
2544.102319,0.000041
2546.031130,0.000025
2547.959942,-0.000017
2549.888753,-0.000071
2551.817565,-0.000052
2553.746376,0.000031
2555.675188,0.000028
2557.603999,-0.000027
2559.532811,-0.000003
2561.461622,0.000022
2563.390434,0.000005
2565.319245,0.000014
2567.248056,0.000015
2569.176868,0.000040
2571.105679,0.000099
2573.034491,0.000121
2574.963302,0.000127
2576.892114,0.000095
2578.820925,0.000079
2580.749737,0.000130
2582.678548,0.000136
2584.607360,0.000128
2586.536171,0.000149
2588.464983,0.000141
2590.393794,0.000138
2592.322605,0.000125
2594.251417,0.000059
2596.180228,0.000012
2598.109040,0.000020
2600.037851,0.000037
2601.966663,0.000069
2603.895474,0.000089
2605.824286,0.000062
2607.753097,0.000084
2609.681909,0.000168
2611.610720,0.000256
2613.539532,0.000365
2615.468343,0.000479
2617.397154,0.000594
2619.325966,0.000691
2621.254777,0.000699
2623.183589,0.000653
2625.112400,0.000667
2627.041212,0.000760
2628.970023,0.000834
2630.898835,0.000854
2632.827646,0.000828
2634.756458,0.000772
2636.685269,0.000790
2638.614081,0.000842
2640.542892,0.000787
2642.471703,0.000606
2644.400515,0.000360
2646.329326,0.000194
2648.258138,0.000155
2650.186949,0.000082
2652.115761,-0.000042
2654.044572,-0.000065
2655.973384,-0.000009
2657.902195,0.000029
2659.831007,0.000030
2661.759818,0.000038
2663.688630,0.000049
2665.617441,-0.000001
2667.546253,-0.000033
2669.475064,-0.000005
2671.403875,0.000009
2673.332687,0.000021
2675.261498,-0.000012
2677.190310,-0.000044
2679.119121,0.000032
2681.047933,0.000065
2682.976744,-0.000004
2684.905556,-0.000052
2686.834367,-0.000068
2688.763179,-0.000082
2690.691990,-0.000079
2692.620802,-0.000031
2694.549613,0.000048
2696.478424,0.000051
2698.407236,-0.000033
2700.336047,-0.000058
2702.264859,-0.000030
2704.193670,-0.000036
2706.122482,-0.000019
2708.051293,0.000016
2709.980105,-0.000001
2711.908916,-0.000044
2713.837728,-0.000075
2715.766539,-0.000051
2717.695351,0.000025
2719.624162,0.000092
2721.552973,0.000114
2723.481785,0.000062
2725.410596,-0.000003
2727.339408,0.000018
2729.268219,0.000062
2731.197031,0.000081
2733.125842,0.000090
2735.054654,0.000074
2736.983465,0.000042
2738.912277,-0.000002
2740.841088,-0.000024
2742.769900,-0.000002
2744.698711,0.000009
2746.627522,0.000029
2748.556334,0.000075
2750.485145,0.000107
2752.413957,0.000143
2754.342768,0.000134
2756.271580,0.000075
2758.200391,0.000063
2760.129203,0.000069
2762.058014,0.000082
2763.986826,0.000116
2765.915637,0.000086
2767.844449,0.000054
2769.773260,0.000105
2771.702071,0.000145
2773.630883,0.000152
2775.559694,0.000169
2777.488506,0.000165
2779.417317,0.000136
2781.346129,0.000093
2783.274940,0.000059
2785.203752,0.000086
2787.132563,0.000069
2789.061375,-0.000039
2790.990186,-0.000010
2792.918998,0.000133
2794.847809,0.000165
2796.776620,0.000130
2798.705432,0.000120
2800.634243,0.000138
2802.563055,0.000159
2804.491866,0.000134
2806.420678,0.000079
2808.349489,0.000023
2810.278301,0.000017
2812.207112,0.000091
2814.135924,0.000120
2816.064735,0.000058
2817.993547,0.000063
2819.922358,0.000160
2821.851169,0.000219
2823.779981,0.000234
2825.708792,0.000263
2827.637604,0.000290
2829.566415,0.000328
2831.495227,0.000390
2833.424038,0.000435
2835.352850,0.000482
2837.281661,0.000551
2839.210473,0.000609
2841.139284,0.000692
2843.068096,0.000858
2844.996907,0.001100
2846.925719,0.001389
2848.854530,0.001658
2850.783341,0.001926
2852.712153,0.002364
2854.640964,0.002956
2856.569776,0.003545
2858.498587,0.004195
2860.427399,0.005104
2862.356210,0.006342
2864.285022,0.007799
2866.213833,0.009327
2868.142645,0.011050
2870.071456,0.013177
2872.000268,0.015560
2873.929079,0.018108
2875.857890,0.020877
2877.786702,0.023683
2879.715513,0.026405
2881.644325,0.029013
2883.573136,0.031421
2885.501948,0.033458
2887.430759,0.034943
2889.359571,0.035842
2891.288382,0.036138
2893.217194,0.035690
2895.146005,0.034256
2897.074817,0.032094
2899.003628,0.029494
2900.932439,0.026651
2902.861251,0.023437
2904.790062,0.019080
2906.718874,0.017405
2908.647685,0.023784
2910.576497,0.034924
2912.505308,0.044731
2914.434120,0.051946
2916.362931,0.056121
2918.291743,0.056827
2920.220554,0.054327
2922.149366,0.048982
2924.078177,0.041543
2926.006988,0.032772
2927.935800,0.023770
2929.864611,0.015680
2931.793423,0.009124
2933.722234,0.004436
2935.651046,0.001679
2937.579857,0.000404
2939.508669,-0.000089
2941.437480,-0.000130
2943.366292,0.000030
2945.295103,0.000141
2947.223915,0.000240
2949.152726,0.000362
2951.081537,0.000467
2953.010349,0.000608
2954.939160,0.000764
2956.867972,0.000868
2958.796783,0.000969
2960.725595,0.001129
2962.654406,0.001314
2964.583218,0.001429
2966.512029,0.001467
2968.440841,0.001508
2970.369652,0.001501
2972.298464,0.001414
2974.227275,0.001411
2976.156086,0.001520
2978.084898,0.001546
2980.013709,0.001437
2981.942521,0.001272
2983.871332,0.001063
2985.800144,0.000842
2987.728955,0.000668
2989.657767,0.000506
2991.586578,0.000334
2993.515390,0.000239
2995.444201,0.000228
2997.373013,0.000208
2999.301824,0.000145
3001.230635,0.000107
3003.159447,0.000156
3005.088258,0.000187
3007.017070,0.000157
3008.945881,0.000161
3010.874693,0.000171
3012.803504,0.000106
3014.732316,-0.000008
3016.661127,-0.000066
3018.589939,-0.000024
3020.518750,0.000034
3022.447562,0.000023
3024.376373,0.000010
3026.305185,0.000024
3028.233996,0.000008
3030.162807,-0.000001
3032.091619,-0.000011
3034.020430,-0.000034
3035.949242,0.000005
3037.878053,0.000051
3039.806865,0.000024
3041.735676,-0.000017
3043.664488,0.000028
3045.593299,0.000119
3047.522111,0.000113
3049.450922,0.000034
3051.379734,-0.000018
3053.308545,-0.000045
3055.237356,-0.000016
3057.166168,0.000069
3059.094979,0.000119
3061.023791,0.000125
3062.952602,0.000120
3064.881414,0.000112
3066.810225,0.000113
3068.739037,0.000110
3070.667848,0.000084
3072.596660,0.000115
3074.525471,0.000123
3076.454283,0.000060
3078.383094,0.000094
3080.311905,0.000147
3082.240717,0.000138
3084.169528,0.000162
3086.098340,0.000193
3088.027151,0.000284
3089.955963,0.000377
3091.884774,0.000361
3093.813586,0.000354
3095.742397,0.000393
3097.671209,0.000490
3099.600020,0.000627
3101.528832,0.000713
3103.457643,0.000812
3105.386454,0.000938
3107.315266,0.001003
3109.244077,0.001011
3111.172889,0.001018
3113.101700,0.001065
3115.030512,0.001106
3116.959323,0.001045
3118.888135,0.000968
3120.816946,0.000974
3122.745758,0.000924
3124.674569,0.000795
3126.603381,0.000701
3128.532192,0.000673
3130.461003,0.000668
3132.389815,0.000573
3134.318626,0.000460
3136.247438,0.000383
3138.176249,0.000244
3140.105061,0.000145
3142.033872,0.000145
3143.962684,0.000161
3145.891495,0.000199
3147.820307,0.000186
3149.749118,0.000067
3151.677930,-0.000028
3153.606741,-0.000027
3155.535552,0.000057
3157.464364,0.000176
3159.393175,0.000117
3161.321987,-0.000054
3163.250798,0.000003
3165.179610,0.000102
3167.108421,0.000028
3169.037233,0.000023
3170.966044,0.000069
3172.894856,0.000047
3174.823667,0.000063
3176.752479,0.000082
3178.681290,0.000079
3180.610102,0.000126
3182.538913,0.000108
3184.467724,-0.000006
3186.396536,-0.000028
3188.325347,-0.000017
3190.254159,-0.000033
3192.182970,0.000030
3194.111782,0.000028
3196.040593,-0.000016
3197.969405,0.000002
3199.898216,-0.000039
3201.827028,-0.000057
3203.755839,-0.000013
3205.684651,0.000016
3207.613462,0.000035
3209.542273,0.000021
3211.471085,-0.000025
3213.399896,-0.000114
3215.328708,-0.000178
3217.257519,-0.000123
3219.186331,-0.000011
3221.115142,0.000007
3223.043954,-0.000058
3224.972765,-0.000008
3226.901577,0.000052
3228.830388,0.000011
3230.759200,0.000052
3232.688011,0.000137
3234.616822,0.000194
3236.545634,0.000255
3238.474445,0.000277
3240.403257,0.000317
3242.332068,0.000281
3244.260880,0.000160
3246.189691,0.000187
3248.118503,0.000245
3250.047314,0.000231
3251.976126,0.000219
3253.904937,0.000210
3255.833749,0.000309
3257.762560,0.000312
3259.691371,0.000149
3261.620183,0.000164
3263.548994,0.000255
3265.477806,0.000293
3267.406617,0.000347
3269.335429,0.000363
3271.264240,0.000384
3273.193052,0.000376
3275.121863,0.000308
3277.050675,0.000290
3278.979486,0.000293
3280.908298,0.000292
3282.837109,0.000288
3284.765920,0.000199
3286.694732,0.000140
3288.623543,0.000183
3290.552355,0.000124
3292.481166,-0.000049
3294.409978,-0.000153
3296.338789,-0.000082
3298.267601,0.000096
3300.196412,0.000170
3302.125224,0.000097
3304.054035,-0.000008
3305.982847,-0.000030
3307.911658,0.000001
3309.840469,-0.000061
3311.769281,-0.000071
3313.698092,0.000074
3315.626904,0.000135
3317.555715,0.000117
3319.484527,0.000122
3321.413338,0.000064
3323.342150,0.000036
3325.270961,0.000054
3327.199773,-0.000010
3329.128584,-0.000019
3331.057396,0.000043
3332.986207,0.000057
3334.915018,0.000040
3336.843830,0.000027
3338.772641,0.000117
3340.701453,0.000226
3342.630264,0.000291
3344.559076,0.000492
3346.487887,0.000660
3348.416699,0.000626
3350.345510,0.000648
3352.274322,0.000801
3354.203133,0.000920
3356.131945,0.000982
3358.060756,0.001034
3359.989568,0.001042
3361.918379,0.000926
3363.847190,0.000804
3365.776002,0.000795
3367.704813,0.000838
3369.633625,0.001050
3371.562436,0.001231
3373.491248,0.000986
3375.420059,0.000700
3377.348871,0.000738
3379.277682,0.000934
3381.206494,0.001146
3383.135305,0.001282
3385.064117,0.001336
3386.992928,0.001331
3388.921739,0.001406
3390.850551,0.001563
3392.779362,0.001599
3394.708174,0.001564
3396.636985,0.001500
3398.565797,0.001429
3400.494608,0.001309
3402.423420,0.001196
3404.352231,0.001265
3406.281043,0.001183
3408.209854,0.000978
3410.138666,0.000994
3412.067477,0.001076
3413.996288,0.001120
3415.925100,0.001036
3417.853911,0.000919
3419.782723,0.000887
3421.711534,0.000828
3423.640346,0.000804
3425.569157,0.000738
3427.497969,0.000692
3429.426780,0.000810
3431.355592,0.000926
3433.284403,0.000959
3435.213215,0.001006
3437.142026,0.001188
3439.070837,0.001290
3440.999649,0.001191
3442.928460,0.001071
3444.857272,0.001016
3446.786083,0.001103
3448.714895,0.001128
3450.643706,0.000961
3452.572518,0.000763
3454.501329,0.000677
3456.430141,0.000826
3458.358952,0.000869
3460.287764,0.000638
3462.216575,0.000466
3464.145386,0.000389
3466.074198,0.000355
3468.003009,0.000423
3469.931821,0.000425
3471.860632,0.000218
3473.789444,0.000158
3475.718255,0.000336
3477.647067,0.000320
3479.575878,0.000186
3481.504690,0.000125
3483.433501,0.000073
3485.362313,0.000039
3487.291124,-0.000018
3489.219935,0.000030
3491.148747,0.000215
3493.077558,0.000204
3495.006370,0.000009
3496.935181,-0.000053
3498.863993,-0.000014
3500.792804,-0.000008
3502.721616,-0.000021
3504.650427,-0.000044
3506.579239,0.000045
3508.508050,0.000176
3510.436862,0.000224
3512.365673,0.000212
3514.294484,0.000135
3516.223296,0.000153
3518.152107,0.000212
3520.080919,0.000247
3522.009730,0.000412
3523.938542,0.000544
3525.867353,0.000564
3527.796165,0.000584
3529.724976,0.000748
3531.653788,0.001060
3533.582599,0.001166
3535.511411,0.001116
3537.440222,0.001196
3539.369034,0.001315
3541.297845,0.001366
3543.226656,0.001363
3545.155468,0.001384
3547.084279,0.001525
3549.013091,0.001894
3550.941902,0.002375
3552.870714,0.002713
3554.799525,0.003066
3556.728337,0.003570
3558.657148,0.004151
3560.585960,0.004747
3562.514771,0.005302
3564.443583,0.006080
3566.372394,0.006918
3568.301205,0.007604
3570.230017,0.008501
3572.158828,0.009261
3574.087640,0.009577
3576.016451,0.009512
3577.945263,0.009128
3579.874074,0.008387
3581.802886,0.007080
3583.731697,0.005874
3585.660509,0.005468
3587.589320,0.006647
3589.518132,0.008357
3591.446943,0.007145
3593.375754,0.004776
3595.304566,0.004962
3597.233377,0.006588
3599.162189,0.008093
3601.091000,0.009169
3603.019812,0.009606
3604.948623,0.009662
3606.877435,0.009153
3608.806246,0.008246
3610.735058,0.007301
3612.663869,0.006356
3614.592681,0.005538
3616.521492,0.004684
3618.450303,0.003725
3620.379115,0.003013
3622.307926,0.002582
3624.236738,0.002155
3626.165549,0.001548
3628.094361,0.000868
3630.023172,0.000717
3631.951984,0.000954
3633.880795,0.001016
3635.809607,0.001015
3637.738418,0.001003
3639.667230,0.000952
3641.596041,0.000876
3643.524852,0.000682
3645.453664,0.000368
3647.382475,-0.000042
3649.311287,-0.000424
3651.240098,-0.000350
3653.168910,0.000070
3655.097721,0.000208
3657.026533,0.000159
3658.955344,0.000280
3660.884156,0.000409
3662.812967,0.000393
3664.741779,0.000204
3666.670590,-0.000018
3668.599401,-0.000401
3670.528213,-0.000776
3672.457024,-0.000675
3674.385836,-0.000774
3676.314647,-0.000882
3678.243459,-0.000392
3680.172270,-0.000028
3682.101082,0.000140
3684.029893,0.000197
3685.958705,-0.000047
3687.887516,-0.000393
3689.816328,-0.000479
3691.745139,-0.000183
3693.673951,0.000094
3695.602762,0.000209
3697.531573,0.000286
3699.460385,0.000237
3701.389196,0.000121
3703.318008,0.000117
3705.246819,0.000194
3707.175631,0.000110
3709.104442,-0.000185
3711.033254,-0.000421
3712.962065,-0.000301
3714.890877,0.000076
3716.819688,0.000207
3718.748500,0.000095
3720.677311,0.000037
3722.606122,0.000026
3724.534934,0.000056
3726.463745,0.000081
3728.392557,0.000071
3730.321368,-0.000115
3732.250180,-0.000492
3734.178991,-0.000618
3736.107803,-0.000466
3738.036614,-0.000301
3739.965426,-0.000135
3741.894237,-0.000163
3743.823049,-0.000548
3745.751860,-0.000772
3747.680671,-0.000614
3749.609483,-0.000607
3751.538294,-0.000527
3753.467106,-0.000141
3755.395917,0.000208
3757.324729,0.000389
3759.253540,0.000290
3761.182352,0.000266
3763.111163,0.000510
3765.039975,0.000558
3766.968786,0.000453
3768.897598,0.000413
3770.826409,0.000445
3772.755220,0.000600
3774.684032,0.000734
3776.612843,0.000707
3778.541655,0.000516
3780.470466,0.000424
3782.399278,0.000580
3784.328089,0.000704
3786.256901,0.000716
3788.185712,0.000718
3790.114524,0.000701
3792.043335,0.000705
3793.972147,0.000629
3795.900958,0.000325
3797.829769,0.000147
3799.758581,0.000076
3801.687392,-0.000162
3803.616204,-0.000032
3805.545015,0.000275
3807.473827,0.000366
3809.402638,0.000557
3811.331450,0.000774
3813.260261,0.000717
3815.189073,0.000300
3817.117884,0.000017
3819.046696,-0.000015
3820.975507,-0.000229
3822.904318,0.000023
3824.833130,0.000501
3826.761941,0.000568
3828.690753,0.000635
3830.619564,0.000579
3832.548376,0.000290
3834.477187,0.000129
3836.405999,-0.000085
3838.334810,-0.000310
3840.263622,-0.000174
3842.192433,0.000138
3844.121245,0.000344
3846.050056,0.000448
3847.978867,0.000384
3849.907679,0.000098
3851.836490,-0.000339
3853.765302,-0.000716
3855.694113,-0.000434
3857.622925,0.000153
3859.551736,0.000360
3861.480548,0.000207
3863.409359,-0.000107
3865.338171,-0.000254
3867.266982,-0.000154
3869.195794,-0.000161
3871.124605,-0.000116
3873.053417,0.000044
3874.982228,0.000103
3876.911039,0.000153
3878.839851,0.000097
3880.768662,-0.000020
3882.697474,0.000005
3884.626285,-0.000118
3886.555097,-0.000231
3888.483908,-0.000013
3890.412720,0.000032
3892.341531,-0.000077
3894.270343,0.000083
3896.199154,0.000188
3898.127966,-0.000015
3900.056777,-0.000307
3901.985588,-0.000468
3903.914400,-0.000453
3905.843211,-0.000274
3907.772023,0.000020
3909.700834,0.000314
3911.629646,0.000413
3913.558457,0.000261
3915.487269,0.000126
3917.416080,0.000078
3919.344892,0.000013
3921.273703,0.000008
3923.202515,-0.000050
3925.131326,-0.000168
3927.060137,-0.000120
3928.988949,-0.000026
3930.917760,-0.000110
3932.846572,-0.000152
3934.775383,-0.000035
3936.704195,-0.000023
3938.633006,-0.000070
3940.561818,-0.000133
3942.490629,-0.000268
3944.419441,-0.000233
3946.348252,-0.000103
3948.277064,-0.000140
3950.205875,-0.000173
3952.134686,-0.000045
3954.063498,0.000088
3955.992309,0.000034
3957.921121,-0.000070
3959.849932,-0.000116
3961.778744,-0.000205
3963.707555,-0.000211
3965.636367,-0.000067
3967.565178,0.000003
3969.493990,-0.000074
3971.422801,-0.000142
3973.351613,-0.000146
3975.280424,-0.000218
3977.209235,-0.000205
3979.138047,0.000014
3981.066858,0.000086
3982.995670,0.000014
3984.924481,-0.000007
3986.853293,-0.000048
3988.782104,-0.000118
3990.710916,-0.000177
3992.639727,-0.000134
3994.568539,-0.000106
3996.497350,-0.000121
3998.426162,-0.000016
4000.354973,-0.000023
