898.826141,0.007121
900.754953,0.006847
902.683764,0.004612
904.612576,0.001926
906.541387,0.001368
908.470199,0.001450
910.399010,0.001277
912.327822,0.000571
914.256633,0.000021
916.185445,-0.000138
918.114256,-0.000066
920.043068,0.000048
921.971879,-0.000764
923.900690,-0.001523
925.829502,-0.001396
927.758313,-0.001037
929.687125,-0.000754
931.615936,-0.000688
933.544748,-0.000252
935.473559,0.000533
937.402371,0.000739
939.331182,0.000410
941.259994,0.000366
943.188805,0.000159
945.117617,-0.000049
947.046428,0.000165
948.975240,0.000442
950.904051,0.000191
952.832862,-0.000105
954.761674,-0.000016
956.690485,0.000102
958.619297,0.000278
960.548108,0.000410
962.476920,0.000350
964.405731,0.000169
966.334543,-0.000094
968.263354,0.000025
970.192166,0.000098
972.120977,-0.000480
974.049789,-0.000674
975.978600,-0.000332
977.907411,-0.000301
979.836223,-0.000415
981.765034,-0.000440
983.693846,-0.000413
985.622657,-0.000384
987.551469,-0.000393
989.480280,-0.000327
991.409092,-0.000257
993.337903,-0.000235
995.266715,-0.000173
997.195526,-0.000119
999.124338,-0.000126
1001.053149,-0.000034
1002.981960,0.000236
1004.910772,0.000318
1006.839583,0.000179
1008.768395,0.000144
1010.697206,0.000285
1012.626018,0.000298
1014.554829,0.000234
1016.483641,0.000332
1018.412452,0.000441
1020.341264,0.000531
1022.270075,0.000643
1024.198887,0.000614
1026.127698,0.000626
1028.056509,0.000946
1029.985321,0.001229
1031.914132,0.001226
1033.842944,0.001327
1035.771755,0.001638
1037.700567,0.001976
1039.629378,0.002112
1041.558190,0.001800
1043.487001,0.001438
1045.415813,0.001288
1047.344624,0.001049
1049.273436,0.000601
1051.202247,0.000294
1053.131058,0.000287
1055.059870,0.000270
1056.988681,0.000097
1058.917493,-0.000009
1060.846304,-0.000117
1062.775116,-0.000144
1064.703927,-0.000059
1066.632739,-0.000132
1068.561550,-0.000151
1070.490362,0.000012
1072.419173,0.000041
1074.347985,-0.000002
1076.276796,0.000060
1078.205607,0.000163
1080.134419,0.000284
1082.063230,0.000344
1083.992042,0.000348
1085.920853,0.000428
1087.849665,0.000496
1089.778476,0.000445
1091.707288,0.000394
1093.636099,0.000488
1095.564911,0.000574
1097.493722,0.000442
1099.422534,0.000321
1101.351345,0.000398
1103.280156,0.000494
1105.208968,0.000460
1107.137779,0.000351
1109.066591,0.000358
1110.995402,0.000405
1112.924214,0.000374
1114.853025,0.000411
1116.781837,0.000466
1118.710648,0.000473
1120.639460,0.000501
1122.568271,0.000526
1124.497083,0.000568
1126.425894,0.000595
1128.354706,0.000593
1130.283517,0.000604
1132.212328,0.000504
1134.141140,0.000386
1136.069951,0.000462
1137.998763,0.000541
1139.927574,0.000490
1141.856386,0.000363
1143.785197,0.000303
1145.714009,0.000286
1147.642820,0.000238
1149.571632,0.000118
1151.500443,0.000033
1153.429255,0.000068
1155.358066,0.000085
1157.286877,0.000019
1159.215689,0.000010
1161.144500,-0.000011
1163.073312,-0.000125
1165.002123,-0.000163
1166.930935,-0.000051
1168.859746,0.000047
1170.788558,-0.000048
1172.717369,-0.000236
1174.646181,-0.000282
1176.574992,-0.000254
1178.503804,-0.000237
1180.432615,-0.000120
1182.361426,-0.000005
1184.290238,-0.000002
1186.219049,-0.000045
1188.147861,-0.000072
1190.076672,0.000018
1192.005484,0.000114
1193.934295,0.000085
1195.863107,0.000076
1197.791918,-0.000036
1199.720730,-0.000339
1201.649541,-0.000417
1203.578353,-0.000260
1205.507164,-0.000123
1207.435975,-0.000078
1209.364787,0.000156
1211.293598,0.000596
1213.222410,0.001065
1215.151221,0.001586
1217.080033,0.002162
1219.008844,0.002646
1220.937656,0.003416
1222.866467,0.004264
1224.795279,0.004938
1226.724090,0.006230
1228.652902,0.007844
1230.581713,0.009595
1232.510524,0.012180
1234.439336,0.015235
1236.368147,0.019229
1238.296959,0.025145
1240.225770,0.032868
1242.154582,0.043711
1244.083393,0.059151
1246.012205,0.078623
1247.941016,0.101178
1249.869828,0.123932
1251.798639,0.141685
1253.727451,0.149300
1255.656262,0.146258
1257.585073,0.144968
1259.513885,0.157388
1261.442696,0.170878
1263.371508,0.163990
1265.300319,0.148001
1267.229131,0.148011
1269.157942,0.160136
1271.086754,0.162289
1273.015565,0.145671
1274.944377,0.117149
1276.873188,0.088156
1278.802000,0.066665
1280.730811,0.053440
1282.659622,0.045100
1284.588434,0.039362
1286.517245,0.035743
1288.446057,0.032928
1290.374868,0.030758
1292.303680,0.029481
1294.232491,0.028118
1296.161303,0.027080
1298.090114,0.026815
1300.018926,0.027028
1301.947737,0.027276
1303.876549,0.027193
1305.805360,0.027256
1307.734172,0.027670
1309.662983,0.028157
1311.591794,0.028205
1313.520606,0.027747
1315.449417,0.026562
1317.378229,0.024632
1319.307040,0.022638
1321.235852,0.020764
1323.164663,0.021293
1325.093475,0.022405
1327.022286,0.018892
1328.951098,0.015249
1330.879909,0.014975
1332.808721,0.014597
1334.737532,0.014265
1336.666343,0.014267
1338.595155,0.013658
1340.523966,0.013135
1342.452778,0.012269
1344.381589,0.010583
1346.310401,0.008568
1348.239212,0.006676
1350.168024,0.005204
1352.096835,0.003988
1354.025647,0.002843
1355.954458,0.002185
1357.883270,0.001769
1359.812081,0.000802
1361.740892,-0.000083
1363.669704,0.000207
1365.598515,0.000759
1367.527327,0.000743
1369.456138,0.000845
1371.384950,0.000864
1373.313761,0.000287
1375.242573,0.000266
1377.171384,0.000962
1379.100196,0.001384
1381.029007,0.001550
1382.957819,0.001715
1384.886630,0.001369
1386.815441,0.000812
1388.744253,0.001492
1390.673064,0.002399
1392.601876,0.001653
1394.530687,0.000771
1396.459499,0.001088
1398.388310,0.001292
1400.317122,0.002081
1402.245933,0.003069
1404.174745,0.002899
1406.103556,0.003161
1408.032368,0.003864
1409.961179,0.003970
1411.889990,0.004098
1413.818802,0.004408
1415.747613,0.003991
1417.676425,0.002306
1419.605236,0.002325
1421.534048,0.004477
1423.462859,0.005397
1425.391671,0.006093
1427.320482,0.006738
1429.249294,0.006272
1431.178105,0.006690
1433.106917,0.007316
1435.035728,0.005616
1436.964539,0.004895
1438.893351,0.007543
1440.822162,0.009148
1442.750974,0.009315
1444.679785,0.009230
1446.608597,0.008673
1448.537408,0.008801
1450.466220,0.009439
1452.395031,0.009385
1454.323843,0.007404
1456.252654,0.003797
1458.181466,0.004764
1460.110277,0.009137
1462.039089,0.010381
1463.967900,0.009104
1465.896711,0.009317
1467.825523,0.010769
1469.754334,0.009649
1471.683146,0.006766
1473.611957,0.006631
1475.540769,0.008555
1477.469580,0.010265
1479.398392,0.011163
1481.327203,0.011272
1483.256015,0.011283
1485.184826,0.010581
1487.113638,0.008936
1489.042449,0.007625
1490.971260,0.008405
1492.900072,0.009809
1494.828883,0.008704
1496.757695,0.006978
1498.686506,0.007580
1500.615318,0.008857
1502.544129,0.008758
1504.472941,0.004836
1506.401752,0.000001
1508.330564,0.002384
1510.259375,0.005799
1512.188187,0.006764
1514.116998,0.006356
1516.045809,0.004829
1517.974621,0.003844
1519.903432,0.002348
1521.832244,0.001467
1523.761055,0.003534
1525.689867,0.004696
1527.618678,0.005526
1529.547490,0.006988
1531.476301,0.006033
1533.405113,0.004567
1535.333924,0.005879
1537.262736,0.004717
1539.191547,-0.000105
1541.120358,0.000250
1543.049170,0.003852
1544.977981,0.007074
1546.906793,0.009762
1548.835604,0.010944
1550.764416,0.012054
1552.693227,0.013039
1554.622039,0.014136
1556.550850,0.014166
1558.479662,0.014542
1560.408473,0.025932
1562.337285,0.039526
1564.266096,0.050736
1566.194907,0.064179
1568.123719,0.079294
1570.052530,0.101345
1571.981342,0.130632
1573.910153,0.160026
1575.838965,0.200022
1577.767776,0.252700
1579.696588,0.306339
1581.625399,0.365368
1583.554211,0.427199
1585.483022,0.491519
1587.411834,0.562113
1589.340645,0.638916
1591.269456,0.720737
1593.198268,0.792675
1595.127079,0.839312
1597.055891,0.856633
1598.984702,0.856103
1600.913514,0.835335
1602.842325,0.805842
1604.771137,0.785802
1606.699948,0.762857
1608.628760,0.734462
1610.557571,0.681430
1612.486383,0.613410
1614.415194,0.538138
1616.344005,0.470679
1618.272817,0.535945
1620.201628,0.745823
1622.130440,0.965531
1624.059251,1.088119
1625.988063,1.166927
1627.916874,1.217491
1629.845686,1.206233
1631.774497,1.109049
1633.703309,0.970823
1635.632120,0.802401
1637.560932,0.663048
1639.489743,0.553330
1641.418555,0.435888
1643.347366,0.328710
1645.276177,0.236921
1647.204989,0.152719
1649.133800,0.097202
1651.062612,0.058900
1652.991423,0.023517
1654.920235,0.010908
1656.849046,0.009413
1658.777858,0.005756
1660.706669,0.002064
1662.635481,-0.000095
1664.564292,0.000494
1666.493104,0.000896
1668.421915,-0.000956
1670.350726,0.000123
1672.279538,0.003094
1674.208349,0.004676
1676.137161,0.008213
1678.065972,0.013406
1679.994784,0.016788
1681.923595,0.017337
1683.852407,0.017362
1685.781218,0.022131
1687.710030,0.026337
1689.638841,0.026730
1691.567653,0.026784
1693.496464,0.023543
1695.425275,0.022740
1697.354087,0.033884
1699.282898,0.036098
1701.211710,0.024994
1703.140521,0.024026
1705.069333,0.029515
1706.998144,0.035214
1708.926956,0.043112
1710.855767,0.051971
1712.784579,0.056029
1714.713390,0.054957
1716.642202,0.054867
1718.571013,0.058958
1720.499824,0.064623
1722.428636,0.068387
1724.357447,0.071510
1726.286259,0.075267
1728.215070,0.079615
1730.143882,0.086196
1732.072693,0.092802
1734.001505,0.104448
1735.930316,0.122938
1737.859128,0.136665
1739.787939,0.146957
1741.716751,0.155182
1743.645562,0.158488
1745.574373,0.156759
1747.503185,0.152324
1749.431996,0.148349
1751.360808,0.148475
1753.289619,0.151462
1755.218431,0.151801
1757.147242,0.148595
1759.076054,0.140134
1761.004865,0.121688
1762.933677,0.097719
1764.862488,0.077262
1766.791300,0.057387
1768.720111,0.039569
1770.648922,0.026147
1772.577734,0.016180
1774.506545,0.011922
1776.435357,0.009561
1778.364168,0.006873
1780.292980,0.005099
1782.221791,0.004490
1784.150603,0.004194
1786.079414,0.004204
1788.008226,0.004639
1789.937037,0.003490
1791.865849,0.001585
1793.794660,0.001963
1795.723471,0.002989
1797.652283,0.002543
1799.581094,0.001182
1801.509906,0.000603
1803.438717,0.001268
1805.367529,0.001814
1807.296340,0.001527
1809.225152,0.000677
1811.153963,0.000166
1813.082775,0.000436
1815.011586,0.000564
1816.940398,0.000433
1818.869209,0.000546
1820.798021,0.000868
1822.726832,0.000483
1824.655643,0.000037
1826.584455,0.000562
1828.513266,0.000635
1830.442078,0.000769
1832.370889,0.002393
1834.299701,0.003620
1836.228512,0.004049
1838.157324,0.004711
1840.086135,0.005181
1842.014947,0.004560
1843.943758,0.003759
1845.872570,0.004632
1847.801381,0.005788
1849.730192,0.006184
1851.659004,0.006377
1853.587815,0.006283
1855.516627,0.006038
1857.445438,0.005665
1859.374250,0.005329
1861.303061,0.004885
1863.231873,0.004043
1865.160684,0.002799
1867.089496,0.000824
1869.018307,-0.000604
1870.947119,-0.000627
1872.875930,0.001480
1874.804741,0.004768
1876.733553,0.003666
1878.662364,0.000047
1880.591176,0.000217
1882.519987,0.002086
1884.448799,0.003614
1886.377610,0.005106
1888.306422,0.006034
1890.235233,0.007368
1892.164045,0.008912
1894.092856,0.009891
1896.021668,0.010730
1897.950479,0.011500
1899.879290,0.011974
1901.808102,0.012186
1903.736913,0.012315
1905.665725,0.012231
1907.594536,0.011893
1909.523348,0.011567
1911.452159,0.011266
1913.380971,0.010827
1915.309782,0.009757
1917.238594,0.008259
1919.167405,0.007688
1921.096217,0.007517
1923.025028,0.006822
1924.953839,0.006387
1926.882651,0.005933
1928.811462,0.005104
1930.740274,0.004398
1932.669085,0.003781
1934.597897,0.003215
1936.526708,0.002686
1938.455520,0.002180
1940.384331,0.001469
1942.313143,0.000691
1944.241954,0.000538
1946.170766,0.000684
1948.099577,0.000683
1950.028388,0.000679
1951.957200,0.000579
1953.886011,0.000403
1955.814823,0.000237
1957.743634,0.000170
1959.672446,0.000110
1961.601257,0.000036
1963.530069,-0.000046
1965.458880,-0.000247
1967.387692,-0.000338
1969.316503,-0.000154
1971.245315,-0.000027
1973.174126,-0.000045
1975.102938,-0.000031
1977.031749,0.000014
1978.960560,0.000043
1980.889372,0.000004
1982.818183,-0.000029
1984.746995,-0.000064
1986.675806,-0.000185
1988.604618,-0.000286
1990.533429,-0.000392
1992.462241,-0.000366
1994.391052,-0.000119
1996.319864,-0.000023
1998.248675,-0.000096
2000.177487,-0.000100
2002.106298,-0.000075
2004.035109,-0.000097
2005.963921,-0.000099
2007.892732,-0.000021
2009.821544,0.000017
2011.750355,0.000008
2013.679167,0.000002
2015.607978,-0.000165
2017.536790,-0.000320
2019.465601,-0.000201
2021.394413,-0.000055
2023.323224,0.000023
2025.252036,0.000047
2027.180847,-0.000034
2029.109658,-0.000055
2031.038470,-0.000044
2032.967281,-0.000084
2034.896093,-0.000111
2036.824904,-0.000109
2038.753716,-0.000061
2040.682527,-0.000036
2042.611339,-0.000039
2044.540150,-0.000020
2046.468962,0.000002
2048.397773,0.000027
2050.326585,0.000023
2052.255396,0.000039
2054.184207,0.000117
2056.113019,0.000108
2058.041830,-0.000011
2059.970642,-0.000042
2061.899453,-0.000009
2063.828265,-0.000110
2065.757076,-0.000183
2067.685888,-0.000080
2069.614699,0.000007
2071.543511,0.000021
2073.472322,-0.000010
2075.401134,-0.000053
2077.329945,-0.000018
2079.258756,0.000034
2081.187568,0.000036
2083.116379,0.000027
2085.045191,0.000074
2086.974002,0.000151
2088.902814,0.000115
2090.831625,0.000027
2092.760437,0.000036
2094.689248,0.000035
2096.618060,0.000003
2098.546871,-0.000033
2100.475683,-0.000048
2102.404494,0.000048
2104.333305,0.000107
2106.262117,0.000049
2108.190928,0.000025
2110.119740,0.000044
2112.048551,0.000060
2113.977363,0.000053
2115.906174,0.000066
2117.834986,0.000140
2119.763797,0.000166
2121.692609,0.000135
2123.621420,0.000090
2125.550232,0.000026
2127.479043,-0.000005
2129.407854,-0.000003
2131.336666,-0.000003
2133.265477,0.000009
2135.194289,-0.000014
2137.123100,-0.000093
2139.051912,-0.000127
2140.980723,-0.000170
2142.909535,-0.000285
2144.838346,-0.000304
2146.767158,-0.000208
2148.695969,-0.000117
2150.624781,-0.000061
2152.553592,-0.000087
2154.482404,-0.000116
2156.411215,-0.000008
2158.340026,0.000084
2160.268838,0.000062
2162.197649,0.000092
2164.126461,0.000122
2166.055272,0.000058
2167.984084,0.000060
2169.912895,0.000141
2171.841707,0.000155
2173.770518,0.000164
2175.699330,0.000290
2177.628141,0.000364
2179.556953,0.000331
2181.485764,0.000421
2183.414575,0.000553
2185.343387,0.000617
2187.272198,0.000719
2189.201010,0.000841
2191.129821,0.000981
2193.058633,0.001100
2194.987444,0.001188
2196.916256,0.001434
2198.845067,0.001743
2200.773879,0.001879
2202.702690,0.001974
2204.631502,0.002171
2206.560313,0.002320
2208.489124,0.002364
2210.417936,0.002412
2212.346747,0.002418
2214.275559,0.002267
2216.204370,0.001995
2218.133182,0.001690
2220.061993,0.001315
2221.990805,0.000862
2223.919616,0.000712
2225.848428,0.001114
2227.777239,0.001719
2229.706051,0.002286
2231.634862,0.002784
2233.563673,0.003164
2235.492485,0.003454
2237.421296,0.003508
2239.350108,0.003296
2241.278919,0.003016
2243.207731,0.002638
2245.136542,0.002123
2247.065354,0.001636
2248.994165,0.001217
2250.922977,0.000764
2252.851788,0.000370
2254.780600,0.000175
2256.709411,0.000067
2258.638222,-0.000028
2260.567034,-0.000071
2262.495845,-0.000066
2264.424657,-0.000007
2266.353468,0.000080
2268.282280,0.000130
2270.211091,0.000117
2272.139903,0.000078
2274.068714,0.000096
2275.997526,0.000193
2277.926337,0.000276
2279.855149,0.000274
2281.783960,0.000234
2283.712771,0.000201
2285.641583,0.000186
2287.570394,0.000182
2289.499206,0.000126
2291.428017,0.000051
2293.356829,-0.000011
2295.285640,-0.000048
2297.214452,0.000043
2299.143263,0.000099
2301.072075,-0.000008
2303.000886,-0.000068
2304.929698,0.000057
2306.858509,0.000144
2308.787320,0.000184
2310.716132,0.000146
2312.644943,0.000155
2314.573755,0.000232
2316.502566,0.000183
2318.431378,-0.000014
2320.360189,-0.000167
2322.289001,-0.000174
2324.217812,-0.000156
2326.146624,-0.000197
2328.075435,-0.000271
2330.004247,-0.000332
2331.933058,-0.000230
2333.861870,-0.000019
2335.790681,0.000029
2337.719492,0.000063
2339.648304,0.000235
2341.577115,0.000418
2343.505927,0.000757
2345.434738,0.001301
2347.363550,0.001857
2349.292361,0.002090
2351.221173,0.001626
2353.149984,0.000885
2355.078796,0.000568
2357.007607,0.000460
2358.936419,0.000397
2360.865230,0.000135
2362.794041,-0.000004
2364.722853,-0.000129
2366.651664,-0.000198
2368.580476,-0.000135
2370.509287,0.000034
2372.438099,0.000206
2374.366910,0.000369
2376.295722,0.000521
2378.224533,0.000596
2380.153345,0.000524
2382.082156,0.000303
2384.010968,0.000051
2385.939779,0.000147
2387.868590,0.000223
2389.797402,0.000203
2391.726213,0.000172
2393.655025,0.000130
2395.583836,0.000038
2397.512648,0.000018
2399.441459,0.000091
2401.370271,0.000110
2403.299082,0.000064
2405.227894,0.000068
2407.156705,0.000117
2409.085517,0.000080
2411.014328,-0.000033
2412.943139,-0.000065
2414.871951,-0.000009
2416.800762,0.000033
2418.729574,0.000054
2420.658385,0.000040
2422.587197,-0.000013
2424.516008,-0.000028
2426.444820,-0.000009
2428.373631,0.000015
2430.302443,0.000019
2432.231254,-0.000019
2434.160066,-0.000009
2436.088877,0.000012
2438.017688,-0.000011
2439.946500,0.000005
2441.875311,0.000022
2443.804123,0.000024
2445.732934,0.000023
2447.661746,0.000009
2449.590557,0.000059
2451.519369,0.000120
2453.448180,0.000127
2455.376992,0.000108
2457.305803,0.000119
2459.234615,0.000183
2461.163426,0.000213
2463.092237,0.000207
2465.021049,0.000200
2466.949860,0.000223
2468.878672,0.000296
2470.807483,0.000366
2472.736295,0.000425
2474.665106,0.000467
2476.593918,0.000494
2478.522729,0.000515
2480.451541,0.000500
2482.380352,0.000475
2484.309164,0.000422
2486.237975,0.000384
2488.166786,0.000411
2490.095598,0.000487
2492.024409,0.000609
2493.953221,0.000613
2495.882032,0.000496
2497.810844,0.000516
2499.739655,0.000604
2501.668467,0.000607
2503.597278,0.000660
2505.526090,0.000763
2507.454901,0.000782
2509.383713,0.000707
2511.312524,0.000606
2513.241336,0.000624
2515.170147,0.000663
2517.098958,0.000539
2519.027770,0.000432
2520.956581,0.000384
2522.885393,0.000285
2524.814204,0.000252
2526.743016,0.000313
2528.671827,0.000371
2530.600639,0.000334
2532.529450,0.000227
2534.458262,0.000202
2536.387073,0.000265
2538.315885,0.000276
2540.244696,0.000198
2542.173507,0.000144
2544.102319,0.000118
2546.031130,0.000091
2547.959942,0.000152
2549.888753,0.000221
2551.817565,0.000197
2553.746376,0.000188
2555.675188,0.000244
2557.603999,0.000293
2559.532811,0.000280
2561.461622,0.000249
2563.390434,0.000257
2565.319245,0.000294
2567.248056,0.000332
2569.176868,0.000387
2571.105679,0.000469
2573.034491,0.000506
2574.963302,0.000533
2576.892114,0.000632
2578.820925,0.000717
2580.749737,0.000753
2582.678548,0.000743
2584.607360,0.000679
2586.536171,0.000636
2588.464983,0.000635
2590.393794,0.000663
2592.322605,0.000627
2594.251417,0.000508
2596.180228,0.000432
2598.109040,0.000385
2600.037851,0.000342
2601.966663,0.000367
2603.895474,0.000475
2605.824286,0.000598
2607.753097,0.000662
2609.681909,0.000751
2611.610720,0.000921
2613.539532,0.001118
2615.468343,0.001318
2617.397154,0.001535
2619.325966,0.001789
2621.254777,0.001993
2623.183589,0.002062
2625.112400,0.002101
2627.041212,0.002183
2628.970023,0.002230
2630.898835,0.002187
2632.827646,0.002121
2634.756458,0.002149
2636.685269,0.002269
2638.614081,0.002275
2640.542892,0.002047
2642.471703,0.001641
2644.400515,0.001139
2646.329326,0.000713
2648.258138,0.000478
2650.186949,0.000392
2652.115761,0.000349
2654.044572,0.000288
2655.973384,0.000270
2657.902195,0.000254
2659.831007,0.000209
2661.759818,0.000239
2663.688630,0.000271
2665.617441,0.000238
2667.546253,0.000224
2669.475064,0.000210
2671.403875,0.000156
2673.332687,0.000103
2675.261498,0.000061
2677.190310,0.000041
2679.119121,0.000022
2681.047933,0.000034
2682.976744,0.000103
2684.905556,0.000092
2686.834367,0.000072
2688.763179,0.000096
2690.691990,0.000033
2692.620802,0.000040
2694.549613,0.000084
2696.478424,0.000019
2698.407236,0.000013
2700.336047,0.000051
2702.264859,0.000061
2704.193670,0.000073
2706.122482,0.000022
2708.051293,-0.000032
2709.980105,-0.000031
2711.908916,-0.000026
2713.837728,0.000024
2715.766539,0.000116
2717.695351,0.000138
2719.624162,0.000047
2721.552973,-0.000013
2723.481785,0.000040
2725.410596,0.000019
2727.339408,-0.000080
2729.268219,-0.000086
2731.197031,-0.000061
2733.125842,-0.000060
2735.054654,-0.000094
2736.983465,-0.000140
2738.912277,-0.000065
2740.841088,0.000032
2742.769900,0.000014
2744.698711,0.000003
2746.627522,0.000036
2748.556334,-0.000015
2750.485145,-0.000113
2752.413957,-0.000144
2754.342768,-0.000104
2756.271580,-0.000039
2758.200391,-0.000031
2760.129203,-0.000112
2762.058014,-0.000154
2763.986826,-0.000100
2765.915637,-0.000038
2767.844449,0.000009
2769.773260,-0.000027
2771.702071,-0.000170
2773.630883,-0.000231
2775.559694,-0.000183
2777.488506,-0.000156
2779.417317,-0.000181
2781.346129,-0.000237
2783.274940,-0.000269
2785.203752,-0.000285
2787.132563,-0.000300
2789.061375,-0.000234
2790.990186,-0.000133
2792.918998,-0.000140
2794.847809,-0.000170
2796.776620,-0.000146
2798.705432,-0.000209
2800.634243,-0.000298
2802.563055,-0.000296
2804.491866,-0.000301
2806.420678,-0.000313
2808.349489,-0.000326
2810.278301,-0.000329
2812.207112,-0.000252
2814.135924,-0.000207
2816.064735,-0.000228
2817.993547,-0.000205
2819.922358,-0.000164
2821.851169,-0.000189
2823.779981,-0.000211
2825.708792,-0.000146
2827.637604,-0.000088
2829.566415,-0.000060
2831.495227,-0.000001
2833.424038,0.000049
2835.352850,0.000150
2837.281661,0.000316
2839.210473,0.000471
2841.139284,0.000613
2843.068096,0.000824
2844.996907,0.001164
2846.925719,0.001562
2848.854530,0.001991
2850.783341,0.002505
2852.712153,0.003123
2854.640964,0.003897
2856.569776,0.004901
2858.498587,0.006062
2860.427399,0.007305
2862.356210,0.008933
2864.285022,0.011165
2866.213833,0.013603
2868.142645,0.016118
2870.071456,0.019200
2872.000268,0.022781
2873.929079,0.026590
2875.857890,0.030727
2877.786702,0.034992
2879.715513,0.039281
2881.644325,0.043457
2883.573136,0.047152
2885.501948,0.050246
2887.430759,0.052583
2889.359571,0.054003
2891.288382,0.054472
2893.217194,0.053856
2895.146005,0.051758
2897.074817,0.048450
2899.003628,0.044455
2900.932439,0.040133
2902.861251,0.035112
2904.790062,0.027915
2906.718874,0.024677
2908.647685,0.034332
2910.576497,0.051777
2912.505308,0.067123
2914.434120,0.078451
2916.362931,0.085069
2918.291743,0.086236
2920.220554,0.082443
2922.149366,0.074360
2924.078177,0.063094
2926.006988,0.049741
2927.935800,0.036021
2929.864611,0.023580
2931.793423,0.013527
2933.722234,0.006453
2935.651046,0.002236
2937.579857,0.000311
2939.508669,-0.000239
2941.437480,-0.000107
2943.366292,0.000192
2945.295103,0.000410
2947.223915,0.000668
2949.152726,0.000992
2951.081537,0.001367
2953.010349,0.001731
2954.939160,0.002012
2956.867972,0.002330
2958.796783,0.002665
2960.725595,0.002911
2962.654406,0.003146
2964.583218,0.003398
2966.512029,0.003590
2968.440841,0.003569
2970.369652,0.003384
2972.298464,0.003420
2974.227275,0.003631
2976.156086,0.003724
2978.084898,0.003723
2980.013709,0.003557
2981.942521,0.003131
2983.871332,0.002578
2985.800144,0.002042
2987.728955,0.001536
2989.657767,0.001099
2991.586578,0.000811
2993.515390,0.000606
2995.444201,0.000400
2997.373013,0.000292
2999.301824,0.000346
3001.230635,0.000329
3003.159447,0.000174
3005.088258,0.000119
3007.017070,0.000131
3008.945881,0.000168
3010.874693,0.000213
3012.803504,0.000154
3014.732316,0.000046
3016.661127,-0.000085
3018.589939,-0.000167
3020.518750,-0.000157
3022.447562,-0.000177
3024.376373,-0.000177
3026.305185,-0.000208
3028.233996,-0.000310
3030.162807,-0.000301
3032.091619,-0.000214
3034.020430,-0.000174
3035.949242,-0.000145
3037.878053,-0.000082
3039.806865,-0.000042
3041.735676,-0.000040
3043.664488,-0.000006
3045.593299,-0.000014
3047.522111,-0.000091
3049.450922,-0.000098
3051.379734,-0.000043
3053.308545,0.000002
3055.237356,0.000064
3057.166168,0.000129
3059.094979,0.000148
3061.023791,0.000099
3062.952602,-0.000007
3064.881414,-0.000047
3066.810225,0.000073
3068.739037,0.000133
3070.667848,0.000063
3072.596660,0.000105
3074.525471,0.000226
3076.454283,0.000210
3078.383094,0.000154
3080.311905,0.000225
3082.240717,0.000343
3084.169528,0.000456
3086.098340,0.000601
3088.027151,0.000705
3089.955963,0.000765
3091.884774,0.000874
3093.813586,0.000989
3095.742397,0.001134
3097.671209,0.001329
3099.600020,0.001441
3101.528832,0.001591
3103.457643,0.001955
3105.386454,0.002317
3107.315266,0.002503
3109.244077,0.002586
3111.172889,0.002575
3113.101700,0.002554
3115.030512,0.002586
3116.959323,0.002524
3118.888135,0.002394
3120.816946,0.002311
3122.745758,0.002283
3124.674569,0.002238
3126.603381,0.002084
3128.532192,0.001831
3130.461003,0.001462
3132.389815,0.001182
3134.318626,0.001000
3136.247438,0.000616
3138.176249,0.000403
3140.105061,0.000455
3142.033872,0.000321
3143.962684,0.000226
3145.891495,0.000320
3147.820307,0.000345
3149.749118,0.000299
3151.677930,0.000240
3153.606741,0.000125
3155.535552,-0.000009
3157.464364,-0.000004
3159.393175,0.000051
3161.321987,0.000023
3163.250798,0.000110
3165.179610,0.000286
3167.108421,0.000319
3169.037233,0.000228
3170.966044,0.000123
3172.894856,0.000093
3174.823667,0.000108
3176.752479,0.000066
3178.681290,-0.000004
3180.610102,-0.000021
3182.538913,0.000062
3184.467724,0.000089
3186.396536,0.000009
3188.325347,0.000058
3190.254159,0.000130
3192.182970,0.000017
3194.111782,-0.000089
3196.040593,-0.000133
3197.969405,-0.000211
3199.898216,-0.000176
3201.827028,-0.000082
3203.755839,-0.000094
3205.684651,-0.000081
3207.613462,-0.000032
3209.542273,-0.000044
3211.471085,-0.000095
3213.399896,-0.000167
3215.328708,-0.000166
3217.257519,-0.000162
3219.186331,-0.000242
3221.115142,-0.000240
3223.043954,-0.000168
3224.972765,-0.000112
3226.901577,-0.000047
3228.830388,-0.000044
3230.759200,-0.000050
3232.688011,0.000016
3234.616822,0.000114
3236.545634,0.000166
3238.474445,0.000063
3240.403257,0.000032
3242.332068,0.000143
3244.260880,0.000102
3246.189691,0.000084
3248.118503,0.000230
3250.047314,0.000200
3251.976126,-0.000004
3253.904937,-0.000027
3255.833749,0.000120
3257.762560,0.000170
3259.691371,0.000180
3261.620183,0.000295
3263.548994,0.000372
3265.477806,0.000307
3267.406617,0.000303
3269.335429,0.000414
3271.264240,0.000430
3273.193052,0.000359
3275.121863,0.000334
3277.050675,0.000336
3278.979486,0.000329
3280.908298,0.000432
3282.837109,0.000622
3284.765920,0.000607
3286.694732,0.000451
3288.623543,0.000360
3290.552355,0.000286
3292.481166,0.000281
3294.409978,0.000392
3296.338789,0.000448
3298.267601,0.000339
3300.196412,0.000164
3302.125224,0.000118
3304.054035,0.000146
3305.982847,0.000132
3307.911658,0.000084
3309.840469,0.000034
3311.769281,0.000007
3313.698092,-0.000040
3315.626904,-0.000063
3317.555715,-0.000031
3319.484527,-0.000067
3321.413338,-0.000082
3323.342150,-0.000069
3325.270961,-0.000170
3327.199773,-0.000238
3329.128584,-0.000205
3331.057396,-0.000146
3332.986207,-0.000140
3334.915018,-0.000217
3336.843830,-0.000307
3338.772641,-0.000395
3340.701453,-0.000260
3342.630264,0.000049
3344.559076,0.000119
3346.487887,0.000094
3348.416699,0.000213
3350.345510,0.000413
3352.274322,0.000621
3354.203133,0.000648
3356.131945,0.000533
3358.060756,0.000584
3359.989568,0.000686
3361.918379,0.000508
3363.847190,0.000279
3365.776002,0.000229
3367.704813,0.000287
3369.633625,0.000617
3371.562436,0.000753
3373.491248,0.000296
3375.420059,0.000055
3377.348871,0.000245
3379.277682,0.000436
3381.206494,0.000542
3383.135305,0.000606
3385.064117,0.000858
3386.992928,0.001115
3388.921739,0.001096
3390.850551,0.000967
3392.779362,0.000881
3394.708174,0.000884
3396.636985,0.000875
3398.565797,0.000856
3400.494608,0.000886
3402.423420,0.001008
3404.352231,0.001134
3406.281043,0.001027
3408.209854,0.000960
3410.138666,0.001015
3412.067477,0.001016
3413.996288,0.001073
3415.925100,0.001001
3417.853911,0.000825
3419.782723,0.000722
3421.711534,0.000627
3423.640346,0.000639
3425.569157,0.000671
3427.497969,0.000674
3429.426780,0.000797
3431.355592,0.000850
3433.284403,0.000816
3435.213215,0.001096
3437.142026,0.001554
3439.070837,0.001667
3440.999649,0.001596
3442.928460,0.001599
3444.857272,0.001468
3446.786083,0.001284
3448.714895,0.001289
3450.643706,0.001362
3452.572518,0.001310
3454.501329,0.001112
3456.430141,0.000873
3458.358952,0.000734
3460.287764,0.000735
3462.216575,0.000775
3464.145386,0.000784
3466.074198,0.000850
3468.003009,0.000914
3469.931821,0.000722
3471.860632,0.000420
3473.789444,0.000299
3475.718255,0.000233
3477.647067,0.000162
3479.575878,0.000148
3481.504690,0.000106
3483.433501,0.000126
3485.362313,0.000285
3487.291124,0.000325
3489.219935,0.000176
3491.148747,0.000147
3493.077558,0.000267
3495.006370,0.000322
3496.935181,0.000280
3498.863993,0.000140
3500.792804,-0.000087
3502.721616,-0.000289
3504.650427,-0.000240
3506.579239,-0.000049
3508.508050,-0.000032
3510.436862,0.000058
3512.365673,0.000399
3514.294484,0.000615
3516.223296,0.000675
3518.152107,0.000662
3520.080919,0.000718
3522.009730,0.000974
3523.938542,0.001183
3525.867353,0.001417
3527.796165,0.001882
3529.724976,0.002530
3531.653788,0.003326
3533.582599,0.003839
3535.511411,0.003930
3537.440222,0.004130
3539.369034,0.004356
3541.297845,0.004316
3543.226656,0.004119
3545.155468,0.003824
3547.084279,0.003836
3549.013091,0.004437
3550.941902,0.004999
3552.870714,0.005311
3554.799525,0.005809
3556.728337,0.006342
3558.657148,0.007017
3560.585960,0.007960
3562.514771,0.008473
3564.443583,0.008599
3566.372394,0.008653
3568.301205,0.009232
3570.230017,0.010809
3572.158828,0.011790
3574.087640,0.011690
3576.016451,0.011434
3577.945263,0.010939
3579.874074,0.009962
3581.802886,0.008506
3583.731697,0.006786
3585.660509,0.005258
3587.589320,0.006213
3589.518132,0.009063
3591.446943,0.008107
3593.375754,0.005109
3595.304566,0.005371
3597.233377,0.007426
3599.162189,0.009134
3601.091000,0.010568
3603.019812,0.011314
3604.948623,0.011123
3606.877435,0.009924
3608.806246,0.008589
3610.735058,0.007772
3612.663869,0.006801
3614.592681,0.005952
3616.521492,0.005121
3618.450303,0.003671
3620.379115,0.003060
3622.307926,0.003475
3624.236738,0.003449
3626.165549,0.002154
3628.094361,-0.000335
3630.023172,-0.000710
3631.951984,0.001210
3633.880795,0.002098
3635.809607,0.002388
3637.738418,0.002692
3639.667230,0.002521
3641.596041,0.002254
3643.524852,0.001802
3645.453664,0.000345
3647.382475,-0.001901
3649.311287,-0.003360
3651.240098,-0.002243
3653.168910,-0.000008
3655.097721,0.000399
3657.026533,0.000119
3658.955344,0.000999
3660.884156,0.001657
3662.812967,0.001660
3664.741779,0.001422
3666.670590,0.000560
3668.599401,-0.001567
3670.528213,-0.003062
3672.457024,-0.002639
3674.385836,-0.003551
3676.314647,-0.004041
3678.243459,-0.001716
3680.172270,-0.000069
3682.101082,0.000546
3684.029893,0.000762
3685.958705,-0.000155
3687.887516,-0.001935
3689.816328,-0.002739
3691.745139,-0.001521
3693.673951,0.000029
3695.602762,0.000797
3697.531573,0.001096
3699.460385,0.000762
3701.389196,-0.000103
3703.318008,-0.000000
3705.246819,0.000658
3707.175631,0.000073
3709.104442,-0.001394
3711.033254,-0.002495
3712.962065,-0.001887
3714.890877,-0.000183
3716.819688,0.000551
3718.748500,0.000383
3720.677311,-0.000038
3722.606122,-0.000256
3724.534934,-0.000261
3726.463745,-0.000277
3728.392557,-0.000030
3730.321368,-0.000524
3732.250180,-0.002060
3734.178991,-0.003105
3736.107803,-0.002973
3738.036614,-0.001726
3739.965426,-0.000482
3741.894237,-0.001322
3743.823049,-0.004023
3745.751860,-0.004526
3747.680671,-0.003354
3749.609483,-0.004112
3751.538294,-0.004205
3753.467106,-0.001973
3755.395917,-0.000284
3757.324729,-0.000013
3759.253540,-0.000239
3761.182352,0.000584
3763.111163,0.001395
3765.039975,0.000972
3766.968786,0.000610
3768.897598,0.000313
3770.826409,0.000458
3772.755220,0.001593
3774.684032,0.002181
3776.612843,0.001830
3778.541655,0.001118
3780.470466,0.001047
3782.399278,0.001759
3784.328089,0.001981
3786.256901,0.002001
3788.185712,0.002284
3790.114524,0.002328
3792.043335,0.002382
3793.972147,0.002056
3795.900958,0.000926
3797.829769,0.000407
3799.758581,-0.000241
3801.687392,-0.001418
3803.616204,-0.000534
3805.545015,0.000205
3807.473827,0.000071
3809.402638,0.001400
3811.331450,0.002499
3813.260261,0.001903
3815.189073,0.000057
3817.117884,-0.000751
3819.046696,-0.000469
3820.975507,-0.001224
3822.904318,-0.000413
3824.833130,0.001330
3826.761941,0.001636
3828.690753,0.001827
3830.619564,0.001466
3832.548376,0.000582
3834.477187,0.000153
3836.405999,-0.000714
3838.334810,-0.001415
3840.263622,-0.000659
3842.192433,0.000351
3844.121245,0.001082
3846.050056,0.001732
3847.978867,0.001696
3849.907679,0.000435
3851.836490,-0.002368
3853.765302,-0.004424
3855.694113,-0.002192
3857.622925,0.000554
3859.551736,0.001143
3861.480548,0.000612
3863.409359,-0.000349
3865.338171,-0.000562
3867.266982,-0.000201
3869.195794,-0.001019
3871.124605,-0.001155
3873.053417,-0.000113
3874.982228,0.000375
3876.911039,0.001035
3878.839851,0.000695
3880.768662,-0.000435
3882.697474,-0.000190
3884.626285,-0.000415
3886.555097,-0.000671
3888.483908,0.000246
3890.412720,0.000154
3892.341531,-0.000031
3894.270343,0.000911
3896.199154,0.001056
3898.127966,-0.000167
3900.056777,-0.001493
3901.985588,-0.002077
3903.914400,-0.001825
3905.843211,-0.000562
3907.772023,0.000896
3909.700834,0.001473
3911.629646,0.001392
3913.558457,0.000976
3915.487269,0.000334
3917.416080,-0.000073
3919.344892,0.000039
3921.273703,0.000373
3923.202515,0.000381
3925.131326,0.000295
3927.060137,0.000483
3928.988949,0.000406
3930.917760,-0.000010
3932.846572,-0.000004
3934.775383,0.000491
3936.704195,0.000731
3938.633006,0.000627
3940.561818,0.000422
3942.490629,0.000091
3944.419441,0.000078
3946.348252,0.000258
3948.277064,0.000057
3950.205875,-0.000133
3952.134686,-0.000055
3954.063498,0.000067
3955.992309,0.000139
3957.921121,0.000151
3959.849932,0.000164
3961.778744,0.000109
3963.707555,0.000091
3965.636367,0.000178
3967.565178,0.000121
3969.493990,0.000055
3971.422801,-0.000021
3973.351613,-0.000183
3975.280424,-0.000147
3977.209235,0.000093
3979.138047,0.000225
3981.066858,0.000161
3982.995670,0.000083
3984.924481,0.000120
3986.853293,0.000139
3988.782104,0.000096
3990.710916,0.000030
3992.639727,-0.000051
3994.568539,0.000024
3996.497350,0.000229
3998.426162,0.000265
4000.354973,0.000176
