898.826141,0.002027
900.754953,0.001286
902.683764,0.000415
904.612576,-0.000713
906.541387,-0.000445
908.470199,0.000036
910.399010,0.000218
912.327822,-0.000055
914.256633,-0.000083
916.185445,-0.000081
918.114256,-0.000589
920.043068,-0.001057
921.971879,-0.001233
923.900690,-0.001278
925.829502,-0.000904
927.758313,-0.000368
929.687125,0.000102
931.615936,0.000129
933.544748,-0.000379
935.473559,-0.000139
937.402371,0.000172
939.331182,0.000254
941.259994,0.000048
943.188805,-0.000328
945.117617,-0.000394
947.046428,-0.000301
948.975240,-0.000323
950.904051,-0.000388
952.832862,-0.000460
954.761674,-0.000460
956.690485,-0.000297
958.619297,-0.000095
960.548108,-0.000040
962.476920,-0.000034
964.405731,-0.000241
966.334543,-0.000479
968.263354,-0.000083
970.192166,0.000260
972.120977,-0.000074
974.049789,-0.000301
975.978600,-0.000234
977.907411,-0.000224
979.836223,-0.000247
981.765034,-0.000171
983.693846,-0.000074
985.622657,-0.000095
987.551469,0.000007
989.480280,0.000137
991.409092,0.000124
993.337903,0.000175
995.266715,0.000206
997.195526,-0.000018
999.124338,-0.000124
1001.053149,-0.000092
1002.981960,-0.000007
1004.910772,0.000104
1006.839583,0.000064
1008.768395,0.000040
1010.697206,0.000079
1012.626018,0.000051
1014.554829,0.000158
1016.483641,0.000268
1018.412452,0.000174
1020.341264,0.000125
1022.270075,0.000276
1024.198887,0.000408
1026.127698,0.000419
1028.056509,0.000582
1029.985321,0.000765
1031.914132,0.000834
1033.842944,0.001101
1035.771755,0.001395
1037.700567,0.001580
1039.629378,0.001701
1041.558190,0.001531
1043.487001,0.001177
1045.415813,0.000896
1047.344624,0.000703
1049.273436,0.000418
1051.202247,0.000092
1053.131058,-0.000003
1055.059870,-0.000004
1056.988681,-0.000074
1058.917493,-0.000098
1060.846304,-0.000190
1062.775116,-0.000245
1064.703927,-0.000289
1066.632739,-0.000367
1068.561550,-0.000353
1070.490362,-0.000308
1072.419173,-0.000270
1074.347985,-0.000246
1076.276796,-0.000214
1078.205607,-0.000110
1080.134419,-0.000040
1082.063230,-0.000025
1083.992042,-0.000009
1085.920853,-0.000011
1087.849665,0.000008
1089.778476,0.000010
1091.707288,0.000014
1093.636099,0.000099
1095.564911,0.000133
1097.493722,0.000093
1099.422534,0.000114
1101.351345,0.000138
1103.280156,0.000095
1105.208968,0.000018
1107.137779,0.000003
1109.066591,0.000105
1110.995402,0.000125
1112.924214,0.000060
1114.853025,0.000092
1116.781837,0.000162
1118.710648,0.000179
1120.639460,0.000083
1122.568271,0.000037
1124.497083,0.000173
1126.425894,0.000268
1128.354706,0.000306
1130.283517,0.000306
1132.212328,0.000188
1134.141140,0.000117
1136.069951,0.000058
1137.998763,-0.000040
1139.927574,0.000022
1141.856386,0.000114
1143.785197,0.000113
1145.714009,0.000105
1147.642820,0.000084
1149.571632,-0.000031
1151.500443,-0.000147
1153.429255,-0.000115
1155.358066,-0.000022
1157.286877,-0.000039
1159.215689,-0.000094
1161.144500,-0.000146
1163.073312,-0.000147
1165.002123,-0.000054
1166.930935,0.000045
1168.859746,0.000096
1170.788558,0.000040
1172.717369,-0.000058
1174.646181,-0.000120
1176.574992,-0.000095
1178.503804,0.000052
1180.432615,0.000160
1182.361426,0.000229
1184.290238,0.000311
1186.219049,0.000277
1188.147861,0.000283
1190.076672,0.000454
1192.005484,0.000552
1193.934295,0.000498
1195.863107,0.000442
1197.791918,0.000387
1199.720730,0.000221
1201.649541,0.000151
1203.578353,0.000276
1205.507164,0.000274
1207.435975,0.000367
1209.364787,0.000681
1211.293598,0.001028
1213.222410,0.001338
1215.151221,0.001843
1217.080033,0.002450
1219.008844,0.002941
1220.937656,0.003645
1222.866467,0.004341
1224.795279,0.004875
1226.724090,0.005990
1228.652902,0.007387
1230.581713,0.008967
1232.510524,0.011346
1234.439336,0.014128
1236.368147,0.017741
1238.296959,0.023157
1240.225770,0.030467
1242.154582,0.040869
1244.083393,0.055656
1246.012205,0.074427
1247.941016,0.096249
1249.869828,0.118319
1251.798639,0.135739
1253.727451,0.143618
1255.656262,0.141160
1257.585073,0.140286
1259.513885,0.152758
1261.442696,0.165221
1263.371508,0.157308
1265.300319,0.142163
1267.229131,0.143094
1269.157942,0.154845
1271.086754,0.156581
1273.015565,0.140091
1274.944377,0.112148
1276.873188,0.084036
1278.802000,0.063258
1280.730811,0.050581
1282.659622,0.042744
1284.588434,0.037354
1286.517245,0.034159
1288.446057,0.032031
1290.374868,0.030386
1292.303680,0.029366
1294.232491,0.028361
1296.161303,0.027740
1298.090114,0.027762
1300.018926,0.028113
1301.947737,0.028442
1303.876549,0.028602
1305.805360,0.028911
1307.734172,0.029361
1309.662983,0.029881
1311.591794,0.029917
1313.520606,0.029398
1315.449417,0.028258
1317.378229,0.026358
1319.307040,0.024317
1321.235852,0.022285
1323.164663,0.022862
1325.093475,0.024175
1327.022286,0.020313
1328.951098,0.016251
1330.879909,0.015998
1332.808721,0.015709
1334.737532,0.015396
1336.666343,0.015159
1338.595155,0.014191
1340.523966,0.013688
1342.452778,0.012925
1344.381589,0.011061
1346.310401,0.008946
1348.239212,0.007076
1350.168024,0.005448
1352.096835,0.004055
1354.025647,0.002908
1355.954458,0.002255
1357.883270,0.001675
1359.812081,0.000456
1361.740892,-0.000666
1363.669704,-0.000379
1365.598515,0.000408
1367.527327,0.000434
1369.456138,0.000477
1371.384950,0.000493
1373.313761,-0.000194
1375.242573,-0.000111
1377.171384,0.000772
1379.100196,0.001146
1381.029007,0.001321
1382.957819,0.001586
1384.886630,0.001160
1386.815441,0.000356
1388.744253,0.001000
1390.673064,0.002001
1392.601876,0.000961
1394.530687,-0.000229
1396.459499,0.000162
1398.388310,0.000395
1400.317122,0.001432
1402.245933,0.002786
1404.174745,0.002631
1406.103556,0.003036
1408.032368,0.003947
1409.961179,0.004015
1411.889990,0.004158
1413.818802,0.004514
1415.747613,0.003974
1417.676425,0.001901
1419.605236,0.001794
1421.534048,0.004444
1423.462859,0.005734
1425.391671,0.006541
1427.320482,0.007271
1429.249294,0.006835
1431.178105,0.007446
1433.106917,0.008164
1435.035728,0.006043
1436.964539,0.005188
1438.893351,0.008384
1440.822162,0.010336
1442.750974,0.010669
1444.679785,0.010657
1446.608597,0.009936
1448.537408,0.009999
1450.466220,0.010814
1452.395031,0.010921
1454.323843,0.008484
1456.252654,0.003916
1458.181466,0.005166
1460.110277,0.010582
1462.039089,0.012061
1463.967900,0.010571
1465.896711,0.010976
1467.825523,0.012846
1469.754334,0.011552
1471.683146,0.008080
1473.611957,0.007986
1475.540769,0.010432
1477.469580,0.012529
1479.398392,0.013602
1481.327203,0.013742
1483.256015,0.013765
1485.184826,0.012970
1487.113638,0.010973
1489.042449,0.009265
1490.971260,0.010271
1492.900072,0.012186
1494.828883,0.010867
1496.757695,0.008641
1498.686506,0.009338
1500.615318,0.010981
1502.544129,0.010857
1504.472941,0.005923
1506.401752,0.000081
1508.330564,0.003133
1510.259375,0.007246
1512.188187,0.008442
1514.116998,0.007988
1516.045809,0.006044
1517.974621,0.004765
1519.903432,0.002969
1521.832244,0.001991
1523.761055,0.004552
1525.689867,0.005983
1527.618678,0.006974
1529.547490,0.008689
1531.476301,0.007493
1533.405113,0.005730
1535.333924,0.007379
1537.262736,0.005962
1539.191547,-0.000026
1541.120358,0.000296
1543.049170,0.004656
1544.977981,0.008350
1546.906793,0.011408
1548.835604,0.012627
1550.764416,0.013598
1552.693227,0.014323
1554.622039,0.015012
1556.550850,0.014317
1558.479662,0.013594
1560.408473,0.025654
1562.337285,0.040494
1564.266096,0.051792
1566.194907,0.064978
1568.123719,0.079639
1570.052530,0.101146
1571.981342,0.130318
1573.910153,0.158995
1575.838965,0.197598
1577.767776,0.249785
1579.696588,0.303281
1581.625399,0.361648
1583.554211,0.422736
1585.483022,0.486299
1587.411834,0.556161
1589.340645,0.632267
1591.269456,0.713068
1593.198268,0.783883
1595.127079,0.829432
1597.055891,0.846696
1598.984702,0.847563
1600.913514,0.828208
1602.842325,0.799352
1604.771137,0.779227
1606.699948,0.755958
1608.628760,0.727269
1610.557571,0.674246
1612.486383,0.606635
1614.415194,0.531594
1616.344005,0.463883
1618.272817,0.527783
1620.201628,0.734598
1622.130440,0.951938
1624.059251,1.075924
1625.988063,1.154295
1627.916874,1.202618
1629.845686,1.192304
1631.774497,1.097453
1633.703309,0.960256
1635.632120,0.793788
1637.560932,0.655233
1639.489743,0.546058
1641.418555,0.430482
1643.347366,0.324654
1645.276177,0.233155
1647.204989,0.149675
1649.133800,0.095008
1651.062612,0.056275
1652.991423,0.020270
1654.920235,0.009073
1656.849046,0.008779
1658.777858,0.005441
1660.706669,0.001868
1662.635481,-0.000255
1664.564292,0.000640
1666.493104,0.001182
1668.421915,-0.001231
1670.350726,-0.000356
1672.279538,0.002856
1674.208349,0.004232
1676.137161,0.007784
1678.065972,0.013247
1679.994784,0.016446
1681.923595,0.016328
1683.852407,0.015710
1685.781218,0.021283
1687.710030,0.026646
1689.638841,0.027697
1691.567653,0.028430
1693.496464,0.025415
1695.425275,0.024022
1697.354087,0.033635
1699.282898,0.034948
1701.211710,0.025832
1703.140521,0.026437
1705.069333,0.031444
1706.998144,0.036290
1708.926956,0.043808
1710.855767,0.052639
1712.784579,0.056452
1714.713390,0.054679
1716.642202,0.054241
1718.571013,0.058964
1720.499824,0.065599
1722.428636,0.069834
1724.357447,0.073124
1726.286259,0.076977
1728.215070,0.081072
1730.143882,0.087073
1732.072693,0.092654
1734.001505,0.103187
1735.930316,0.121603
1737.859128,0.135330
1739.787939,0.145151
1741.716751,0.153144
1743.645562,0.156449
1745.574373,0.154786
1747.503185,0.150347
1749.431996,0.146123
1751.360808,0.146264
1753.289619,0.149655
1755.218431,0.150048
1757.147242,0.146761
1759.076054,0.138591
1761.004865,0.120526
1762.933677,0.097286
1764.862488,0.077617
1766.791300,0.058125
1768.720111,0.040506
1770.648922,0.027075
1772.577734,0.017256
1774.506545,0.013678
1776.435357,0.011807
1778.364168,0.009180
1780.292980,0.007374
1782.221791,0.006776
1784.150603,0.006497
1786.079414,0.006554
1788.008226,0.007051
1789.937037,0.005688
1791.865849,0.003369
1793.794660,0.003782
1795.723471,0.005099
1797.652283,0.004643
1799.581094,0.003106
1801.509906,0.002535
1803.438717,0.003367
1805.367529,0.003954
1807.296340,0.003509
1809.225152,0.002450
1811.153963,0.001854
1813.082775,0.002150
1815.011586,0.002201
1816.940398,0.001844
1818.869209,0.001695
1820.798021,0.001595
1822.726832,0.000746
1824.655643,-0.000190
1826.584455,-0.000020
1828.513266,-0.000116
1830.442078,-0.000031
1832.370889,0.001794
1834.299701,0.003071
1836.228512,0.003362
1838.157324,0.003886
1840.086135,0.004300
1842.014947,0.003403
1843.943758,0.002238
1845.872570,0.003356
1847.801381,0.004881
1849.730192,0.005371
1851.659004,0.005714
1853.587815,0.005779
1855.516627,0.005613
1857.445438,0.005337
1859.374250,0.005080
1861.303061,0.004772
1863.231873,0.004038
1865.160684,0.002848
1867.089496,0.000748
1869.018307,-0.000722
1870.947119,-0.000452
1872.875930,0.001421
1874.804741,0.003922
1876.733553,0.003060
1878.662364,0.000330
1880.591176,0.000489
1882.519987,0.001955
1884.448799,0.003081
1886.377610,0.004086
1888.306422,0.004558
1890.235233,0.005512
1892.164045,0.006910
1894.092856,0.007707
1896.021668,0.008284
1897.950479,0.008923
1899.879290,0.009282
1901.808102,0.009399
1903.736913,0.009492
1905.665725,0.009379
1907.594536,0.009012
1909.523348,0.008722
1911.452159,0.008537
1913.380971,0.008232
1915.309782,0.007219
1917.238594,0.005747
1919.167405,0.005369
1921.096217,0.005411
1923.025028,0.004873
1924.953839,0.004624
1926.882651,0.004327
1928.811462,0.003687
1930.740274,0.003170
1932.669085,0.002724
1934.597897,0.002313
1936.526708,0.001867
1938.455520,0.001441
1940.384331,0.000715
1942.313143,-0.000063
1944.241954,-0.000032
1946.170766,0.000232
1948.099577,0.000249
1950.028388,0.000224
1951.957200,0.000119
1953.886011,-0.000000
1955.814823,-0.000063
1957.743634,-0.000042
1959.672446,-0.000061
1961.601257,-0.000103
1963.530069,-0.000195
1965.458880,-0.000455
1967.387692,-0.000532
1969.316503,-0.000269
1971.245315,-0.000148
1973.174126,-0.000238
1975.102938,-0.000257
1977.031749,-0.000189
1978.960560,-0.000130
1980.889372,-0.000148
1982.818183,-0.000175
1984.746995,-0.000225
1986.675806,-0.000306
1988.604618,-0.000351
1990.533429,-0.000588
1992.462241,-0.000727
1994.391052,-0.000400
1996.319864,-0.000161
1998.248675,-0.000194
2000.177487,-0.000203
2002.106298,-0.000220
2004.035109,-0.000266
2005.963921,-0.000289
2007.892732,-0.000267
2009.821544,-0.000202
2011.750355,-0.000128
2013.679167,-0.000163
2015.607978,-0.000394
2017.536790,-0.000510
2019.465601,-0.000316
2021.394413,-0.000183
2023.323224,-0.000181
2025.252036,-0.000091
2027.180847,-0.000064
2029.109658,-0.000182
2031.038470,-0.000257
2032.967281,-0.000246
2034.896093,-0.000240
2036.824904,-0.000264
2038.753716,-0.000291
2040.682527,-0.000301
2042.611339,-0.000260
2044.540150,-0.000211
2046.468962,-0.000183
2048.397773,-0.000134
2050.326585,-0.000129
2052.255396,-0.000145
2054.184207,-0.000110
2056.113019,-0.000111
2058.041830,-0.000178
2059.970642,-0.000218
2061.899453,-0.000234
2063.828265,-0.000337
2065.757076,-0.000393
2067.685888,-0.000265
2069.614699,-0.000155
2071.543511,-0.000127
2073.472322,-0.000139
2075.401134,-0.000191
2077.329945,-0.000189
2079.258756,-0.000165
2081.187568,-0.000141
2083.116379,-0.000097
2085.045191,-0.000067
2086.974002,-0.000036
2088.902814,-0.000054
2090.831625,-0.000088
2092.760437,-0.000053
2094.689248,-0.000056
2096.618060,-0.000095
2098.546871,-0.000100
2100.475683,-0.000108
2102.404494,-0.000079
2104.333305,-0.000045
2106.262117,-0.000042
2108.190928,-0.000002
2110.119740,0.000048
2112.048551,0.000054
2113.977363,0.000032
2115.906174,0.000084
2117.834986,0.000197
2119.763797,0.000252
2121.692609,0.000270
2123.621420,0.000220
2125.550232,0.000123
2127.479043,0.000067
2129.407854,0.000046
2131.336666,0.000029
2133.265477,0.000007
2135.194289,0.000010
2137.123100,0.000061
2139.051912,0.000061
2140.980723,-0.000046
2142.909535,-0.000154
2144.838346,-0.000144
2146.767158,-0.000069
2148.695969,-0.000021
2150.624781,-0.000002
2152.553592,-0.000016
2154.482404,-0.000021
2156.411215,0.000056
2158.340026,0.000166
2160.268838,0.000191
2162.197649,0.000176
2164.126461,0.000217
2166.055272,0.000234
2167.984084,0.000231
2169.912895,0.000287
2171.841707,0.000300
2173.770518,0.000292
2175.699330,0.000362
2177.628141,0.000443
2179.556953,0.000536
2181.485764,0.000614
2183.414575,0.000647
2185.343387,0.000762
2187.272198,0.000919
2189.201010,0.001002
2191.129821,0.001140
2193.058633,0.001389
2194.987444,0.001618
2196.916256,0.001785
2198.845067,0.001948
2200.773879,0.002155
2202.702690,0.002397
2204.631502,0.002614
2206.560313,0.002782
2208.489124,0.002858
2210.417936,0.002843
2212.346747,0.002791
2214.275559,0.002671
2216.204370,0.002443
2218.133182,0.002076
2220.061993,0.001547
2221.990805,0.001038
2223.919616,0.000929
2225.848428,0.001354
2227.777239,0.002020
2229.706051,0.002674
2231.634862,0.003228
2233.563673,0.003665
2235.492485,0.003928
2237.421296,0.003869
2239.350108,0.003648
2241.278919,0.003370
2243.207731,0.002882
2245.136542,0.002352
2247.065354,0.001890
2248.994165,0.001412
2250.922977,0.000947
2252.851788,0.000525
2254.780600,0.000252
2256.709411,0.000120
2258.638222,0.000032
2260.567034,0.000014
2262.495845,0.000028
2264.424657,0.000064
2266.353468,0.000141
2268.282280,0.000188
2270.211091,0.000180
2272.139903,0.000124
2274.068714,0.000115
2275.997526,0.000225
2277.926337,0.000325
2279.855149,0.000345
2281.783960,0.000331
2283.712771,0.000282
2285.641583,0.000222
2287.570394,0.000169
2289.499206,0.000114
2291.428017,0.000098
2293.356829,0.000102
2295.285640,0.000136
2297.214452,0.000214
2299.143263,0.000177
2301.072075,0.000034
2303.000886,-0.000016
2304.929698,-0.000045
2306.858509,-0.000117
2308.787320,-0.000007
2310.716132,0.000040
2312.644943,0.000043
2314.573755,0.000130
2316.502566,0.000153
2318.431378,0.000014
2320.360189,-0.000130
2322.289001,-0.000155
2324.217812,-0.000135
2326.146624,-0.000166
2328.075435,-0.000222
2330.004247,-0.000228
2331.933058,-0.000054
2333.861870,0.000142
2335.790681,0.000194
2337.719492,0.000352
2339.648304,0.000551
2341.577115,0.000664
2343.505927,0.000887
2345.434738,0.001300
2347.363550,0.001856
2349.292361,0.002082
2351.221173,0.001615
2353.149984,0.001011
2355.078796,0.000789
2357.007607,0.000351
2358.936419,-0.000006
2360.865230,-0.000110
2362.794041,-0.000128
2364.722853,-0.000213
2366.651664,-0.000262
2368.580476,-0.000248
2370.509287,-0.000145
2372.438099,0.000149
2374.366910,0.000477
2376.295722,0.000605
2378.224533,0.000585
2380.153345,0.000561
2382.082156,0.000512
2384.010968,0.000351
2385.939779,0.000127
2387.868590,0.000140
2389.797402,0.000174
2391.726213,0.000189
2393.655025,0.000156
2395.583836,0.000107
2397.512648,0.000133
2399.441459,0.000139
2401.370271,0.000053
2403.299082,0.000008
2405.227894,0.000046
2407.156705,0.000100
2409.085517,0.000051
2411.014328,-0.000052
2412.943139,-0.000022
2414.871951,0.000029
2416.800762,0.000003
2418.729574,0.000029
2420.658385,0.000008
2422.587197,-0.000099
2424.516008,-0.000103
2426.444820,-0.000058
2428.373631,-0.000034
2430.302443,0.000020
2432.231254,0.000018
2434.160066,-0.000020
2436.088877,-0.000029
2438.017688,-0.000033
2439.946500,-0.000007
2441.875311,-0.000007
2443.804123,-0.000044
2445.732934,-0.000030
2447.661746,-0.000038
2449.590557,-0.000034
2451.519369,0.000075
2453.448180,0.000101
2455.376992,0.000006
2457.305803,0.000030
2459.234615,0.000118
2461.163426,0.000092
2463.092237,0.000058
2465.021049,0.000086
2466.949860,0.000110
2468.878672,0.000154
2470.807483,0.000255
2472.736295,0.000363
2474.665106,0.000415
2476.593918,0.000401
2478.522729,0.000344
2480.451541,0.000366
2482.380352,0.000471
2484.309164,0.000455
2486.237975,0.000371
2488.166786,0.000319
2490.095598,0.000332
2492.024409,0.000498
2493.953221,0.000516
2495.882032,0.000365
2497.810844,0.000430
2499.739655,0.000533
2501.668467,0.000492
2503.597278,0.000514
2505.526090,0.000653
2507.454901,0.000738
2509.383713,0.000656
2511.312524,0.000573
2513.241336,0.000570
2515.170147,0.000505
2517.098958,0.000388
2519.027770,0.000321
2520.956581,0.000301
2522.885393,0.000253
2524.814204,0.000173
2526.743016,0.000162
2528.671827,0.000224
2530.600639,0.000267
2532.529450,0.000225
2534.458262,0.000092
2536.387073,0.000035
2538.315885,0.000118
2540.244696,0.000169
2542.173507,0.000143
2544.102319,0.000058
2546.031130,-0.000010
2547.959942,0.000075
2549.888753,0.000155
2551.817565,0.000077
2553.746376,0.000029
2555.675188,0.000113
2557.603999,0.000179
2559.532811,0.000175
2561.461622,0.000178
2563.390434,0.000198
2565.319245,0.000285
2567.248056,0.000362
2569.176868,0.000352
2571.105679,0.000422
2573.034491,0.000512
2574.963302,0.000521
2576.892114,0.000555
2578.820925,0.000574
2580.749737,0.000548
2582.678548,0.000508
2584.607360,0.000427
2586.536171,0.000410
2588.464983,0.000539
2590.393794,0.000659
2592.322605,0.000598
2594.251417,0.000449
2596.180228,0.000376
2598.109040,0.000325
2600.037851,0.000281
2601.966663,0.000328
2603.895474,0.000431
2605.824286,0.000504
2607.753097,0.000497
2609.681909,0.000542
2611.610720,0.000728
2613.539532,0.000929
2615.468343,0.001159
2617.397154,0.001425
2619.325966,0.001636
2621.254777,0.001788
2623.183589,0.001897
2625.112400,0.001967
2627.041212,0.002008
2628.970023,0.002014
2630.898835,0.001928
2632.827646,0.001839
2634.756458,0.001934
2636.685269,0.002129
2638.614081,0.002163
2640.542892,0.001894
2642.471703,0.001408
2644.400515,0.000875
2646.329326,0.000481
2648.258138,0.000319
2650.186949,0.000241
2652.115761,0.000154
2654.044572,0.000074
2655.973384,0.000062
2657.902195,0.000098
2659.831007,0.000013
2661.759818,-0.000077
2663.688630,-0.000022
2665.617441,0.000055
2667.546253,0.000039
2669.475064,-0.000051
2671.403875,-0.000095
2673.332687,-0.000080
2675.261498,-0.000049
2677.190310,-0.000051
2679.119121,-0.000102
2681.047933,-0.000104
2682.976744,-0.000059
2684.905556,-0.000039
2686.834367,-0.000038
2688.763179,-0.000076
2690.691990,-0.000162
2692.620802,-0.000159
2694.549613,-0.000034
2696.478424,-0.000008
2698.407236,-0.000058
2700.336047,-0.000027
2702.264859,-0.000007
2704.193670,-0.000044
2706.122482,-0.000081
2708.051293,-0.000102
2709.980105,-0.000104
2711.908916,-0.000090
2713.837728,-0.000069
2715.766539,-0.000008
2717.695351,0.000077
2719.624162,0.000059
2721.552973,-0.000016
2723.481785,-0.000071
2725.410596,-0.000125
2727.339408,-0.000073
2729.268219,0.000024
2731.197031,0.000025
2733.125842,0.000013
2735.054654,-0.000010
2736.983465,-0.000036
2738.912277,0.000030
2740.841088,0.000084
2742.769900,0.000034
2744.698711,-0.000000
2746.627522,0.000018
2748.556334,0.000032
2750.485145,-0.000011
2752.413957,-0.000066
2754.342768,-0.000033
2756.271580,-0.000019
2758.200391,-0.000081
2760.129203,-0.000105
2762.058014,-0.000071
2763.986826,0.000010
2765.915637,0.000107
2767.844449,0.000148
2769.773260,0.000077
2771.702071,-0.000066
2773.630883,-0.000179
2775.559694,-0.000191
2777.488506,-0.000085
2779.417317,0.000005
2781.346129,-0.000017
2783.274940,-0.000061
2785.203752,-0.000054
2787.132563,-0.000040
2789.061375,-0.000052
2790.990186,0.000002
2792.918998,0.000007
2794.847809,-0.000095
2796.776620,-0.000071
2798.705432,-0.000035
2800.634243,-0.000121
2802.563055,-0.000125
2804.491866,-0.000023
2806.420678,0.000045
2808.349489,-0.000016
2810.278301,-0.000106
2812.207112,-0.000052
2814.135924,0.000044
2816.064735,0.000068
2817.993547,0.000086
2819.922358,0.000099
2821.851169,0.000110
2823.779981,0.000156
2825.708792,0.000213
2827.637604,0.000287
2829.566415,0.000376
2831.495227,0.000348
2833.424038,0.000291
2835.352850,0.000395
2837.281661,0.000488
2839.210473,0.000586
2841.139284,0.000883
2843.068096,0.001132
2844.996907,0.001259
2846.925719,0.001593
2848.854530,0.002167
2850.783341,0.002793
2852.712153,0.003440
2854.640964,0.004122
2856.569776,0.004936
2858.498587,0.005990
2860.427399,0.007247
2862.356210,0.008893
2864.285022,0.011107
2866.213833,0.013572
2868.142645,0.016173
2870.071456,0.019219
2872.000268,0.022688
2873.929079,0.026417
2875.857890,0.030414
2877.786702,0.034586
2879.715513,0.038752
2881.644325,0.042688
2883.573136,0.046366
2885.501948,0.049553
2887.430759,0.051793
2889.359571,0.053140
2891.288382,0.053656
2893.217194,0.053034
2895.146005,0.050949
2897.074817,0.047744
2899.003628,0.043788
2900.932439,0.039532
2902.861251,0.034720
2904.790062,0.027708
2906.718874,0.024459
2908.647685,0.033822
2910.576497,0.050870
2912.505308,0.066014
2914.434120,0.077326
2916.362931,0.083931
2918.291743,0.085078
2920.220554,0.081309
2922.149366,0.073280
2924.078177,0.062167
2926.006988,0.049003
2927.935800,0.035432
2929.864611,0.023235
2931.793423,0.013439
2933.722234,0.006467
2935.651046,0.002314
2937.579857,0.000543
2939.508669,0.000015
2941.437480,-0.000006
2943.366292,0.000248
2945.295103,0.000482
2947.223915,0.000701
2949.152726,0.001026
2951.081537,0.001370
2953.010349,0.001708
2954.939160,0.002068
2956.867972,0.002415
2958.796783,0.002726
2960.725595,0.003008
2962.654406,0.003293
2964.583218,0.003528
2966.512029,0.003542
2968.440841,0.003416
2970.369652,0.003360
2972.298464,0.003394
2974.227275,0.003577
2976.156086,0.003827
2978.084898,0.003848
2980.013709,0.003623
2981.942521,0.003290
2983.871332,0.002778
2985.800144,0.002089
2987.728955,0.001527
2989.657767,0.001220
2991.586578,0.000998
2993.515390,0.000802
2995.444201,0.000614
2997.373013,0.000522
2999.301824,0.000591
3001.230635,0.000571
3003.159447,0.000410
3005.088258,0.000337
3007.017070,0.000372
3008.945881,0.000378
3010.874693,0.000329
3012.803504,0.000268
3014.732316,0.000186
3016.661127,0.000131
3018.589939,0.000079
3020.518750,-0.000017
3022.447562,-0.000012
3024.376373,0.000079
3026.305185,0.000079
3028.233996,-0.000033
3030.162807,-0.000076
3032.091619,0.000015
3034.020430,0.000011
3035.949242,-0.000029
3037.878053,0.000089
3039.806865,0.000188
3041.735676,0.000175
3043.664488,0.000155
3045.593299,0.000110
3047.522111,0.000087
3049.450922,0.000168
3051.379734,0.000320
3053.308545,0.000414
3055.237356,0.000408
3057.166168,0.000423
3059.094979,0.000523
3061.023791,0.000550
3062.952602,0.000419
3064.881414,0.000353
3066.810225,0.000477
3068.739037,0.000597
3070.667848,0.000609
3072.596660,0.000641
3074.525471,0.000666
3076.454283,0.000598
3078.383094,0.000532
3080.311905,0.000586
3082.240717,0.000772
3084.169528,0.000899
3086.098340,0.000946
3088.027151,0.001051
3089.955963,0.001161
3091.884774,0.001337
3093.813586,0.001499
3095.742397,0.001538
3097.671209,0.001648
3099.600020,0.001818
3101.528832,0.002033
3103.457643,0.002371
3105.386454,0.002653
3107.315266,0.002761
3109.244077,0.002846
3111.172889,0.002953
3113.101700,0.002949
3115.030512,0.002884
3116.959323,0.002842
3118.888135,0.002731
3120.816946,0.002582
3122.745758,0.002525
3124.674569,0.002446
3126.603381,0.002258
3128.532192,0.002067
3130.461003,0.001744
3132.389815,0.001408
3134.318626,0.001265
3136.247438,0.001011
3138.176249,0.000733
3140.105061,0.000584
3142.033872,0.000365
3143.962684,0.000248
3145.891495,0.000303
3147.820307,0.000378
3149.749118,0.000416
3151.677930,0.000368
3153.606741,0.000263
3155.535552,0.000156
3157.464364,0.000184
3159.393175,0.000237
3161.321987,0.000135
3163.250798,0.000172
3165.179610,0.000327
3167.108421,0.000299
3169.037233,0.000186
3170.966044,0.000075
3172.894856,0.000015
3174.823667,0.000044
3176.752479,0.000025
3178.681290,-0.000055
3180.610102,-0.000041
3182.538913,0.000038
3184.467724,0.000016
3186.396536,-0.000020
3188.325347,0.000051
3190.254159,0.000078
3192.182970,-0.000058
3194.111782,-0.000216
3196.040593,-0.000284
3197.969405,-0.000339
3199.898216,-0.000292
3201.827028,-0.000173
3203.755839,-0.000210
3205.684651,-0.000239
3207.613462,-0.000240
3209.542273,-0.000362
3211.471085,-0.000418
3213.399896,-0.000398
3215.328708,-0.000344
3217.257519,-0.000245
3219.186331,-0.000282
3221.115142,-0.000416
3223.043954,-0.000445
3224.972765,-0.000352
3226.901577,-0.000217
3228.830388,-0.000186
3230.759200,-0.000302
3232.688011,-0.000388
3234.616822,-0.000331
3236.545634,-0.000270
3238.474445,-0.000375
3240.403257,-0.000415
3242.332068,-0.000252
3244.260880,-0.000238
3246.189691,-0.000248
3248.118503,-0.000087
3250.047314,-0.000181
3251.976126,-0.000440
3253.904937,-0.000416
3255.833749,-0.000249
3257.762560,-0.000226
3259.691371,-0.000332
3261.620183,-0.000381
3263.548994,-0.000322
3265.477806,-0.000246
3267.406617,-0.000130
3269.335429,-0.000049
3271.264240,-0.000083
3273.193052,-0.000065
3275.121863,-0.000017
3277.050675,-0.000069
3278.979486,-0.000061
3280.908298,0.000074
3282.837109,0.000155
3284.765920,0.000101
3286.694732,-0.000091
3288.623543,-0.000276
3290.552355,-0.000195
3292.481166,-0.000034
3294.409978,-0.000029
3296.338789,-0.000047
3298.267601,-0.000076
3300.196412,-0.000087
3302.125224,-0.000113
3304.054035,-0.000251
3305.982847,-0.000298
3307.911658,-0.000231
3309.840469,-0.000255
3311.769281,-0.000310
3313.698092,-0.000250
3315.626904,-0.000207
3317.555715,-0.000243
3319.484527,-0.000245
3321.413338,-0.000304
3323.342150,-0.000291
3325.270961,-0.000130
3327.199773,-0.000087
3329.128584,-0.000109
3331.057396,-0.000090
3332.986207,-0.000115
3334.915018,-0.000153
3336.843830,-0.000295
3338.772641,-0.000394
3340.701453,-0.000169
3342.630264,0.000107
3344.559076,-0.000004
3346.487887,-0.000154
3348.416699,-0.000029
3350.345510,0.000052
3352.274322,0.000131
3354.203133,0.000208
3356.131945,0.000103
3358.060756,0.000118
3359.989568,0.000207
3361.918379,0.000108
3363.847190,-0.000001
3365.776002,-0.000065
3367.704813,-0.000165
3369.633625,-0.000142
3371.562436,-0.000077
3373.491248,-0.000182
3375.420059,-0.000236
3377.348871,-0.000225
3379.277682,-0.000146
3381.206494,0.000136
3383.135305,0.000294
3385.064117,0.000396
3386.992928,0.000518
3388.921739,0.000423
3390.850551,0.000302
3392.779362,0.000180
3394.708174,0.000084
3396.636985,0.000068
3398.565797,0.000070
3400.494608,0.000170
3402.423420,0.000294
3404.352231,0.000344
3406.281043,0.000280
3408.209854,0.000312
3410.138666,0.000426
3412.067477,0.000352
3413.996288,0.000275
3415.925100,0.000232
3417.853911,0.000202
3419.782723,0.000136
3421.711534,-0.000000
3423.640346,0.000068
3425.569157,0.000199
3427.497969,0.000310
3429.426780,0.000490
3431.355592,0.000537
3433.284403,0.000446
3435.213215,0.000557
3437.142026,0.000941
3439.070837,0.001046
3440.999649,0.000910
3442.928460,0.000960
3444.857272,0.001005
3446.786083,0.000931
3448.714895,0.000851
3450.643706,0.000922
3452.572518,0.000979
3454.501329,0.000856
3456.430141,0.000714
3458.358952,0.000503
3460.287764,0.000441
3462.216575,0.000585
3464.145386,0.000532
3466.074198,0.000426
3468.003009,0.000505
3469.931821,0.000510
3471.860632,0.000372
3473.789444,0.000375
3475.718255,0.000364
3477.647067,0.000236
3479.575878,0.000144
3481.504690,-0.000093
3483.433501,-0.000183
3485.362313,0.000102
3487.291124,0.000300
3489.219935,0.000361
3491.148747,0.000479
3493.077558,0.000539
3495.006370,0.000457
3496.935181,0.000418
3498.863993,0.000443
3500.792804,0.000151
3502.721616,-0.000323
3504.650427,-0.000197
3506.579239,0.000259
3508.508050,0.000212
3510.436862,0.000114
3512.365673,0.000456
3514.294484,0.000850
3516.223296,0.001105
3518.152107,0.001140
3520.080919,0.001086
3522.009730,0.001184
3523.938542,0.001331
3525.867353,0.001551
3527.796165,0.001992
3529.724976,0.002818
3531.653788,0.003730
3533.582599,0.004098
3535.511411,0.004250
3537.440222,0.004736
3539.369034,0.005091
3541.297845,0.004809
3543.226656,0.004344
3545.155468,0.004228
3547.084279,0.004476
3549.013091,0.005074
3550.941902,0.005507
3552.870714,0.005554
3554.799525,0.005896
3556.728337,0.006458
3558.657148,0.006981
3560.585960,0.007630
3562.514771,0.008156
3564.443583,0.008216
3566.372394,0.007833
3568.301205,0.008347
3570.230017,0.010073
3572.158828,0.010977
3574.087640,0.010797
3576.016451,0.010483
3577.945263,0.010049
3579.874074,0.009082
3581.802886,0.007630
3583.731697,0.006176
3585.660509,0.004523
3587.589320,0.004873
3589.518132,0.007520
3591.446943,0.006973
3593.375754,0.004481
3595.304566,0.004842
3597.233377,0.006784
3599.162189,0.008258
3601.091000,0.009201
3603.019812,0.009876
3604.948623,0.009903
3606.877435,0.008523
3608.806246,0.007145
3610.735058,0.006613
3612.663869,0.005773
3614.592681,0.005109
3616.521492,0.004457
3618.450303,0.002989
3620.379115,0.002571
3622.307926,0.003319
3624.236738,0.003403
3626.165549,0.001884
3628.094361,-0.000938
3630.023172,-0.001036
3631.951984,0.001442
3633.880795,0.002514
3635.809607,0.002937
3637.738418,0.003411
3639.667230,0.003192
3641.596041,0.002811
3643.524852,0.002343
3645.453664,0.000635
3647.382475,-0.002227
3649.311287,-0.004001
3651.240098,-0.002345
3653.168910,0.000581
3655.097721,0.001111
3657.026533,0.000925
3658.955344,0.002135
3660.884156,0.002823
3662.812967,0.002782
3664.741779,0.002583
3666.670590,0.001566
3668.599401,-0.000860
3670.528213,-0.002448
3672.457024,-0.002045
3674.385836,-0.003352
3676.314647,-0.003889
3678.243459,-0.000953
3680.172270,0.001086
3682.101082,0.001859
3684.029893,0.002134
3685.958705,0.001012
3687.887516,-0.001150
3689.816328,-0.002099
3691.745139,-0.000608
3693.673951,0.001321
3695.602762,0.002182
3697.531573,0.002333
3699.460385,0.002040
3701.389196,0.001240
3703.318008,0.001292
3705.246819,0.001983
3707.175631,0.001328
3709.104442,-0.000419
3711.033254,-0.001854
3712.962065,-0.001157
3714.890877,0.000956
3716.819688,0.001791
3718.748500,0.001617
3720.677311,0.001216
3722.606122,0.000847
3724.534934,0.000708
3726.463745,0.000745
3728.392557,0.001142
3730.321368,0.000544
3732.250180,-0.001364
3734.178991,-0.002671
3736.107803,-0.002622
3738.036614,-0.001227
3739.965426,0.000321
3741.894237,-0.000638
3743.823049,-0.003952
3745.751860,-0.004589
3747.680671,-0.003201
3749.609483,-0.004169
3751.538294,-0.004256
3753.467106,-0.001564
3755.395917,0.000485
3757.324729,0.000941
3759.253540,0.000722
3761.182352,0.001643
3763.111163,0.002505
3765.039975,0.001903
3766.968786,0.001583
3768.897598,0.001358
3770.826409,0.001392
3772.755220,0.002532
3774.684032,0.003215
3776.612843,0.002904
3778.541655,0.002003
3780.470466,0.001771
3782.399278,0.002572
3784.328089,0.002761
3786.256901,0.002801
3788.185712,0.003367
3790.114524,0.003507
3792.043335,0.003375
3793.972147,0.002841
3795.900958,0.001583
3797.829769,0.000983
3799.758581,0.000043
3801.687392,-0.001340
3803.616204,-0.000173
3805.545015,0.000635
3807.473827,0.000429
3809.402638,0.001953
3811.331450,0.003068
3813.260261,0.002232
3815.189073,0.000144
3817.117884,-0.000616
3819.046696,-0.000365
3820.975507,-0.001425
3822.904318,-0.000289
3824.833130,0.001924
3826.761941,0.002088
3828.690753,0.002135
3830.619564,0.001814
3832.548376,0.000876
3834.477187,0.000307
3836.405999,-0.000909
3838.334810,-0.001875
3840.263622,-0.000860
3842.192433,0.000540
3844.121245,0.001523
3846.050056,0.002297
3847.978867,0.002132
3849.907679,0.000494
3851.836490,-0.002917
3853.765302,-0.005393
3855.694113,-0.002678
3857.622925,0.000657
3859.551736,0.001320
3861.480548,0.000749
3863.409359,-0.000271
3865.338171,-0.000663
3867.266982,-0.000387
3869.195794,-0.001274
3871.124605,-0.001221
3873.053417,0.000096
3874.982228,0.000569
3876.911039,0.001339
3878.839851,0.001029
3880.768662,-0.000158
3882.697474,0.000265
3884.626285,-0.000128
3886.555097,-0.000620
3888.483908,0.000431
3890.412720,0.000279
3892.341531,0.000022
3894.270343,0.001131
3896.199154,0.001283
3898.127966,-0.000105
3900.056777,-0.001612
3901.985588,-0.002319
3903.914400,-0.002005
3905.843211,-0.000554
3907.772023,0.001139
3909.700834,0.001885
3911.629646,0.001812
3913.558457,0.001437
3915.487269,0.000781
3917.416080,0.000153
3919.344892,0.000247
3921.273703,0.000781
3923.202515,0.000765
3925.131326,0.000500
3927.060137,0.000642
3928.988949,0.000668
3930.917760,0.000288
3932.846572,0.000200
3934.775383,0.000715
3936.704195,0.000994
3938.633006,0.000814
3940.561818,0.000617
3942.490629,0.000292
3944.419441,0.000302
3946.348252,0.000665
3948.277064,0.000507
3950.205875,0.000130
3952.134686,0.000153
3954.063498,0.000388
3955.992309,0.000515
3957.921121,0.000521
3959.849932,0.000505
3961.778744,0.000450
3963.707555,0.000467
3965.636367,0.000493
3967.565178,0.000318
3969.493990,0.000161
3971.422801,0.000219
3973.351613,0.000267
3975.280424,0.000217
3977.209235,0.000213
3979.138047,0.000234
3981.066858,0.000206
3982.995670,0.000034
3984.924481,-0.000017
3986.853293,0.000109
3988.782104,0.000097
3990.710916,0.000060
3992.639727,0.000040
3994.568539,-0.000037
3996.497350,0.000012
3998.426162,0.000118
4000.354973,0.000238
