898.826141,0.003507
900.754953,0.001521
902.683764,-0.000118
904.612576,-0.000780
906.541387,-0.001166
908.470199,-0.002031
910.399010,-0.001126
912.327822,-0.000694
914.256633,-0.001640
916.185445,-0.001854
918.114256,-0.001105
920.043068,0.000089
921.971879,0.000151
923.900690,-0.000057
925.829502,0.000428
927.758313,0.001115
929.687125,0.001212
931.615936,0.000607
933.544748,-0.000090
935.473559,0.000059
937.402371,-0.000379
939.331182,-0.000690
941.259994,-0.000467
943.188805,-0.000870
945.117617,-0.001050
947.046428,-0.000420
948.975240,-0.000060
950.904051,-0.000181
952.832862,-0.000209
954.761674,-0.000045
956.690485,0.000443
958.619297,0.000954
960.548108,0.000748
962.476920,0.000445
964.405731,0.000304
966.334543,0.000000
968.263354,0.000321
970.192166,0.000834
972.120977,0.000555
974.049789,0.000301
975.978600,0.000369
977.907411,0.000282
979.836223,0.000055
981.765034,0.000156
983.693846,0.000237
985.622657,0.000086
987.551469,-0.000098
989.480280,-0.000282
991.409092,-0.000229
993.337903,-0.000143
995.266715,-0.000188
997.195526,-0.000085
999.124338,-0.000213
1001.053149,-0.000502
1002.981960,-0.000339
1004.910772,-0.000122
1006.839583,-0.000171
1008.768395,-0.000107
1010.697206,-0.000029
1012.626018,-0.000146
1014.554829,-0.000219
1016.483641,-0.000170
1018.412452,-0.000179
1020.341264,-0.000279
1022.270075,-0.000219
1024.198887,0.000021
1026.127698,0.000221
1028.056509,0.000359
1029.985321,0.000403
1031.914132,0.000412
1033.842944,0.000530
1035.771755,0.000790
1037.700567,0.001190
1039.629378,0.001452
1041.558190,0.001307
1043.487001,0.000916
1045.415813,0.000636
1047.344624,0.000525
1049.273436,0.000329
1051.202247,0.000109
1053.131058,-0.000015
1055.059870,-0.000111
1056.988681,-0.000049
1058.917493,0.000075
1060.846304,-0.000064
1062.775116,-0.000201
1064.703927,-0.000180
1066.632739,-0.000221
1068.561550,-0.000400
1070.490362,-0.000446
1072.419173,-0.000304
1074.347985,-0.000158
1076.276796,-0.000002
1078.205607,0.000197
1080.134419,0.000329
1082.063230,0.000341
1083.992042,0.000303
1085.920853,0.000276
1087.849665,0.000275
1089.778476,0.000290
1091.707288,0.000294
1093.636099,0.000390
1095.564911,0.000546
1097.493722,0.000519
1099.422534,0.000400
1101.351345,0.000402
1103.280156,0.000509
1105.208968,0.000591
1107.137779,0.000479
1109.066591,0.000393
1110.995402,0.000378
1112.924214,0.000314
1114.853025,0.000329
1116.781837,0.000375
1118.710648,0.000358
1120.639460,0.000322
1122.568271,0.000333
1124.497083,0.000396
1126.425894,0.000279
1128.354706,0.000136
1130.283517,0.000167
1132.212328,0.000080
1134.141140,-0.000040
1136.069951,-0.000079
1137.998763,-0.000183
1139.927574,-0.000195
1141.856386,-0.000160
1143.785197,-0.000231
1145.714009,-0.000267
1147.642820,-0.000289
1149.571632,-0.000382
1151.500443,-0.000413
1153.429255,-0.000302
1155.358066,-0.000248
1157.286877,-0.000314
1159.215689,-0.000305
1161.144500,-0.000297
1163.073312,-0.000362
1165.002123,-0.000285
1166.930935,-0.000128
1168.859746,-0.000082
1170.788558,-0.000101
1172.717369,-0.000171
1174.646181,-0.000264
1176.574992,-0.000238
1178.503804,-0.000129
1180.432615,-0.000051
1182.361426,0.000060
1184.290238,0.000149
1186.219049,0.000093
1188.147861,0.000108
1190.076672,0.000266
1192.005484,0.000334
1193.934295,0.000348
1195.863107,0.000394
1197.791918,0.000326
1199.720730,0.000141
1201.649541,0.000101
1203.578353,0.000209
1205.507164,0.000353
1207.435975,0.000517
1209.364787,0.000748
1211.293598,0.000968
1213.222410,0.001224
1215.151221,0.001666
1217.080033,0.002201
1219.008844,0.002609
1220.937656,0.003203
1222.866467,0.003804
1224.795279,0.004189
1226.724090,0.005077
1228.652902,0.006254
1230.581713,0.007493
1232.510524,0.009366
1234.439336,0.011650
1236.368147,0.014639
1238.296959,0.019110
1240.225770,0.025142
1242.154582,0.033683
1244.083393,0.045934
1246.012205,0.061682
1247.941016,0.079954
1249.869828,0.098300
1251.798639,0.112851
1253.727451,0.119612
1255.656262,0.117652
1257.585073,0.116917
1259.513885,0.127570
1261.442696,0.138019
1263.371508,0.131183
1265.300319,0.118701
1267.229131,0.119808
1269.157942,0.129557
1271.086754,0.130935
1273.015565,0.117320
1274.944377,0.094079
1276.873188,0.070701
1278.802000,0.053558
1280.730811,0.043105
1282.659622,0.036660
1284.588434,0.032491
1286.517245,0.030207
1288.446057,0.028677
1290.374868,0.027603
1292.303680,0.027056
1294.232491,0.026410
1296.161303,0.026048
1298.090114,0.026298
1300.018926,0.026989
1301.947737,0.027577
1303.876549,0.027801
1305.805360,0.028180
1307.734172,0.028726
1309.662983,0.029326
1311.591794,0.029467
1313.520606,0.029031
1315.449417,0.027964
1317.378229,0.026085
1319.307040,0.023963
1321.235852,0.021936
1323.164663,0.022636
1325.093475,0.024052
1327.022286,0.020128
1328.951098,0.015903
1330.879909,0.015705
1332.808721,0.015518
1334.737532,0.015116
1336.666343,0.014910
1338.595155,0.014199
1340.523966,0.013987
1342.452778,0.013459
1344.381589,0.011742
1346.310401,0.009521
1348.239212,0.007354
1350.168024,0.005709
1352.096835,0.004522
1354.025647,0.003354
1355.954458,0.002613
1357.883270,0.002134
1359.812081,0.000900
1361.740892,-0.000461
1363.669704,-0.000064
1365.598515,0.001072
1367.527327,0.001036
1369.456138,0.000963
1371.384950,0.000805
1373.313761,-0.000268
1375.242573,-0.000347
1377.171384,0.000647
1379.100196,0.001007
1381.029007,0.001050
1382.957819,0.001066
1384.886630,0.000323
1386.815441,-0.000829
1388.744253,-0.000170
1390.673064,0.001000
1392.601876,-0.000308
1394.530687,-0.001817
1396.459499,-0.001427
1398.388310,-0.001110
1400.317122,0.000191
1402.245933,0.001672
1404.174745,0.001459
1406.103556,0.002053
1408.032368,0.003251
1409.961179,0.003537
1411.889990,0.003747
1413.818802,0.004171
1415.747613,0.003524
1417.676425,0.000880
1419.605236,0.000860
1421.534048,0.004180
1423.462859,0.005672
1425.391671,0.006696
1427.320482,0.007623
1429.249294,0.007145
1431.178105,0.007936
1433.106917,0.008819
1435.035728,0.006357
1436.964539,0.005358
1438.893351,0.009239
1440.822162,0.011717
1442.750974,0.012143
1444.679785,0.012098
1446.608597,0.011283
1448.537408,0.011513
1450.466220,0.012578
1452.395031,0.012657
1454.323843,0.009774
1456.252654,0.004356
1458.181466,0.005850
1460.110277,0.012453
1462.039089,0.014327
1463.967900,0.012612
1465.896711,0.013261
1467.825523,0.015756
1469.754334,0.014354
1471.683146,0.010093
1473.611957,0.009909
1475.540769,0.012988
1477.469580,0.015667
1479.398392,0.017055
1481.327203,0.017315
1483.256015,0.017475
1485.184826,0.016557
1487.113638,0.014025
1489.042449,0.011918
1490.971260,0.013278
1492.900072,0.015648
1494.828883,0.013917
1496.757695,0.011209
1498.686506,0.012182
1500.615318,0.014133
1502.544129,0.013942
1504.472941,0.007948
1506.401752,0.000753
1508.330564,0.004547
1510.259375,0.009718
1512.188187,0.011117
1514.116998,0.010492
1516.045809,0.008205
1517.974621,0.006769
1519.903432,0.004707
1521.832244,0.003546
1523.761055,0.006569
1525.689867,0.008285
1527.618678,0.009546
1529.547490,0.011688
1531.476301,0.010212
1533.405113,0.007978
1535.333924,0.009888
1537.262736,0.008096
1539.191547,0.000661
1541.120358,0.000335
1543.049170,0.005612
1544.977981,0.010032
1546.906793,0.013567
1548.835604,0.014793
1550.764416,0.015574
1552.693227,0.015911
1554.622039,0.015914
1556.550850,0.013977
1558.479662,0.011458
1560.408473,0.023814
1562.337285,0.039658
1564.266096,0.050454
1566.194907,0.062402
1568.123719,0.075285
1570.052530,0.094548
1571.981342,0.121844
1573.910153,0.147912
1575.838965,0.182282
1577.767776,0.230568
1579.696588,0.280641
1581.625399,0.334600
1583.554211,0.391528
1585.483022,0.451348
1587.411834,0.516459
1589.340645,0.587105
1591.269456,0.662288
1593.198268,0.728440
1595.127079,0.772053
1597.055891,0.789923
1598.984702,0.791808
1600.913514,0.774940
1602.842325,0.749003
1604.771137,0.730006
1606.699948,0.707015
1608.628760,0.677969
1610.557571,0.626786
1612.486383,0.562497
1614.415194,0.490824
1616.344005,0.425784
1618.272817,0.485434
1620.201628,0.678204
1622.130440,0.878967
1624.059251,0.997615
1625.988063,1.074766
1627.916874,1.119797
1629.845686,1.107153
1631.774497,1.019296
1633.703309,0.892314
1635.632120,0.738592
1637.560932,0.609679
1639.489743,0.507113
1641.418555,0.399144
1643.347366,0.300396
1645.276177,0.214004
1647.204989,0.135987
1649.133800,0.086098
1651.062612,0.049432
1652.991423,0.014710
1654.920235,0.006050
1656.849046,0.007771
1658.777858,0.005366
1660.706669,0.001797
1662.635481,-0.000697
1664.564292,0.000651
1666.493104,0.001234
1668.421915,-0.001830
1670.350726,-0.001000
1672.279538,0.002476
1674.208349,0.003393
1676.137161,0.006712
1678.065972,0.012415
1679.994784,0.015420
1681.923595,0.014449
1683.852407,0.012984
1685.781218,0.019453
1687.710030,0.026104
1689.638841,0.027807
1691.567653,0.029213
1693.496464,0.026306
1695.425275,0.023865
1697.354087,0.031330
1699.282898,0.031490
1701.211710,0.024794
1703.140521,0.027273
1705.069333,0.031599
1706.998144,0.035423
1708.926956,0.042347
1710.855767,0.050608
1712.784579,0.053634
1714.713390,0.050752
1716.642202,0.049454
1718.571013,0.054295
1720.499824,0.061561
1722.428636,0.065816
1724.357447,0.068427
1726.286259,0.071280
1728.215070,0.073899
1730.143882,0.078056
1732.072693,0.081206
1734.001505,0.088515
1735.930316,0.104760
1737.859128,0.116782
1739.787939,0.124523
1741.716751,0.131461
1743.645562,0.134470
1745.574373,0.132839
1747.503185,0.128756
1749.431996,0.124721
1751.360808,0.125040
1753.289619,0.128704
1755.218431,0.129165
1757.147242,0.126349
1759.076054,0.119641
1761.004865,0.104139
1762.933677,0.084905
1764.862488,0.069107
1766.791300,0.052628
1768.720111,0.037466
1770.648922,0.025671
1772.577734,0.017232
1774.506545,0.015190
1776.435357,0.014346
1778.364168,0.012150
1780.292980,0.010698
1782.221791,0.010493
1784.150603,0.010402
1786.079414,0.010579
1788.008226,0.011167
1789.937037,0.009457
1791.865849,0.006751
1793.794660,0.007486
1795.723471,0.009228
1797.652283,0.008802
1799.581094,0.007143
1801.509906,0.006633
1803.438717,0.007756
1805.367529,0.008566
1807.296340,0.008192
1809.225152,0.007157
1811.153963,0.006598
1813.082775,0.006979
1815.011586,0.006993
1816.940398,0.006460
1818.869209,0.006243
1820.798021,0.006168
1822.726832,0.005070
1824.655643,0.003756
1826.584455,0.003826
1828.513266,0.003311
1830.442078,0.003023
1832.370889,0.004899
1834.299701,0.006070
1836.228512,0.005940
1838.157324,0.006171
1840.086135,0.006368
1842.014947,0.004833
1843.943758,0.002947
1845.872570,0.004130
1847.801381,0.005960
1849.730192,0.006418
1851.659004,0.006622
1853.587815,0.006552
1855.516627,0.006257
1857.445438,0.005886
1859.374250,0.005570
1861.303061,0.005165
1863.231873,0.004474
1865.160684,0.003352
1867.089496,0.001153
1869.018307,-0.000273
1870.947119,0.000587
1872.875930,0.002495
1874.804741,0.004349
1876.733553,0.003790
1878.662364,0.001809
1880.591176,0.001805
1882.519987,0.002738
1884.448799,0.003488
1886.377610,0.004125
1888.306422,0.004121
1890.235233,0.004714
1892.164045,0.005934
1894.092856,0.006498
1896.021668,0.006966
1897.950479,0.007586
1899.879290,0.007845
1901.808102,0.007852
1903.736913,0.007848
1905.665725,0.007727
1907.594536,0.007384
1909.523348,0.007128
1911.452159,0.007058
1913.380971,0.006876
1915.309782,0.005861
1917.238594,0.004312
1919.167405,0.004069
1921.096217,0.004315
1923.025028,0.003846
1924.953839,0.003811
1926.882651,0.003826
1928.811462,0.003344
1930.740274,0.002877
1932.669085,0.002438
1934.597897,0.002069
1936.526708,0.001798
1938.455520,0.001532
1940.384331,0.000766
1942.313143,-0.000080
1944.241954,0.000065
1946.170766,0.000471
1948.099577,0.000531
1950.028388,0.000527
1951.957200,0.000430
1953.886011,0.000284
1955.814823,0.000222
1957.743634,0.000271
1959.672446,0.000265
1961.601257,0.000172
1963.530069,0.000002
1965.458880,-0.000327
1967.387692,-0.000371
1969.316503,-0.000020
1971.245315,0.000100
1973.174126,0.000051
1975.102938,0.000107
1977.031749,0.000103
1978.960560,0.000117
1980.889372,0.000152
1982.818183,0.000154
1984.746995,0.000090
1986.675806,-0.000089
1988.604618,-0.000230
1990.533429,-0.000467
1992.462241,-0.000514
1994.391052,-0.000065
1996.319864,0.000161
1998.248675,0.000027
2000.177487,0.000032
2002.106298,0.000122
2004.035109,0.000104
2005.963921,0.000045
2007.892732,0.000068
2009.821544,0.000083
2011.750355,0.000075
2013.679167,0.000036
2015.607978,-0.000170
2017.536790,-0.000236
2019.465601,-0.000009
2021.394413,0.000132
2023.323224,0.000167
2025.252036,0.000204
2027.180847,0.000174
2029.109658,0.000107
2031.038470,0.000063
2032.967281,0.000090
2034.896093,0.000128
2036.824904,0.000097
2038.753716,0.000018
2040.682527,-0.000029
2042.611339,0.000027
2044.540150,0.000101
2046.468962,0.000171
2048.397773,0.000227
2050.326585,0.000193
2052.255396,0.000200
2054.184207,0.000266
2056.113019,0.000246
2058.041830,0.000158
2059.970642,0.000067
2061.899453,0.000004
2063.828265,-0.000072
2065.757076,-0.000111
2067.685888,-0.000048
2069.614699,0.000041
2071.543511,0.000081
2073.472322,0.000074
2075.401134,0.000053
2077.329945,0.000006
2079.258756,-0.000059
2081.187568,-0.000054
2083.116379,-0.000020
2085.045191,-0.000002
2086.974002,-0.000008
2088.902814,-0.000066
2090.831625,-0.000054
2092.760437,-0.000010
2094.689248,-0.000047
2096.618060,-0.000040
2098.546871,-0.000005
2100.475683,-0.000021
2102.404494,0.000001
2104.333305,0.000015
2106.262117,-0.000068
2108.190928,-0.000114
2110.119740,-0.000056
2112.048551,-0.000038
2113.977363,-0.000065
2115.906174,-0.000008
2117.834986,0.000056
2119.763797,0.000008
2121.692609,-0.000018
2123.621420,0.000047
2125.550232,0.000037
2127.479043,-0.000080
2129.407854,-0.000167
2131.336666,-0.000191
2133.265477,-0.000188
2135.194289,-0.000203
2137.123100,-0.000227
2139.051912,-0.000209
2140.980723,-0.000255
2142.909535,-0.000341
2144.838346,-0.000311
2146.767158,-0.000262
2148.695969,-0.000249
2150.624781,-0.000201
2152.553592,-0.000169
2154.482404,-0.000152
2156.411215,-0.000112
2158.340026,-0.000048
2160.268838,0.000041
2162.197649,0.000100
2164.126461,0.000120
2166.055272,0.000137
2167.984084,0.000129
2169.912895,0.000113
2171.841707,0.000134
2173.770518,0.000200
2175.699330,0.000335
2177.628141,0.000471
2179.556953,0.000551
2181.485764,0.000656
2183.414575,0.000760
2185.343387,0.000813
2187.272198,0.000923
2189.201010,0.001143
2191.129821,0.001424
2193.058633,0.001672
2194.987444,0.001859
2196.916256,0.002104
2198.845067,0.002403
2200.773879,0.002625
2202.702690,0.002797
2204.631502,0.002969
2206.560313,0.003165
2208.489124,0.003390
2210.417936,0.003495
2212.346747,0.003426
2214.275559,0.003236
2216.204370,0.002920
2218.133182,0.002529
2220.061993,0.001978
2221.990805,0.001323
2223.919616,0.001167
2225.848428,0.001723
2227.777239,0.002464
2229.706051,0.003159
2231.634862,0.003876
2233.563673,0.004453
2235.492485,0.004732
2237.421296,0.004691
2239.350108,0.004426
2241.278919,0.004068
2243.207731,0.003586
2245.136542,0.002955
2247.065354,0.002253
2248.994165,0.001614
2250.922977,0.001109
2252.851788,0.000665
2254.780600,0.000307
2256.709411,0.000113
2258.638222,0.000066
2260.567034,0.000060
2262.495845,0.000010
2264.424657,0.000041
2266.353468,0.000109
2268.282280,0.000105
2270.211091,0.000122
2272.139903,0.000102
2274.068714,0.000049
2275.997526,0.000057
2277.926337,0.000118
2279.855149,0.000227
2281.783960,0.000256
2283.712771,0.000200
2285.641583,0.000204
2287.570394,0.000202
2289.499206,0.000135
2291.428017,0.000103
2293.356829,0.000095
2295.285640,0.000091
2297.214452,0.000178
2299.143263,0.000258
2301.072075,0.000219
2303.000886,0.000163
2304.929698,0.000098
2306.858509,0.000048
2308.787320,0.000085
2310.716132,0.000082
2312.644943,0.000071
2314.573755,0.000065
2316.502566,-0.000030
2318.431378,-0.000226
2320.360189,-0.000355
2322.289001,-0.000389
2324.217812,-0.000379
2326.146624,-0.000355
2328.075435,-0.000363
2330.004247,-0.000318
2331.933058,-0.000181
2333.861870,-0.000105
2335.790681,-0.000095
2337.719492,-0.000051
2339.648304,0.000026
2341.577115,0.000176
2343.505927,0.000377
2345.434738,0.000590
2347.363550,0.000863
2349.292361,0.000952
2351.221173,0.000599
2353.149984,0.000092
2355.078796,-0.000163
2357.007607,-0.000185
2358.936419,-0.000054
2360.865230,-0.000055
2362.794041,-0.000066
2364.722853,-0.000149
2366.651664,-0.000275
2368.580476,-0.000245
2370.509287,-0.000046
2372.438099,0.000089
2374.366910,0.000154
2376.295722,0.000257
2378.224533,0.000323
2380.153345,0.000250
2382.082156,0.000095
2384.010968,0.000105
2385.939779,0.000145
2387.868590,0.000152
2389.797402,0.000149
2391.726213,0.000163
2393.655025,0.000123
2395.583836,0.000126
2397.512648,0.000208
2399.441459,0.000149
2401.370271,0.000072
2403.299082,0.000108
2405.227894,0.000030
2407.156705,-0.000062
2409.085517,-0.000067
2411.014328,-0.000107
2412.943139,-0.000089
2414.871951,0.000001
2416.800762,0.000070
2418.729574,0.000106
2420.658385,0.000108
2422.587197,0.000071
2424.516008,-0.000022
2426.444820,-0.000096
2428.373631,-0.000096
2430.302443,-0.000085
2432.231254,-0.000132
2434.160066,-0.000169
2436.088877,-0.000079
2438.017688,0.000014
2439.946500,-0.000003
2441.875311,-0.000023
2443.804123,-0.000008
2445.732934,-0.000016
2447.661746,0.000010
2449.590557,0.000050
2451.519369,0.000029
2453.448180,0.000083
2455.376992,0.000122
2457.305803,0.000066
2459.234615,0.000115
2461.163426,0.000117
2463.092237,0.000033
2465.021049,0.000064
2466.949860,0.000113
2468.878672,0.000169
2470.807483,0.000278
2472.736295,0.000368
2474.665106,0.000406
2476.593918,0.000407
2478.522729,0.000421
2480.451541,0.000475
2482.380352,0.000483
2484.309164,0.000386
2486.237975,0.000347
2488.166786,0.000402
2490.095598,0.000469
2492.024409,0.000564
2493.953221,0.000529
2495.882032,0.000391
2497.810844,0.000418
2499.739655,0.000486
2501.668467,0.000513
2503.597278,0.000647
2505.526090,0.000747
2507.454901,0.000719
2509.383713,0.000651
2511.312524,0.000575
2513.241336,0.000535
2515.170147,0.000467
2517.098958,0.000407
2519.027770,0.000422
2520.956581,0.000372
2522.885393,0.000311
2524.814204,0.000330
2526.743016,0.000350
2528.671827,0.000340
2530.600639,0.000271
2532.529450,0.000197
2534.458262,0.000155
2536.387073,0.000167
2538.315885,0.000208
2540.244696,0.000165
2542.173507,0.000124
2544.102319,0.000131
2546.031130,0.000142
2547.959942,0.000180
2549.888753,0.000150
2551.817565,0.000085
2553.746376,0.000101
2555.675188,0.000168
2557.603999,0.000237
2559.532811,0.000242
2561.461622,0.000154
2563.390434,0.000114
2565.319245,0.000266
2567.248056,0.000419
2569.176868,0.000419
2571.105679,0.000434
2573.034491,0.000493
2574.963302,0.000539
2576.892114,0.000543
2578.820925,0.000519
2580.749737,0.000561
2582.678548,0.000545
2584.607360,0.000456
2586.536171,0.000504
2588.464983,0.000612
2590.393794,0.000636
2592.322605,0.000580
2594.251417,0.000464
2596.180228,0.000341
2598.109040,0.000286
2600.037851,0.000334
2601.966663,0.000394
2603.895474,0.000416
2605.824286,0.000450
2607.753097,0.000464
2609.681909,0.000498
2611.610720,0.000620
2613.539532,0.000829
2615.468343,0.001083
2617.397154,0.001246
2619.325966,0.001342
2621.254777,0.001486
2623.183589,0.001613
2625.112400,0.001684
2627.041212,0.001714
2628.970023,0.001704
2630.898835,0.001664
2632.827646,0.001600
2634.756458,0.001631
2636.685269,0.001779
2638.614081,0.001754
2640.542892,0.001433
2642.471703,0.001004
2644.400515,0.000619
2646.329326,0.000371
2648.258138,0.000221
2650.186949,0.000127
2652.115761,0.000113
2654.044572,0.000047
2655.973384,-0.000013
2657.902195,0.000009
2659.831007,-0.000027
2661.759818,-0.000036
2663.688630,0.000033
2665.617441,0.000064
2667.546253,0.000046
2669.475064,-0.000028
2671.403875,-0.000005
2673.332687,0.000118
2675.261498,0.000090
2677.190310,-0.000032
2679.119121,-0.000094
2681.047933,-0.000071
2682.976744,-0.000029
2684.905556,-0.000048
2686.834367,-0.000049
2688.763179,-0.000038
2690.691990,-0.000062
2692.620802,-0.000043
2694.549613,0.000023
2696.478424,0.000052
2698.407236,0.000033
2700.336047,0.000026
2702.264859,0.000029
2704.193670,0.000008
2706.122482,-0.000019
2708.051293,-0.000019
2709.980105,0.000004
2711.908916,0.000007
2713.837728,-0.000003
2715.766539,-0.000006
2717.695351,0.000004
2719.624162,-0.000008
2721.552973,-0.000081
2723.481785,-0.000153
2725.410596,-0.000174
2727.339408,-0.000148
2729.268219,-0.000085
2731.197031,0.000028
2733.125842,0.000113
2735.054654,0.000078
2736.983465,0.000101
2738.912277,0.000216
2740.841088,0.000170
2742.769900,0.000007
2744.698711,-0.000015
2746.627522,0.000093
2748.556334,0.000090
2750.485145,-0.000013
2752.413957,-0.000027
2754.342768,0.000004
2756.271580,0.000020
2758.200391,0.000057
2760.129203,0.000100
2762.058014,0.000108
2763.986826,0.000126
2765.915637,0.000213
2767.844449,0.000233
2769.773260,0.000084
2771.702071,-0.000092
2773.630883,-0.000132
2775.559694,-0.000064
2777.488506,-0.000033
2779.417317,-0.000016
2781.346129,0.000031
2783.274940,0.000062
2785.203752,0.000065
2787.132563,0.000019
2789.061375,0.000020
2790.990186,0.000099
2792.918998,0.000113
2794.847809,0.000122
2796.776620,0.000207
2798.705432,0.000164
2800.634243,0.000018
2802.563055,-0.000014
2804.491866,-0.000006
2806.420678,0.000020
2808.349489,0.000069
2810.278301,0.000058
2812.207112,0.000084
2814.135924,0.000135
2816.064735,0.000200
2817.993547,0.000283
2819.922358,0.000219
2821.851169,0.000125
2823.779981,0.000166
2825.708792,0.000237
2827.637604,0.000294
2829.566415,0.000361
2831.495227,0.000397
2833.424038,0.000454
2835.352850,0.000574
2837.281661,0.000665
2839.210473,0.000725
2841.139284,0.000843
2843.068096,0.001032
2844.996907,0.001259
2846.925719,0.001570
2848.854530,0.001983
2850.783341,0.002418
2852.712153,0.002985
2854.640964,0.003744
2856.569776,0.004640
2858.498587,0.005715
2860.427399,0.006926
2862.356210,0.008388
2864.285022,0.010284
2866.213833,0.012518
2868.142645,0.014979
2870.071456,0.017695
2872.000268,0.020718
2873.929079,0.024055
2875.857890,0.027705
2877.786702,0.031611
2879.715513,0.035520
2881.644325,0.039184
2883.573136,0.042609
2885.501948,0.045530
2887.430759,0.047526
2889.359571,0.048644
2891.288382,0.049117
2893.217194,0.048712
2895.146005,0.046801
2897.074817,0.043761
2899.003628,0.040131
2900.932439,0.036205
2902.861251,0.031794
2904.790062,0.025456
2906.718874,0.022596
2908.647685,0.031290
2910.576497,0.046914
2912.505308,0.060647
2914.434120,0.070826
2916.362931,0.076814
2918.291743,0.077833
2920.220554,0.074293
2922.149366,0.067020
2924.078177,0.056960
2926.006988,0.044923
2927.935800,0.032565
2929.864611,0.021382
2931.793423,0.012359
2933.722234,0.006114
2935.651046,0.002400
2937.579857,0.000627
2939.508669,0.000052
2941.437480,-0.000005
2943.366292,0.000179
2945.295103,0.000463
2947.223915,0.000673
2949.152726,0.000866
2951.081537,0.001111
2953.010349,0.001427
2954.939160,0.001783
2956.867972,0.002066
2958.796783,0.002363
2960.725595,0.002690
2962.654406,0.002922
2964.583218,0.003117
2966.512029,0.003199
2968.440841,0.003068
2970.369652,0.002925
2972.298464,0.002964
2974.227275,0.003142
2976.156086,0.003321
2978.084898,0.003351
2980.013709,0.003187
2981.942521,0.002904
2983.871332,0.002462
2985.800144,0.001916
2987.728955,0.001468
2989.657767,0.001181
2991.586578,0.001037
2993.515390,0.000883
2995.444201,0.000629
2997.373013,0.000501
2999.301824,0.000571
3001.230635,0.000599
3003.159447,0.000514
3005.088258,0.000443
3007.017070,0.000380
3008.945881,0.000308
3010.874693,0.000341
3012.803504,0.000404
3014.732316,0.000319
3016.661127,0.000146
3018.589939,0.000013
3020.518750,-0.000065
3022.447562,-0.000129
3024.376373,-0.000139
3026.305185,-0.000104
3028.233996,-0.000191
3030.162807,-0.000266
3032.091619,-0.000198
3034.020430,-0.000158
3035.949242,-0.000089
3037.878053,-0.000013
3039.806865,-0.000037
3041.735676,-0.000005
3043.664488,-0.000002
3045.593299,-0.000115
3047.522111,-0.000197
3049.450922,-0.000203
3051.379734,-0.000105
3053.308545,-0.000072
3055.237356,-0.000166
3057.166168,-0.000146
3059.094979,-0.000109
3061.023791,-0.000193
3062.952602,-0.000262
3064.881414,-0.000268
3066.810225,-0.000217
3068.739037,-0.000192
3070.667848,-0.000213
3072.596660,-0.000197
3074.525471,-0.000230
3076.454283,-0.000313
3078.383094,-0.000386
3080.311905,-0.000449
3082.240717,-0.000368
3084.169528,-0.000259
3086.098340,-0.000102
3088.027151,0.000096
3089.955963,0.000210
3091.884774,0.000352
3093.813586,0.000495
3095.742397,0.000545
3097.671209,0.000723
3099.600020,0.000937
3101.528832,0.001066
3103.457643,0.001397
3105.386454,0.001682
3107.315266,0.001678
3109.244077,0.001858
3111.172889,0.002105
3113.101700,0.002026
3115.030512,0.001912
3116.959323,0.001865
3118.888135,0.001806
3120.816946,0.001817
3122.745758,0.001839
3124.674569,0.001846
3126.603381,0.001801
3128.532192,0.001596
3130.461003,0.001249
3132.389815,0.001004
3134.318626,0.000929
3136.247438,0.000749
3138.176249,0.000598
3140.105061,0.000634
3142.033872,0.000548
3143.962684,0.000418
3145.891495,0.000401
3147.820307,0.000296
3149.749118,0.000216
3151.677930,0.000316
3153.606741,0.000371
3155.535552,0.000325
3157.464364,0.000380
3159.393175,0.000470
3161.321987,0.000416
3163.250798,0.000379
3165.179610,0.000495
3167.108421,0.000615
3169.037233,0.000576
3170.966044,0.000438
3172.894856,0.000407
3174.823667,0.000402
3176.752479,0.000305
3178.681290,0.000290
3180.610102,0.000364
3182.538913,0.000367
3184.467724,0.000340
3186.396536,0.000420
3188.325347,0.000562
3190.254159,0.000570
3192.182970,0.000307
3194.111782,0.000042
3196.040593,-0.000012
3197.969405,0.000019
3199.898216,0.000072
3201.827028,0.000084
3203.755839,0.000115
3205.684651,0.000222
3207.613462,0.000112
3209.542273,-0.000077
3211.471085,-0.000090
3213.399896,-0.000161
3215.328708,-0.000189
3217.257519,-0.000106
3219.186331,-0.000180
3221.115142,-0.000233
3223.043954,-0.000099
3224.972765,0.000009
3226.901577,0.000050
3228.830388,-0.000002
3230.759200,-0.000156
3232.688011,-0.000262
3234.616822,-0.000263
3236.545634,-0.000167
3238.474445,-0.000066
3240.403257,0.000002
3242.332068,-0.000062
3244.260880,-0.000275
3246.189691,-0.000278
3248.118503,-0.000120
3250.047314,-0.000072
3251.976126,-0.000144
3253.904937,-0.000229
3255.833749,-0.000236
3257.762560,-0.000310
3259.691371,-0.000266
3261.620183,-0.000040
3263.548994,0.000058
3265.477806,0.000138
3267.406617,0.000173
3269.335429,0.000092
3271.264240,0.000061
3273.193052,-0.000051
3275.121863,-0.000214
3277.050675,-0.000211
3278.979486,-0.000108
3280.908298,-0.000020
3282.837109,0.000049
3284.765920,0.000134
3286.694732,0.000170
3288.623543,0.000064
3290.552355,-0.000045
3292.481166,-0.000050
3294.409978,0.000044
3296.338789,0.000181
3298.267601,0.000178
3300.196412,0.000103
3302.125224,0.000098
3304.054035,0.000056
3305.982847,-0.000038
3307.911658,-0.000085
3309.840469,-0.000130
3311.769281,-0.000143
3313.698092,-0.000036
3315.626904,0.000035
3317.555715,0.000068
3319.484527,0.000108
3321.413338,0.000080
3323.342150,0.000124
3325.270961,0.000150
3327.199773,0.000123
3329.128584,0.000182
3331.057396,0.000164
3332.986207,0.000087
3334.915018,0.000020
3336.843830,0.000015
3338.772641,0.000194
3340.701453,0.000394
3342.630264,0.000527
3344.559076,0.000557
3346.487887,0.000586
3348.416699,0.000745
3350.345510,0.000748
3352.274322,0.000677
3354.203133,0.000821
3356.131945,0.000716
3358.060756,0.000521
3359.989568,0.000553
3361.918379,0.000440
3363.847190,0.000210
3365.776002,0.000104
3367.704813,0.000023
3369.633625,0.000058
3371.562436,0.000020
3373.491248,-0.000210
3375.420059,-0.000196
3377.348871,-0.000125
3379.277682,-0.000160
3381.206494,0.000003
3383.135305,0.000200
3385.064117,0.000256
3386.992928,0.000194
3388.921739,0.000058
3390.850551,-0.000114
3392.779362,-0.000171
3394.708174,-0.000034
3396.636985,-0.000066
3398.565797,-0.000189
3400.494608,-0.000155
3402.423420,-0.000094
3404.352231,-0.000036
3406.281043,-0.000015
3408.209854,0.000000
3410.138666,-0.000057
3412.067477,-0.000194
3413.996288,-0.000187
3415.925100,-0.000160
3417.853911,-0.000237
3419.782723,-0.000270
3421.711534,-0.000275
3423.640346,-0.000294
3425.569157,-0.000170
3427.497969,0.000081
3429.426780,0.000265
3431.355592,0.000220
3433.284403,-0.000007
3435.213215,0.000100
3437.142026,0.000461
3439.070837,0.000466
3440.999649,0.000426
3442.928460,0.000500
3444.857272,0.000349
3446.786083,0.000256
3448.714895,0.000326
3450.643706,0.000368
3452.572518,0.000457
3454.501329,0.000494
3456.430141,0.000451
3458.358952,0.000382
3460.287764,0.000286
3462.216575,0.000326
3464.145386,0.000376
3466.074198,0.000423
3468.003009,0.000611
3469.931821,0.000481
3471.860632,0.000008
3473.789444,-0.000191
3475.718255,0.000016
3477.647067,0.000245
3479.575878,0.000060
3481.504690,-0.000284
3483.433501,-0.000105
3485.362313,0.000414
3487.291124,0.000598
3489.219935,0.000451
3491.148747,0.000371
3493.077558,0.000452
3495.006370,0.000565
3496.935181,0.000597
3498.863993,0.000542
3500.792804,0.000258
3502.721616,-0.000087
3504.650427,0.000077
3506.579239,0.000258
3508.508050,0.000020
3510.436862,0.000121
3512.365673,0.000603
3514.294484,0.000963
3516.223296,0.001184
3518.152107,0.001272
3520.080919,0.001316
3522.009730,0.001315
3523.938542,0.001364
3525.867353,0.001794
3527.796165,0.002391
3529.724976,0.003052
3531.653788,0.003907
3533.582599,0.004445
3535.511411,0.004612
3537.440222,0.004896
3539.369034,0.005174
3541.297845,0.005161
3543.226656,0.004862
3545.155468,0.004511
3547.084279,0.004539
3549.013091,0.005031
3550.941902,0.005409
3552.870714,0.005634
3554.799525,0.006267
3556.728337,0.006840
3558.657148,0.007101
3560.585960,0.007525
3562.514771,0.007802
3564.443583,0.007504
3566.372394,0.006864
3568.301205,0.007309
3570.230017,0.009114
3572.158828,0.010105
3574.087640,0.009901
3576.016451,0.009530
3577.945263,0.009164
3579.874074,0.008437
3581.802886,0.007110
3583.731697,0.005644
3585.660509,0.004050
3587.589320,0.003920
3589.518132,0.005999
3591.446943,0.006136
3593.375754,0.004395
3595.304566,0.004449
3597.233377,0.006017
3599.162189,0.007469
3601.091000,0.008465
3603.019812,0.009129
3604.948623,0.009013
3606.877435,0.007586
3608.806246,0.006297
3610.735058,0.005965
3612.663869,0.005293
3614.592681,0.004750
3616.521492,0.004305
3618.450303,0.002944
3620.379115,0.002845
3622.307926,0.004174
3624.236738,0.004646
3626.165549,0.003143
3628.094361,-0.000227
3630.023172,-0.000521
3631.951984,0.002760
3633.880795,0.004404
3635.809607,0.004899
3637.738418,0.005606
3639.667230,0.005667
3641.596041,0.005291
3643.524852,0.004675
3645.453664,0.002662
3647.382475,-0.000540
3649.311287,-0.002384
3651.240098,-0.000396
3653.168910,0.003082
3655.097721,0.003849
3657.026533,0.003750
3658.955344,0.005403
3660.884156,0.006481
3662.812967,0.006553
3664.741779,0.006394
3666.670590,0.005204
3668.599401,0.002112
3670.528213,0.000017
3672.457024,0.000662
3674.385836,-0.000635
3676.314647,-0.001111
3678.243459,0.002591
3680.172270,0.005147
3682.101082,0.005963
3684.029893,0.006082
3685.958705,0.004672
3687.887516,0.002078
3689.816328,0.000980
3691.745139,0.003015
3693.673951,0.005479
3695.602762,0.006520
3697.531573,0.006666
3699.460385,0.006168
3701.389196,0.005209
3703.318008,0.005347
3705.246819,0.006113
3707.175631,0.005217
3709.104442,0.002973
3711.033254,0.001160
3712.962065,0.001976
3714.890877,0.004650
3716.819688,0.005894
3718.748500,0.005627
3720.677311,0.004909
3722.606122,0.004442
3724.534934,0.004388
3726.463745,0.004485
3728.392557,0.004842
3730.321368,0.003885
3732.250180,0.001360
3734.178991,-0.000321
3736.107803,-0.000189
3738.036614,0.001510
3739.965426,0.003227
3741.894237,0.001982
3743.823049,-0.002016
3745.751860,-0.002789
3747.680671,-0.001051
3749.609483,-0.002206
3751.538294,-0.002505
3753.467106,0.000707
3755.395917,0.003351
3757.324729,0.003855
3759.253540,0.003334
3761.182352,0.004303
3763.111163,0.005451
3765.039975,0.004850
3766.968786,0.004328
3768.897598,0.003901
3770.826409,0.004016
3772.755220,0.005563
3774.684032,0.006413
3776.612843,0.005911
3778.541655,0.004815
3780.470466,0.004581
3782.399278,0.005529
3784.328089,0.005782
3786.256901,0.005823
3788.185712,0.006369
3790.114524,0.006282
3792.043335,0.006014
3793.972147,0.005472
3795.900958,0.003896
3797.829769,0.003027
3799.758581,0.001817
3801.687392,0.000034
3803.616204,0.001397
3805.545015,0.002396
3807.473827,0.002179
3809.402638,0.004024
3811.331450,0.005357
3813.260261,0.004303
3815.189073,0.001464
3817.117884,0.000293
3819.046696,0.000805
3820.975507,-0.000425
3822.904318,0.000768
3824.833130,0.003512
3826.761941,0.003877
3828.690753,0.003953
3830.619564,0.003456
3832.548376,0.002186
3834.477187,0.001434
3836.405999,-0.000031
3838.334810,-0.001127
3840.263622,0.000117
3842.192433,0.001919
3844.121245,0.003182
3846.050056,0.004053
3847.978867,0.003914
3849.907679,0.002126
3851.836490,-0.001985
3853.765302,-0.005126
3855.694113,-0.001912
3857.622925,0.002229
3859.551736,0.003083
3861.480548,0.002251
3863.409359,0.000940
3865.338171,0.000553
3867.266982,0.000888
3869.195794,-0.000246
3871.124605,-0.000383
3873.053417,0.001078
3874.982228,0.001844
3876.911039,0.002824
3878.839851,0.002259
3880.768662,0.000644
3882.697474,0.001048
3884.626285,0.000685
3886.555097,0.000284
3888.483908,0.001690
3890.412720,0.001544
3892.341531,0.000996
3894.270343,0.002113
3896.199154,0.002232
3898.127966,0.000463
3900.056777,-0.001285
3901.985588,-0.001953
3903.914400,-0.001593
3905.843211,0.000088
3907.772023,0.002166
3909.700834,0.003127
3911.629646,0.003056
3913.558457,0.002495
3915.487269,0.001441
3917.416080,0.000533
3919.344892,0.000734
3921.273703,0.001398
3923.202515,0.001392
3925.131326,0.001184
3927.060137,0.001360
3928.988949,0.001334
3930.917760,0.000793
3932.846572,0.000590
3934.775383,0.001234
3936.704195,0.001688
3938.633006,0.001540
3940.561818,0.001202
3942.490629,0.000680
3944.419441,0.000619
3946.348252,0.000951
3948.277064,0.000735
3950.205875,0.000403
3952.134686,0.000464
3954.063498,0.000567
3955.992309,0.000634
3957.921121,0.000826
3959.849932,0.000901
3961.778744,0.000664
3963.707555,0.000537
3965.636367,0.000557
3967.565178,0.000410
3969.493990,0.000289
3971.422801,0.000199
3973.351613,-0.000031
3975.280424,-0.000140
3977.209235,0.000002
3979.138047,0.000227
3981.066858,0.000237
3982.995670,0.000089
3984.924481,0.000065
3986.853293,0.000164
3988.782104,0.000088
3990.710916,-0.000000
3992.639727,0.000019
3994.568539,-0.000006
3996.497350,0.000117
3998.426162,0.000227
4000.354973,0.000164
