898.826141,0.000840
900.754953,0.001072
902.683764,0.000990
904.612576,0.000769
906.541387,0.000315
908.470199,0.000141
910.399010,0.000456
912.327822,0.000343
914.256633,-0.000240
916.185445,-0.000617
918.114256,-0.000365
920.043068,-0.000038
921.971879,-0.000076
923.900690,0.000319
925.829502,0.000702
927.758313,0.000735
929.687125,0.000742
931.615936,0.000116
933.544748,-0.000287
935.473559,0.000180
937.402371,0.000629
939.331182,0.001012
941.259994,0.000792
943.188805,-0.000208
945.117617,-0.000464
947.046428,0.000068
948.975240,0.000139
950.904051,-0.000117
952.832862,0.000015
954.761674,0.000138
956.690485,0.000009
958.619297,0.000076
960.548108,0.000119
962.476920,0.000091
964.405731,0.000181
966.334543,0.000111
968.263354,0.000240
970.192166,0.000454
972.120977,0.000124
974.049789,-0.000154
975.978600,-0.000011
977.907411,0.000050
979.836223,0.000005
981.765034,0.000151
983.693846,0.000336
985.622657,0.000298
987.551469,0.000167
989.480280,0.000027
991.409092,0.000006
993.337903,0.000166
995.266715,0.000245
997.195526,0.000156
999.124338,0.000002
1001.053149,-0.000030
1002.981960,0.000126
1004.910772,0.000193
1006.839583,0.000054
1008.768395,-0.000015
1010.697206,0.000143
1012.626018,0.000188
1014.554829,0.000014
1016.483641,-0.000060
1018.412452,-0.000066
1020.341264,-0.000045
1022.270075,0.000014
1024.198887,-0.000068
1026.127698,-0.000110
1028.056509,0.000015
1029.985321,0.000014
1031.914132,-0.000156
1033.842944,-0.000226
1035.771755,-0.000107
1037.700567,0.000017
1039.629378,0.000009
1041.558190,-0.000099
1043.487001,-0.000196
1045.415813,-0.000153
1047.344624,-0.000035
1049.273436,-0.000014
1051.202247,-0.000085
1053.131058,-0.000141
1055.059870,-0.000111
1056.988681,-0.000026
1058.917493,0.000005
1060.846304,-0.000019
1062.775116,-0.000002
1064.703927,0.000038
1066.632739,0.000051
1068.561550,0.000088
1070.490362,0.000116
1072.419173,0.000095
1074.347985,0.000095
1076.276796,0.000138
1078.205607,0.000188
1080.134419,0.000225
1082.063230,0.000260
1083.992042,0.000243
1085.920853,0.000142
1087.849665,0.000101
1089.778476,0.000166
1091.707288,0.000181
1093.636099,0.000183
1095.564911,0.000218
1097.493722,0.000182
1099.422534,0.000087
1101.351345,0.000017
1103.280156,-0.000001
1105.208968,-0.000031
1107.137779,-0.000060
1109.066591,0.000016
1110.995402,0.000066
1112.924214,0.000028
1114.853025,0.000030
1116.781837,0.000040
1118.710648,0.000038
1120.639460,0.000004
1122.568271,-0.000058
1124.497083,-0.000025
1126.425894,0.000043
1128.354706,0.000070
1130.283517,0.000086
1132.212328,0.000039
1134.141140,0.000007
1136.069951,0.000024
1137.998763,-0.000014
1139.927574,-0.000043
1141.856386,-0.000040
1143.785197,-0.000054
1145.714009,-0.000032
1147.642820,0.000006
1149.571632,-0.000040
1151.500443,-0.000127
1153.429255,-0.000117
1155.358066,-0.000093
1157.286877,-0.000135
1159.215689,-0.000108
1161.144500,-0.000092
1163.073312,-0.000143
1165.002123,-0.000136
1166.930935,-0.000103
1168.859746,-0.000055
1170.788558,-0.000013
1172.717369,-0.000052
1174.646181,-0.000089
1176.574992,-0.000081
1178.503804,-0.000025
1180.432615,0.000015
1182.361426,-0.000041
1184.290238,-0.000081
1186.219049,-0.000113
1188.147861,-0.000126
1190.076672,-0.000019
1192.005484,0.000005
1193.934295,-0.000071
1195.863107,-0.000074
1197.791918,-0.000086
1199.720730,-0.000142
1201.649541,-0.000183
1203.578353,-0.000211
1205.507164,-0.000167
1207.435975,-0.000090
1209.364787,-0.000099
1211.293598,-0.000142
1213.222410,-0.000134
1215.151221,-0.000085
1217.080033,-0.000042
1219.008844,0.000039
1220.937656,0.000246
1222.866467,0.000353
1224.795279,0.000332
1226.724090,0.000521
1228.652902,0.000801
1230.581713,0.001047
1232.510524,0.001442
1234.439336,0.001841
1236.368147,0.002214
1238.296959,0.002773
1240.225770,0.003340
1242.154582,0.003939
1244.083393,0.004678
1246.012205,0.005354
1247.941016,0.006005
1249.869828,0.006598
1251.798639,0.006922
1253.727451,0.006588
1255.656262,0.005801
1257.585073,0.005190
1259.513885,0.004859
1261.442696,0.006168
1263.371508,0.008081
1265.300319,0.007176
1267.229131,0.005609
1269.157942,0.006053
1271.086754,0.006809
1273.015565,0.007017
1274.944377,0.006827
1276.873188,0.006257
1278.802000,0.005636
1280.730811,0.005027
1282.659622,0.004329
1284.588434,0.003601
1286.517245,0.003021
1288.446057,0.002409
1290.374868,0.001838
1292.303680,0.001441
1294.232491,0.000960
1296.161303,0.000631
1298.090114,0.000514
1300.018926,0.000340
1301.947737,0.000249
1303.876549,0.000237
1305.805360,0.000156
1307.734172,0.000097
1309.662983,0.000118
1311.591794,0.000164
1313.520606,0.000186
1315.449417,0.000134
1317.378229,0.000035
1319.307040,-0.000023
1321.235852,-0.000005
1323.164663,0.000067
1325.093475,0.000085
1327.022286,0.000040
1328.951098,0.000125
1330.879909,0.000264
1332.808721,0.000206
1334.737532,0.000183
1336.666343,0.000367
1338.595155,0.000474
1340.523966,0.000477
1342.452778,0.000418
1344.381589,0.000315
1346.310401,0.000335
1348.239212,0.000399
1350.168024,0.000433
1352.096835,0.000360
1354.025647,0.000103
1355.954458,-0.000021
1357.883270,0.000012
1359.812081,0.000013
1361.740892,0.000081
1363.669704,0.000057
1365.598515,-0.000078
1367.527327,-0.000091
1369.456138,-0.000071
1371.384950,-0.000032
1373.313761,0.000055
1375.242573,-0.000037
1377.171384,-0.000106
1379.100196,0.000058
1381.029007,0.000178
1382.957819,0.000214
1384.886630,0.000353
1386.815441,0.000433
1388.744253,0.000436
1390.673064,0.000611
1392.601876,0.000835
1394.530687,0.000853
1396.459499,0.000744
1398.388310,0.000653
1400.317122,0.000617
1402.245933,0.000700
1404.174745,0.000719
1406.103556,0.000557
1408.032368,0.000418
1409.961179,0.000364
1411.889990,0.000330
1413.818802,0.000280
1415.747613,0.000276
1417.676425,0.000375
1419.605236,0.000459
1421.534048,0.000370
1423.462859,0.000294
1425.391671,0.000297
1427.320482,0.000280
1429.249294,0.000276
1431.178105,0.000319
1433.106917,0.000373
1435.035728,0.000471
1436.964539,0.000401
1438.893351,0.000151
1440.822162,0.000140
1442.750974,0.000244
1444.679785,0.000201
1446.608597,0.000272
1448.537408,0.000384
1450.466220,0.000280
1452.395031,0.000264
1454.323843,0.000454
1456.252654,0.000720
1458.181466,0.000737
1460.110277,0.000454
1462.039089,0.000325
1463.967900,0.000385
1465.896711,0.000406
1467.825523,0.000414
1469.754334,0.000545
1471.683146,0.000744
1473.611957,0.000746
1475.540769,0.000561
1477.469580,0.000409
1479.398392,0.000232
1481.327203,0.000180
1483.256015,0.000155
1485.184826,0.000090
1487.113638,0.000065
1489.042449,0.000103
1490.971260,0.000071
1492.900072,-0.000011
1494.828883,0.000083
1496.757695,0.000258
1498.686506,0.000241
1500.615318,0.000169
1502.544129,0.000153
1504.472941,0.000341
1506.401752,0.000666
1508.330564,0.000558
1510.259375,0.000322
1512.188187,0.000220
1514.116998,0.000238
1516.045809,0.000337
1517.974621,0.000350
1519.903432,0.000315
1521.832244,0.000270
1523.761055,0.000193
1525.689867,0.000140
1527.618678,0.000054
1529.547490,-0.000054
1531.476301,-0.000055
1533.405113,-0.000022
1535.333924,-0.000096
1537.262736,0.000006
1539.191547,0.000333
1541.120358,0.000351
1543.049170,0.000171
1544.977981,0.000045
1546.906793,-0.000025
1548.835604,0.000125
1550.764416,0.000391
1552.693227,0.000685
1554.622039,0.001150
1556.550850,0.001823
1558.479662,0.002915
1560.408473,0.003959
1562.337285,0.004784
1564.266096,0.006255
1566.194907,0.008368
1568.123719,0.010898
1570.052530,0.014402
1571.981342,0.018455
1573.910153,0.023044
1575.838965,0.029832
1577.767776,0.037879
1579.696588,0.046158
1581.625399,0.056161
1583.554211,0.067606
1585.483022,0.080280
1587.411834,0.094066
1589.340645,0.108558
1591.269456,0.123249
1593.198268,0.136707
1595.127079,0.148168
1597.055891,0.156610
1598.984702,0.161709
1600.913514,0.162941
1602.842325,0.160115
1604.771137,0.154273
1606.699948,0.145371
1608.628760,0.134447
1610.557571,0.120968
1612.486383,0.107009
1614.415194,0.092737
1616.344005,0.078479
1618.272817,0.089364
1620.201628,0.126432
1622.130440,0.167043
1624.059251,0.197463
1625.988063,0.213533
1627.916874,0.220105
1629.845686,0.216445
1631.774497,0.202307
1633.703309,0.182083
1635.632120,0.153736
1637.560932,0.124877
1639.489743,0.101374
1641.418555,0.077045
1643.347366,0.055576
1645.276177,0.039256
1647.204989,0.024618
1649.133800,0.014810
1651.062612,0.009396
1652.991423,0.004959
1654.920235,0.002013
1656.849046,0.000859
1658.777858,0.000361
1660.706669,0.000180
1662.635481,0.000098
1664.564292,-0.000074
1666.493104,-0.000067
1668.421915,0.000093
1670.350726,0.000163
1672.279538,0.000241
1674.208349,0.000603
1676.137161,0.000988
1678.065972,0.001310
1679.994784,0.001765
1681.923595,0.002315
1683.852407,0.002812
1685.781218,0.002632
1687.710030,0.002173
1689.638841,0.001720
1691.567653,0.001186
1693.496464,0.000678
1695.425275,0.001029
1697.354087,0.003234
1699.282898,0.003970
1701.211710,0.001181
1703.140521,-0.000205
1705.069333,0.000577
1706.998144,0.001550
1708.926956,0.002454
1710.855767,0.003192
1712.784579,0.003608
1714.713390,0.003878
1716.642202,0.003883
1718.571013,0.003396
1720.499824,0.002716
1722.428636,0.002251
1724.357447,0.001858
1726.286259,0.001487
1728.215070,0.001284
1730.143882,0.001233
1732.072693,0.001440
1734.001505,0.001723
1735.930316,0.001690
1737.859128,0.001771
1739.787939,0.002095
1741.716751,0.002316
1743.645562,0.002426
1745.574373,0.002480
1747.503185,0.002505
1749.431996,0.002591
1751.360808,0.002609
1753.289619,0.002582
1755.218431,0.002629
1757.147242,0.002618
1759.076054,0.002497
1761.004865,0.002200
1762.933677,0.001620
1764.862488,0.001137
1766.791300,0.000828
1768.720111,0.000548
1770.648922,0.000416
1772.577734,0.000299
1774.506545,0.000109
1776.435357,-0.000061
1778.364168,-0.000101
1780.292980,-0.000080
1782.221791,-0.000008
1784.150603,0.000081
1786.079414,0.000048
1788.008226,0.000025
1789.937037,0.000171
1791.865849,0.000235
1793.794660,0.000158
1795.723471,0.000187
1797.652283,0.000327
1799.581094,0.000435
1801.509906,0.000477
1803.438717,0.000584
1805.367529,0.000801
1807.296340,0.001045
1809.225152,0.001261
1811.153963,0.001491
1813.082775,0.001779
1815.011586,0.002085
1816.940398,0.002404
1818.869209,0.002761
1820.798021,0.003100
1822.726832,0.003504
1824.655643,0.004021
1826.584455,0.004492
1828.513266,0.004889
1830.442078,0.005141
1832.370889,0.005367
1834.299701,0.005750
1836.228512,0.006169
1838.157324,0.006560
1840.086135,0.006933
1842.014947,0.007569
1843.943758,0.008213
1845.872570,0.008117
1847.801381,0.007762
1849.730192,0.007631
1851.659004,0.007557
1853.587815,0.007414
1855.516627,0.007131
1857.445438,0.006714
1859.374250,0.006306
1861.303061,0.005690
1863.231873,0.004815
1865.160684,0.003898
1867.089496,0.002881
1869.018307,0.001761
1870.947119,0.000449
1872.875930,0.001276
1874.804741,0.004167
1876.733553,0.003148
1878.662364,-0.000252
1880.591176,-0.000119
1882.519987,0.001658
1884.448799,0.003158
1886.377610,0.004718
1888.306422,0.006118
1890.235233,0.007414
1892.164045,0.008389
1894.092856,0.009312
1896.021668,0.010110
1897.950479,0.010579
1899.879290,0.010930
1901.808102,0.011160
1903.736913,0.011349
1905.665725,0.011383
1907.594536,0.011272
1909.523348,0.011022
1911.452159,0.010541
1913.380971,0.010023
1915.309782,0.009383
1917.238594,0.008535
1919.167405,0.007851
1921.096217,0.007369
1923.025028,0.006723
1924.953839,0.005948
1926.882651,0.005178
1928.811462,0.004422
1930.740274,0.003789
1932.669085,0.003261
1934.597897,0.002757
1936.526708,0.002263
1938.455520,0.001838
1940.384331,0.001532
1942.313143,0.001257
1944.241954,0.000938
1946.170766,0.000657
1948.099577,0.000484
1950.028388,0.000369
1951.957200,0.000317
1953.886011,0.000321
1955.814823,0.000323
1957.743634,0.000263
1959.672446,0.000215
1961.601257,0.000184
1963.530069,0.000138
1965.458880,0.000128
1967.387692,0.000142
1969.316503,0.000094
1971.245315,0.000046
1973.174126,0.000014
1975.102938,-0.000016
1977.031749,0.000024
1978.960560,0.000081
1980.889372,0.000064
1982.818183,0.000048
1984.746995,0.000066
1986.675806,0.000058
1988.604618,0.000051
1990.533429,0.000077
1992.462241,0.000103
1994.391052,0.000118
1996.319864,0.000098
1998.248675,0.000038
2000.177487,0.000034
2002.106298,0.000085
2004.035109,0.000089
2005.963921,0.000074
2007.892732,0.000075
2009.821544,0.000076
2011.750355,0.000078
2013.679167,0.000074
2015.607978,0.000054
2017.536790,0.000020
2019.465601,0.000029
2021.394413,0.000088
2023.323224,0.000125
2025.252036,0.000112
2027.180847,0.000102
2029.109658,0.000090
2031.038470,0.000045
2032.967281,0.000055
2034.896093,0.000102
2036.824904,0.000089
2038.753716,0.000039
2040.682527,-0.000015
2042.611339,-0.000015
2044.540150,0.000041
2046.468962,0.000078
2048.397773,0.000096
2050.326585,0.000102
2052.255396,0.000129
2054.184207,0.000171
2056.113019,0.000149
2058.041830,0.000085
2059.970642,0.000059
2061.899453,0.000065
2063.828265,0.000039
2065.757076,0.000013
2067.685888,0.000023
2069.614699,-0.000001
2071.543511,-0.000007
2073.472322,0.000032
2075.401134,0.000009
2077.329945,-0.000019
2079.258756,-0.000006
2081.187568,0.000010
2083.116379,0.000031
2085.045191,0.000043
2086.974002,0.000047
2088.902814,0.000035
2090.831625,0.000027
2092.760437,0.000044
2094.689248,0.000046
2096.618060,0.000038
2098.546871,0.000033
2100.475683,0.000016
2102.404494,0.000006
2104.333305,-0.000001
2106.262117,-0.000018
2108.190928,-0.000015
2110.119740,0.000015
2112.048551,-0.000001
2113.977363,-0.000045
2115.906174,-0.000007
2117.834986,0.000034
2119.763797,-0.000008
2121.692609,-0.000034
2123.621420,-0.000015
2125.550232,-0.000025
2127.479043,-0.000070
2129.407854,-0.000074
2131.336666,-0.000046
2133.265477,-0.000047
2135.194289,-0.000048
2137.123100,-0.000015
2139.051912,0.000021
2140.980723,-0.000030
2142.909535,-0.000137
2144.838346,-0.000142
2146.767158,-0.000080
2148.695969,-0.000060
2150.624781,-0.000057
2152.553592,-0.000056
2154.482404,-0.000069
2156.411215,-0.000058
2158.340026,-0.000031
2160.268838,-0.000030
2162.197649,-0.000028
2164.126461,0.000012
2166.055272,0.000047
2167.984084,0.000019
2169.912895,-0.000018
2171.841707,-0.000001
2173.770518,-0.000011
2175.699330,-0.000049
2177.628141,-0.000047
2179.556953,-0.000030
2181.485764,-0.000005
2183.414575,0.000011
2185.343387,0.000036
2187.272198,0.000082
2189.201010,0.000088
2191.129821,0.000090
2193.058633,0.000104
2194.987444,0.000111
2196.916256,0.000160
2198.845067,0.000202
2200.773879,0.000205
2202.702690,0.000212
2204.631502,0.000203
2206.560313,0.000219
2208.489124,0.000289
2210.417936,0.000307
2212.346747,0.000236
2214.275559,0.000173
2216.204370,0.000152
2218.133182,0.000128
2220.061993,0.000066
2221.990805,-0.000029
2223.919616,-0.000037
2225.848428,0.000068
2227.777239,0.000151
2229.706051,0.000224
2231.634862,0.000313
2233.563673,0.000374
2235.492485,0.000419
2237.421296,0.000400
2239.350108,0.000340
2241.278919,0.000314
2243.207731,0.000278
2245.136542,0.000200
2247.065354,0.000107
2248.994165,0.000018
2250.922977,-0.000049
2252.851788,-0.000111
2254.780600,-0.000190
2256.709411,-0.000240
2258.638222,-0.000237
2260.567034,-0.000227
2262.495845,-0.000230
2264.424657,-0.000218
2266.353468,-0.000192
2268.282280,-0.000190
2270.211091,-0.000227
2272.139903,-0.000270
2274.068714,-0.000243
2275.997526,-0.000157
2277.926337,-0.000147
2279.855149,-0.000191
2281.783960,-0.000183
2283.712771,-0.000167
2285.641583,-0.000183
2287.570394,-0.000212
2289.499206,-0.000246
2291.428017,-0.000283
2293.356829,-0.000321
2295.285640,-0.000324
2297.214452,-0.000296
2299.143263,-0.000294
2301.072075,-0.000321
2303.000886,-0.000228
2304.929698,-0.000192
2306.858509,-0.000123
2308.787320,0.000030
2310.716132,0.000119
2312.644943,0.000105
2314.573755,0.000124
2316.502566,0.000131
2318.431378,0.000060
2320.360189,0.000029
2322.289001,0.000066
2324.217812,0.000108
2326.146624,0.000146
2328.075435,0.000122
2330.004247,0.000078
2331.933058,0.000105
2333.861870,0.000237
2335.790681,0.000311
2337.719492,0.000345
2339.648304,0.000433
2341.577115,0.000514
2343.505927,0.000778
2345.434738,0.001298
2347.363550,0.001818
2349.292361,0.002051
2351.221173,0.001741
2353.149984,0.001172
2355.078796,0.000832
2357.007607,0.000670
2358.936419,0.000354
2360.865230,0.000170
2362.794041,-0.000082
2364.722853,-0.000251
2366.651664,-0.000304
2368.580476,-0.000301
2370.509287,-0.000133
2372.438099,0.000087
2374.366910,0.000171
2376.295722,0.000220
2378.224533,0.000326
2380.153345,0.000368
2382.082156,0.000222
2384.010968,-0.000026
2385.939779,0.000006
2387.868590,0.000045
2389.797402,0.000072
2391.726213,0.000083
2393.655025,0.000033
2395.583836,0.000003
2397.512648,0.000036
2399.441459,0.000040
2401.370271,0.000012
2403.299082,0.000008
2405.227894,0.000016
2407.156705,0.000040
2409.085517,0.000041
2411.014328,-0.000002
2412.943139,0.000022
2414.871951,0.000081
2416.800762,0.000102
2418.729574,0.000100
2420.658385,0.000054
2422.587197,0.000013
2424.516008,0.000029
2426.444820,0.000039
2428.373631,0.000016
2430.302443,0.000013
2432.231254,0.000040
2434.160066,0.000056
2436.088877,0.000058
2438.017688,0.000066
2439.946500,0.000088
2441.875311,0.000076
2443.804123,0.000048
2445.732934,0.000075
2447.661746,0.000086
2449.590557,0.000078
2451.519369,0.000143
2453.448180,0.000176
2455.376992,0.000081
2457.305803,0.000035
2459.234615,0.000090
2461.163426,0.000067
2463.092237,0.000003
2465.021049,-0.000010
2466.949860,-0.000007
2468.878672,0.000048
2470.807483,0.000131
2472.736295,0.000162
2474.665106,0.000147
2476.593918,0.000114
2478.522729,0.000095
2480.451541,0.000116
2482.380352,0.000138
2484.309164,0.000114
2486.237975,0.000070
2488.166786,0.000051
2490.095598,0.000035
2492.024409,0.000015
2493.953221,0.000011
2495.882032,0.000004
2497.810844,0.000040
2499.739655,0.000086
2501.668467,0.000039
2503.597278,0.000038
2505.526090,0.000148
2507.454901,0.000187
2509.383713,0.000110
2511.312524,0.000043
2513.241336,0.000085
2515.170147,0.000141
2517.098958,0.000089
2519.027770,0.000035
2520.956581,0.000009
2522.885393,-0.000032
2524.814204,0.000006
2526.743016,0.000083
2528.671827,0.000072
2530.600639,0.000009
2532.529450,-0.000033
2534.458262,-0.000017
2536.387073,0.000023
2538.315885,0.000017
2540.244696,-0.000022
2542.173507,-0.000060
2544.102319,-0.000077
2546.031130,-0.000049
2547.959942,0.000003
2549.888753,0.000021
2551.817565,-0.000010
2553.746376,-0.000049
2555.675188,-0.000046
2557.603999,-0.000018
2559.532811,-0.000016
2561.461622,-0.000037
2563.390434,-0.000045
2565.319245,-0.000008
2567.248056,0.000028
2569.176868,-0.000012
2571.105679,-0.000054
2573.034491,-0.000013
2574.963302,0.000047
2576.892114,0.000077
2578.820925,0.000071
2580.749737,0.000036
2582.678548,0.000028
2584.607360,0.000037
2586.536171,0.000017
2588.464983,0.000013
2590.393794,0.000034
2592.322605,0.000028
2594.251417,-0.000005
2596.180228,-0.000037
2598.109040,-0.000059
2600.037851,-0.000078
2601.966663,-0.000070
2603.895474,0.000007
2605.824286,0.000067
2607.753097,0.000033
2609.681909,-0.000005
2611.610720,-0.000002
2613.539532,0.000010
2615.468343,0.000016
2617.397154,0.000015
2619.325966,-0.000006
2621.254777,-0.000030
2623.183589,0.000002
2625.112400,0.000034
2627.041212,-0.000007
2628.970023,-0.000018
2630.898835,-0.000021
2632.827646,-0.000077
2634.756458,-0.000050
2636.685269,0.000052
2638.614081,0.000084
2640.542892,0.000031
2642.471703,-0.000057
2644.400515,-0.000092
2646.329326,-0.000069
2648.258138,-0.000066
2650.186949,-0.000049
2652.115761,-0.000020
2654.044572,-0.000046
2655.973384,-0.000070
2657.902195,-0.000087
2659.831007,-0.000153
2661.759818,-0.000154
2663.688630,-0.000019
2665.617441,0.000088
2667.546253,0.000045
2669.475064,-0.000057
2671.403875,-0.000090
2673.332687,-0.000069
2675.261498,-0.000066
2677.190310,-0.000074
2679.119121,-0.000080
2681.047933,-0.000071
2682.976744,-0.000027
2684.905556,-0.000015
2686.834367,-0.000052
2688.763179,-0.000074
2690.691990,-0.000110
2692.620802,-0.000124
2694.549613,-0.000048
2696.478424,-0.000022
2698.407236,-0.000087
2700.336047,-0.000116
2702.264859,-0.000078
2704.193670,-0.000046
2706.122482,-0.000085
2708.051293,-0.000083
2709.980105,-0.000039
2711.908916,-0.000081
2713.837728,-0.000091
2715.766539,-0.000043
2717.695351,-0.000056
2719.624162,-0.000104
2721.552973,-0.000108
2723.481785,-0.000081
2725.410596,-0.000093
2727.339408,-0.000078
2729.268219,-0.000031
2731.197031,-0.000068
2733.125842,-0.000093
2735.054654,-0.000034
2736.983465,-0.000024
2738.912277,-0.000040
2740.841088,-0.000009
2742.769900,-0.000034
2744.698711,-0.000092
2746.627522,-0.000090
2748.556334,-0.000119
2750.485145,-0.000192
2752.413957,-0.000180
2754.342768,-0.000089
2756.271580,-0.000073
2758.200391,-0.000128
2760.129203,-0.000107
2762.058014,-0.000031
2763.986826,0.000031
2765.915637,0.000077
2767.844449,0.000082
2769.773260,0.000026
2771.702071,-0.000069
2773.630883,-0.000115
2775.559694,-0.000105
2777.488506,-0.000079
2779.417317,-0.000057
2781.346129,-0.000055
2783.274940,-0.000037
2785.203752,-0.000026
2787.132563,-0.000041
2789.061375,-0.000024
2790.990186,0.000011
2792.918998,-0.000005
2794.847809,-0.000054
2796.776620,-0.000078
2798.705432,-0.000140
2800.634243,-0.000176
2802.563055,-0.000090
2804.491866,-0.000034
2806.420678,-0.000058
2808.349489,-0.000094
2810.278301,-0.000068
2812.207112,0.000048
2814.135924,0.000055
2816.064735,-0.000017
2817.993547,0.000002
2819.922358,-0.000015
2821.851169,-0.000085
2823.779981,-0.000058
2825.708792,-0.000017
2827.637604,-0.000031
2829.566415,-0.000018
2831.495227,-0.000012
2833.424038,-0.000039
2835.352850,-0.000006
2837.281661,0.000039
2839.210473,0.000021
2841.139284,0.000053
2843.068096,0.000118
2844.996907,0.000113
2846.925719,0.000164
2848.854530,0.000296
2850.783341,0.000379
2852.712153,0.000439
2854.640964,0.000502
2856.569776,0.000626
2858.498587,0.000876
2860.427399,0.001086
2862.356210,0.001258
2864.285022,0.001608
2866.213833,0.002045
2868.142645,0.002407
2870.071456,0.002762
2872.000268,0.003327
2873.929079,0.004130
2875.857890,0.004760
2877.786702,0.005205
2879.715513,0.005846
2881.644325,0.006545
2883.573136,0.007126
2885.501948,0.007608
2887.430759,0.007921
2889.359571,0.008138
2891.288382,0.008297
2893.217194,0.008256
2895.146005,0.007926
2897.074817,0.007380
2899.003628,0.006711
2900.932439,0.006006
2902.861251,0.005199
2904.790062,0.004098
2906.718874,0.003671
2908.647685,0.005182
2910.576497,0.007825
2912.505308,0.010242
2914.434120,0.012052
2916.362931,0.013068
2918.291743,0.013278
2920.220554,0.012720
2922.149366,0.011481
2924.078177,0.009750
2926.006988,0.007644
2927.935800,0.005495
2929.864611,0.003573
2931.793423,0.001999
2933.722234,0.000893
2935.651046,0.000232
2937.579857,-0.000120
2939.508669,-0.000263
2941.437480,-0.000128
2943.366292,0.000058
2945.295103,-0.000037
2947.223915,-0.000134
2949.152726,-0.000049
2951.081537,0.000015
2953.010349,0.000014
2954.939160,0.000027
2956.867972,0.000056
2958.796783,0.000046
2960.725595,0.000023
2962.654406,0.000064
2964.583218,0.000144
2966.512029,0.000162
2968.440841,0.000092
2970.369652,0.000048
2972.298464,0.000066
2974.227275,0.000064
2976.156086,0.000052
2978.084898,0.000059
2980.013709,0.000099
2981.942521,0.000198
2983.871332,0.000223
2985.800144,0.000120
2987.728955,0.000088
2989.657767,0.000165
2991.586578,0.000184
2993.515390,0.000143
2995.444201,0.000160
2997.373013,0.000198
2999.301824,0.000196
3001.230635,0.000227
3003.159447,0.000221
3005.088258,0.000139
3007.017070,0.000182
3008.945881,0.000267
3010.874693,0.000251
3012.803504,0.000219
3014.732316,0.000192
3016.661127,0.000120
3018.589939,0.000049
3020.518750,0.000024
3022.447562,0.000076
3024.376373,0.000131
3026.305185,0.000122
3028.233996,0.000060
3030.162807,0.000022
3032.091619,0.000059
3034.020430,0.000049
3035.949242,0.000007
3037.878053,0.000029
3039.806865,0.000014
3041.735676,-0.000017
3043.664488,-0.000043
3045.593299,-0.000109
3047.522111,-0.000123
3049.450922,-0.000087
3051.379734,-0.000066
3053.308545,-0.000060
3055.237356,-0.000050
3057.166168,-0.000009
3059.094979,-0.000016
3061.023791,-0.000073
3062.952602,-0.000030
3064.881414,0.000042
3066.810225,0.000003
3068.739037,-0.000133
3070.667848,-0.000244
3072.596660,-0.000193
3074.525471,-0.000088
3076.454283,-0.000078
3078.383094,-0.000148
3080.311905,-0.000217
3082.240717,-0.000185
3084.169528,-0.000129
3086.098340,-0.000092
3088.027151,-0.000082
3089.955963,-0.000145
3091.884774,-0.000111
3093.813586,-0.000059
3095.742397,-0.000107
3097.671209,-0.000076
3099.600020,-0.000075
3101.528832,-0.000162
3103.457643,-0.000150
3105.386454,-0.000119
3107.315266,-0.000129
3109.244077,-0.000086
3111.172889,-0.000057
3113.101700,-0.000124
3115.030512,-0.000174
3116.959323,-0.000127
3118.888135,-0.000103
3120.816946,-0.000120
3122.745758,-0.000095
3124.674569,-0.000099
3126.603381,-0.000108
3128.532192,-0.000056
3130.461003,-0.000079
3132.389815,-0.000103
3134.318626,-0.000082
3136.247438,-0.000170
3138.176249,-0.000177
3140.105061,-0.000106
3142.033872,-0.000185
3143.962684,-0.000213
3145.891495,-0.000155
3147.820307,-0.000110
3149.749118,-0.000009
3151.677930,0.000009
3153.606741,-0.000093
3155.535552,-0.000121
3157.464364,-0.000055
3159.393175,-0.000057
3161.321987,-0.000138
3163.250798,-0.000111
3165.179610,0.000020
3167.108421,0.000070
3169.037233,0.000015
3170.966044,-0.000030
3172.894856,-0.000017
3174.823667,0.000032
3176.752479,0.000067
3178.681290,0.000033
3180.610102,0.000042
3182.538913,0.000096
3184.467724,0.000011
3186.396536,-0.000036
3188.325347,0.000114
3190.254159,0.000200
3192.182970,0.000107
3194.111782,0.000079
3196.040593,0.000158
3197.969405,0.000135
3199.898216,0.000091
3201.827028,0.000132
3203.755839,0.000155
3205.684651,0.000170
3207.613462,0.000227
3209.542273,0.000305
3211.471085,0.000295
3213.399896,0.000205
3215.328708,0.000210
3217.257519,0.000263
3219.186331,0.000231
3221.115142,0.000165
3223.043954,0.000191
3224.972765,0.000309
3226.901577,0.000333
3228.830388,0.000188
3230.759200,0.000112
3232.688011,0.000252
3234.616822,0.000355
3236.545634,0.000299
3238.474445,0.000201
3240.403257,0.000155
3242.332068,0.000235
3244.260880,0.000264
3246.189691,0.000247
3248.118503,0.000390
3250.047314,0.000389
3251.976126,0.000171
3253.904937,0.000154
3255.833749,0.000262
3257.762560,0.000214
3259.691371,0.000155
3261.620183,0.000218
3263.548994,0.000208
3265.477806,0.000103
3267.406617,0.000110
3269.335429,0.000160
3271.264240,0.000142
3273.193052,0.000087
3275.121863,0.000045
3277.050675,0.000105
3278.979486,0.000161
3280.908298,0.000178
3282.837109,0.000239
3284.765920,0.000196
3286.694732,0.000058
3288.623543,-0.000015
3290.552355,0.000002
3292.481166,0.000053
3294.409978,0.000095
3296.338789,0.000127
3298.267601,0.000020
3300.196412,-0.000176
3302.125224,-0.000170
3304.054035,-0.000084
3305.982847,-0.000104
3307.911658,-0.000100
3309.840469,-0.000087
3311.769281,-0.000157
3313.698092,-0.000207
3315.626904,-0.000128
3317.555715,-0.000025
3319.484527,-0.000063
3321.413338,-0.000202
3323.342150,-0.000284
3325.270961,-0.000235
3327.199773,-0.000140
3329.128584,-0.000134
3331.057396,-0.000230
3332.986207,-0.000292
3334.915018,-0.000230
3336.843830,-0.000192
3338.772641,-0.000204
3340.701453,-0.000111
3342.630264,0.000012
3344.559076,-0.000020
3346.487887,-0.000168
3348.416699,-0.000209
3350.345510,-0.000176
3352.274322,-0.000197
3354.203133,-0.000152
3356.131945,-0.000060
3358.060756,0.000058
3359.989568,0.000209
3361.918379,0.000158
3363.847190,-0.000041
3365.776002,-0.000155
3367.704813,-0.000211
3369.633625,-0.000190
3371.562436,-0.000142
3373.491248,-0.000199
3375.420059,-0.000261
3377.348871,-0.000258
3379.277682,-0.000182
3381.206494,-0.000085
3383.135305,-0.000033
3385.064117,0.000029
3386.992928,0.000020
3388.921739,-0.000105
3390.850551,-0.000289
3392.779362,-0.000350
3394.708174,-0.000240
3396.636985,-0.000210
3398.565797,-0.000231
3400.494608,-0.000126
3402.423420,-0.000016
3404.352231,0.000087
3406.281043,0.000164
3408.209854,0.000179
3410.138666,0.000105
3412.067477,-0.000008
3413.996288,-0.000050
3415.925100,-0.000033
3417.853911,0.000048
3419.782723,0.000070
3421.711534,0.000046
3423.640346,0.000101
3425.569157,0.000125
3427.497969,0.000134
3429.426780,0.000130
3431.355592,0.000068
3433.284403,-0.000021
3435.213215,-0.000023
3437.142026,0.000092
3439.070837,0.000066
3440.999649,0.000058
3442.928460,0.000248
3444.857272,0.000324
3446.786083,0.000310
3448.714895,0.000271
3450.643706,0.000155
3452.572518,0.000034
3454.501329,-0.000125
3456.430141,-0.000185
3458.358952,-0.000071
3460.287764,0.000096
3462.216575,0.000286
3464.145386,0.000303
3466.074198,0.000195
3468.003009,0.000169
3469.931821,0.000066
3471.860632,0.000016
3473.789444,0.000128
3475.718255,0.000158
3477.647067,0.000153
3479.575878,0.000097
3481.504690,-0.000064
3483.433501,-0.000085
3485.362313,0.000112
3487.291124,0.000248
3489.219935,0.000134
3491.148747,0.000058
3493.077558,0.000115
3495.006370,0.000142
3496.935181,0.000174
3498.863993,0.000066
3500.792804,-0.000130
3502.721616,-0.000107
3504.650427,0.000068
3506.579239,0.000066
3508.508050,-0.000091
3510.436862,-0.000028
3512.365673,0.000061
3514.294484,0.000055
3516.223296,0.000221
3518.152107,0.000181
3520.080919,0.000003
3522.009730,0.000108
3523.938542,0.000065
3525.867353,-0.000136
3527.796165,-0.000065
3529.724976,0.000177
3531.653788,0.000265
3533.582599,0.000036
3535.511411,-0.000071
3537.440222,0.000143
3539.369034,0.000223
3541.297845,0.000235
3543.226656,0.000362
3545.155468,0.000476
3547.084279,0.000482
3549.013091,0.000366
3550.941902,0.000336
3552.870714,0.000420
3554.799525,0.000463
3556.728337,0.000502
3558.657148,0.000713
3560.585960,0.001000
3562.514771,0.001077
3564.443583,0.001210
3566.372394,0.001471
3568.301205,0.001621
3570.230017,0.001832
3572.158828,0.001957
3574.087640,0.001924
3576.016451,0.001949
3577.945263,0.001881
3579.874074,0.001597
3581.802886,0.001319
3583.731697,0.001186
3585.660509,0.001179
3587.589320,0.001555
3589.518132,0.001842
3591.446943,0.001297
3593.375754,0.000734
3595.304566,0.000819
3597.233377,0.001184
3599.162189,0.001519
3601.091000,0.001669
3603.019812,0.001746
3604.948623,0.001812
3606.877435,0.001778
3608.806246,0.001650
3610.735058,0.001352
3612.663869,0.001078
3614.592681,0.000900
3616.521492,0.000733
3618.450303,0.000570
3620.379115,0.000184
3622.307926,-0.000199
3624.236738,-0.000237
3626.165549,-0.000170
3628.094361,0.000042
3630.023172,0.000097
3631.951984,-0.000156
3633.880795,-0.000217
3635.809607,-0.000152
3637.738418,-0.000190
3639.667230,-0.000175
3641.596041,-0.000128
3643.524852,-0.000163
3645.453664,-0.000115
3647.382475,0.000124
3649.311287,0.000305
3651.240098,0.000196
3653.168910,0.000032
3655.097721,0.000068
3657.026533,0.000135
3658.955344,-0.000030
3660.884156,-0.000151
3662.812967,-0.000019
3664.741779,0.000152
3666.670590,0.000289
3668.599401,0.000479
3670.528213,0.000595
3672.457024,0.000440
3674.385836,0.000401
3676.314647,0.000444
3678.243459,0.000252
3680.172270,0.000055
3682.101082,0.000027
3684.029893,0.000077
3685.958705,0.000139
3687.887516,0.000180
3689.816328,0.000180
3691.745139,0.000032
3693.673951,-0.000106
3695.602762,-0.000068
3697.531573,-0.000078
3699.460385,-0.000152
3701.389196,-0.000146
3703.318008,-0.000112
3705.246819,-0.000086
3707.175631,-0.000077
3709.104442,-0.000053
3711.033254,0.000015
3712.962065,-0.000030
3714.890877,-0.000202
3716.819688,-0.000271
3718.748500,-0.000201
3720.677311,-0.000133
3722.606122,-0.000130
3724.534934,-0.000160
3726.463745,-0.000164
3728.392557,-0.000199
3730.321368,-0.000203
3732.250180,0.000052
3734.178991,0.000349
3736.107803,0.000335
3738.036614,0.000215
3739.965426,0.000177
3741.894237,0.000210
3743.823049,0.000337
3745.751860,0.000391
3747.680671,0.000343
3749.609483,0.000439
3751.538294,0.000505
3753.467106,0.000304
3755.395917,0.000143
3757.324729,0.000138
3759.253540,0.000127
3761.182352,0.000169
3763.111163,0.000262
3765.039975,0.000245
3766.968786,0.000151
3768.897598,0.000011
3770.826409,-0.000137
3772.755220,-0.000122
3774.684032,-0.000045
3776.612843,-0.000026
3778.541655,-0.000003
3780.470466,0.000002
3782.399278,-0.000069
3784.328089,-0.000113
3786.256901,-0.000084
3788.185712,-0.000171
3790.114524,-0.000263
3792.043335,-0.000155
3793.972147,-0.000065
3795.900958,-0.000100
3797.829769,-0.000099
3799.758581,0.000009
3801.687392,0.000040
3803.616204,-0.000092
3805.545015,-0.000119
3807.473827,-0.000113
3809.402638,-0.000151
3811.331450,-0.000160
3813.260261,-0.000145
3815.189073,-0.000011
3817.117884,0.000060
3819.046696,0.000066
3820.975507,0.000154
3822.904318,0.000040
3824.833130,-0.000093
3826.761941,-0.000063
3828.690753,-0.000014
3830.619564,0.000004
3832.548376,-0.000062
3834.477187,-0.000072
3836.405999,0.000003
3838.334810,-0.000005
3840.263622,-0.000043
3842.192433,-0.000006
3844.121245,0.000019
3846.050056,-0.000075
3847.978867,-0.000101
3849.907679,0.000085
3851.836490,0.000392
3853.765302,0.000568
3855.694113,0.000266
3857.622925,-0.000043
3859.551736,-0.000078
3861.480548,-0.000111
3863.409359,-0.000127
3865.338171,-0.000053
3867.266982,0.000009
3869.195794,0.000104
3871.124605,0.000150
3873.053417,0.000114
3874.982228,0.000053
3876.911039,0.000010
3878.839851,0.000039
3880.768662,-0.000019
3882.697474,-0.000066
3884.626285,0.000011
3886.555097,0.000009
3888.483908,0.000015
3890.412720,0.000077
3892.341531,0.000080
3894.270343,0.000031
3896.199154,-0.000024
3898.127966,0.000019
3900.056777,0.000095
3901.985588,0.000104
3903.914400,0.000113
3905.843211,0.000045
3907.772023,-0.000035
3909.700834,0.000026
3911.629646,0.000004
3913.558457,-0.000154
3915.487269,-0.000136
3917.416080,-0.000073
3919.344892,-0.000111
3921.273703,-0.000074
3923.202515,-0.000042
3925.131326,-0.000051
3927.060137,-0.000087
3928.988949,-0.000156
3930.917760,-0.000115
3932.846572,-0.000018
3934.775383,-0.000019
3936.704195,-0.000112
3938.633006,-0.000150
3940.561818,-0.000072
3942.490629,-0.000056
3944.419441,-0.000042
3946.348252,0.000117
3948.277064,0.000134
3950.205875,-0.000078
3952.134686,-0.000242
3954.063498,-0.000330
3955.992309,-0.000330
3957.921121,-0.000233
3959.849932,-0.000155
3961.778744,-0.000113
3963.707555,-0.000069
3965.636367,-0.000034
3967.565178,-0.000071
3969.493990,-0.000087
3971.422801,-0.000032
3973.351613,-0.000063
3975.280424,-0.000077
3977.209235,-0.000029
3979.138047,-0.000049
3981.066858,-0.000080
3982.995670,-0.000097
3984.924481,-0.000082
3986.853293,-0.000009
3988.782104,-0.000011
3990.710916,-0.000150
3992.639727,-0.000301
3994.568539,-0.000267
3996.497350,-0.000019
3998.426162,0.000081
4000.354973,-0.000028
