898.826141,0.006098
900.754953,0.003791
902.683764,0.001579
904.612576,0.000014
906.541387,-0.000003
908.470199,-0.000297
910.399010,-0.001235
912.327822,-0.001989
914.256633,-0.001650
916.185445,-0.000678
918.114256,-0.000224
920.043068,0.000017
921.971879,-0.000273
923.900690,-0.000783
925.829502,-0.000588
927.758313,-0.000084
929.687125,0.000176
931.615936,0.000731
933.544748,0.000890
935.473559,0.000937
937.402371,0.000695
939.331182,0.000889
941.259994,0.000844
943.188805,0.000413
945.117617,0.000269
947.046428,0.000097
948.975240,-0.000006
950.904051,-0.000023
952.832862,-0.000155
954.761674,-0.000009
956.690485,0.000141
958.619297,0.000211
960.548108,0.000282
962.476920,0.000209
964.405731,0.000239
966.334543,0.000343
968.263354,0.000501
970.192166,0.000502
972.120977,0.000191
974.049789,0.000164
975.978600,0.000288
977.907411,0.000100
979.836223,-0.000159
981.765034,-0.000195
983.693846,-0.000017
985.622657,0.000114
987.551469,0.000135
989.480280,0.000198
991.409092,0.000289
993.337903,0.000501
995.266715,0.000485
997.195526,0.000220
999.124338,0.000024
1001.053149,-0.000004
1002.981960,0.000152
1004.910772,0.000257
1006.839583,0.000133
1008.768395,0.000098
1010.697206,0.000106
1012.626018,-0.000047
1014.554829,-0.000108
1016.483641,-0.000016
1018.412452,0.000092
1020.341264,0.000213
1022.270075,0.000391
1024.198887,0.000394
1026.127698,0.000189
1028.056509,0.000300
1029.985321,0.000567
1031.914132,0.000687
1033.842944,0.000935
1035.771755,0.001139
1037.700567,0.001281
1039.629378,0.001446
1041.558190,0.001340
1043.487001,0.001149
1045.415813,0.001122
1047.344624,0.001075
1049.273436,0.000903
1051.202247,0.000750
1053.131058,0.000717
1055.059870,0.000723
1056.988681,0.000754
1058.917493,0.000709
1060.846304,0.000540
1062.775116,0.000451
1064.703927,0.000350
1066.632739,0.000290
1068.561550,0.000224
1070.490362,0.000218
1072.419173,0.000273
1074.347985,0.000261
1076.276796,0.000228
1078.205607,0.000215
1080.134419,0.000233
1082.063230,0.000297
1083.992042,0.000305
1085.920853,0.000306
1087.849665,0.000351
1089.778476,0.000306
1091.707288,0.000198
1093.636099,0.000247
1095.564911,0.000398
1097.493722,0.000394
1099.422534,0.000263
1101.351345,0.000121
1103.280156,0.000069
1105.208968,0.000071
1107.137779,0.000026
1109.066591,0.000095
1110.995402,0.000172
1112.924214,0.000130
1114.853025,0.000118
1116.781837,0.000069
1118.710648,0.000036
1120.639460,0.000058
1122.568271,0.000057
1124.497083,0.000079
1126.425894,0.000030
1128.354706,-0.000027
1130.283517,-0.000048
1132.212328,-0.000208
1134.141140,-0.000320
1136.069951,-0.000301
1137.998763,-0.000358
1139.927574,-0.000395
1141.856386,-0.000365
1143.785197,-0.000438
1145.714009,-0.000537
1147.642820,-0.000514
1149.571632,-0.000513
1151.500443,-0.000559
1153.429255,-0.000514
1155.358066,-0.000519
1157.286877,-0.000534
1159.215689,-0.000468
1161.144500,-0.000562
1163.073312,-0.000672
1165.002123,-0.000561
1166.930935,-0.000382
1168.859746,-0.000285
1170.788558,-0.000350
1172.717369,-0.000420
1174.646181,-0.000398
1176.574992,-0.000453
1178.503804,-0.000435
1180.432615,-0.000251
1182.361426,-0.000108
1184.290238,-0.000065
1186.219049,-0.000155
1188.147861,-0.000208
1190.076672,-0.000111
1192.005484,-0.000058
1193.934295,0.000024
1195.863107,0.000128
1197.791918,0.000040
1199.720730,-0.000137
1201.649541,-0.000173
1203.578353,-0.000056
1205.507164,0.000019
1207.435975,0.000030
1209.364787,0.000054
1211.293598,0.000127
1213.222410,0.000377
1215.151221,0.000738
1217.080033,0.001158
1219.008844,0.001493
1220.937656,0.001944
1222.866467,0.002403
1224.795279,0.002723
1226.724090,0.003500
1228.652902,0.004518
1230.581713,0.005489
1232.510524,0.006891
1234.439336,0.008612
1236.368147,0.010945
1238.296959,0.014497
1240.225770,0.019227
1242.154582,0.025905
1244.083393,0.035423
1246.012205,0.047425
1247.941016,0.061371
1249.869828,0.075581
1251.798639,0.086703
1253.727451,0.091687
1255.656262,0.090292
1257.585073,0.089854
1259.513885,0.097932
1261.442696,0.106125
1263.371508,0.101396
1265.300319,0.091903
1267.229131,0.092612
1269.157942,0.100252
1271.086754,0.101584
1273.015565,0.091333
1274.944377,0.073754
1276.873188,0.055962
1278.802000,0.042766
1280.730811,0.034805
1282.659622,0.029975
1284.588434,0.026837
1286.517245,0.025215
1288.446057,0.024206
1290.374868,0.023512
1292.303680,0.023206
1294.232491,0.022915
1296.161303,0.022962
1298.090114,0.023439
1300.018926,0.024173
1301.947737,0.024842
1303.876549,0.025369
1305.805360,0.025865
1307.734172,0.026125
1309.662983,0.026489
1311.591794,0.026604
1313.520606,0.026305
1315.449417,0.025420
1317.378229,0.023578
1319.307040,0.021603
1321.235852,0.019885
1323.164663,0.020658
1325.093475,0.022027
1327.022286,0.018290
1328.951098,0.014287
1330.879909,0.014168
1332.808721,0.014035
1334.737532,0.013644
1336.666343,0.013408
1338.595155,0.012703
1340.523966,0.012606
1342.452778,0.012263
1344.381589,0.010601
1346.310401,0.008581
1348.239212,0.006862
1350.168024,0.005358
1352.096835,0.004078
1354.025647,0.003063
1355.954458,0.002594
1357.883270,0.002224
1359.812081,0.000914
1361.740892,-0.000562
1363.669704,-0.000121
1365.598515,0.001146
1367.527327,0.001175
1369.456138,0.001259
1371.384950,0.001168
1373.313761,0.000169
1375.242573,0.000280
1377.171384,0.001426
1379.100196,0.001940
1381.029007,0.001980
1382.957819,0.001876
1384.886630,0.000887
1386.815441,-0.000645
1388.744253,-0.000039
1390.673064,0.001360
1392.601876,-0.000181
1394.530687,-0.002082
1396.459499,-0.001714
1398.388310,-0.001317
1400.317122,0.000274
1402.245933,0.001962
1404.174745,0.001499
1406.103556,0.002029
1408.032368,0.003441
1409.961179,0.003792
1411.889990,0.004091
1413.818802,0.004664
1415.747613,0.003872
1417.676425,0.000785
1419.605236,0.000793
1421.534048,0.004725
1423.462859,0.006587
1425.391671,0.007668
1427.320482,0.008545
1429.249294,0.008008
1431.178105,0.008886
1433.106917,0.009736
1435.035728,0.006882
1436.964539,0.005935
1438.893351,0.010534
1440.822162,0.013248
1442.750974,0.013712
1444.679785,0.013865
1446.608597,0.012781
1448.537408,0.012778
1450.466220,0.014091
1452.395031,0.014287
1454.323843,0.010990
1456.252654,0.004865
1458.181466,0.006716
1460.110277,0.014339
1462.039089,0.016510
1463.967900,0.014707
1465.896711,0.015571
1467.825523,0.018267
1469.754334,0.016535
1471.683146,0.011788
1473.611957,0.011721
1475.540769,0.015268
1477.469580,0.018366
1479.398392,0.020040
1481.327203,0.020423
1483.256015,0.020580
1485.184826,0.019486
1487.113638,0.016670
1489.042449,0.014263
1490.971260,0.015688
1492.900072,0.018425
1494.828883,0.016489
1496.757695,0.013312
1498.686506,0.014478
1500.615318,0.016836
1502.544129,0.016650
1504.472941,0.009756
1506.401752,0.001459
1508.330564,0.005746
1510.259375,0.011692
1512.188187,0.013386
1514.116998,0.012646
1516.045809,0.009915
1517.974621,0.008251
1519.903432,0.005805
1521.832244,0.004390
1523.761055,0.008030
1525.689867,0.010187
1527.618678,0.011618
1529.547490,0.013960
1531.476301,0.012172
1533.405113,0.009578
1535.333924,0.011738
1537.262736,0.009550
1539.191547,0.000407
1541.120358,-0.000024
1543.049170,0.006007
1544.977981,0.010994
1546.906793,0.014948
1548.835604,0.016177
1550.764416,0.016719
1552.693227,0.016654
1554.622039,0.016036
1556.550850,0.012940
1558.479662,0.008674
1560.408473,0.020969
1562.337285,0.037355
1564.266096,0.047407
1566.194907,0.057946
1568.123719,0.068744
1570.052530,0.085273
1571.981342,0.109990
1573.910153,0.132573
1575.838965,0.161818
1577.767776,0.205125
1579.696588,0.250273
1581.625399,0.298336
1583.554211,0.349428
1585.483022,0.403395
1587.411834,0.462220
1589.340645,0.525967
1591.269456,0.593054
1593.198268,0.652213
1595.127079,0.692773
1597.055891,0.711380
1598.984702,0.715416
1600.913514,0.702527
1602.842325,0.680550
1604.771137,0.662953
1606.699948,0.640255
1608.628760,0.611221
1610.557571,0.563209
1612.486383,0.504303
1614.415194,0.438383
1616.344005,0.377562
1618.272817,0.430902
1620.201628,0.603931
1622.130440,0.783722
1624.059251,0.894579
1625.988063,0.964241
1627.916874,1.003456
1629.845686,0.992628
1631.774497,0.917184
1633.703309,0.805542
1635.632120,0.667605
1637.560932,0.550223
1639.489743,0.456514
1641.418555,0.358334
1643.347366,0.268641
1645.276177,0.189702
1647.204989,0.119362
1649.133800,0.075548
1651.062612,0.041913
1652.991423,0.009421
1654.920235,0.003821
1656.849046,0.007488
1658.777858,0.005727
1660.706669,0.002269
1662.635481,-0.000097
1664.564292,0.001408
1666.493104,0.001855
1668.421915,-0.002028
1670.350726,-0.001552
1672.279538,0.001890
1674.208349,0.002286
1676.137161,0.005346
1678.065972,0.011113
1679.994784,0.013730
1681.923595,0.011765
1683.852407,0.009220
1685.781218,0.016065
1687.710030,0.023518
1689.638841,0.025444
1691.567653,0.027123
1693.496464,0.024089
1695.425275,0.020634
1697.354087,0.026327
1699.282898,0.025380
1701.211710,0.020409
1703.140521,0.024302
1705.069333,0.027898
1706.998144,0.030821
1708.926956,0.037037
1710.855767,0.044223
1712.784579,0.046245
1714.713390,0.042405
1716.642202,0.040066
1718.571013,0.044534
1720.499824,0.051992
1722.428636,0.055775
1724.357447,0.057317
1726.286259,0.059167
1728.215070,0.060185
1730.143882,0.062025
1732.072693,0.062362
1734.001505,0.066066
1735.930316,0.079651
1737.859128,0.089558
1739.787939,0.094732
1741.716751,0.100119
1743.645562,0.102698
1745.574373,0.101216
1747.503185,0.097585
1749.431996,0.093783
1751.360808,0.094121
1753.289619,0.097831
1755.218431,0.098245
1757.147242,0.095793
1759.076054,0.090722
1761.004865,0.078404
1762.933677,0.063750
1764.862488,0.052009
1766.791300,0.038786
1768.720111,0.026546
1770.648922,0.016699
1772.577734,0.009673
1774.506545,0.009099
1776.435357,0.009371
1778.364168,0.007680
1780.292980,0.006315
1782.221791,0.006168
1784.150603,0.006194
1786.079414,0.006482
1788.008226,0.007030
1789.937037,0.004965
1791.865849,0.001960
1793.794660,0.002765
1795.723471,0.004621
1797.652283,0.004186
1799.581094,0.002459
1801.509906,0.002024
1803.438717,0.003326
1805.367529,0.004171
1807.296340,0.003772
1809.225152,0.002670
1811.153963,0.001961
1813.082775,0.002272
1815.011586,0.002339
1816.940398,0.001772
1818.869209,0.001383
1820.798021,0.001172
1822.726832,-0.000150
1824.655643,-0.001548
1826.584455,-0.001478
1828.513266,-0.002133
1830.442078,-0.002365
1832.370889,-0.000198
1834.299701,0.001120
1836.228512,0.001126
1838.157324,0.001421
1840.086135,0.001533
1842.014947,-0.000282
1843.943758,-0.002367
1845.872570,-0.000795
1847.801381,0.001437
1849.730192,0.002048
1851.659004,0.002404
1853.587815,0.002398
1855.516627,0.002203
1857.445438,0.002011
1859.374250,0.001798
1861.303061,0.001518
1863.231873,0.001045
1865.160684,0.000072
1867.089496,-0.002185
1869.018307,-0.003550
1870.947119,-0.002216
1872.875930,-0.000128
1874.804741,0.001425
1876.733553,0.001083
1878.662364,-0.000322
1880.591176,-0.000255
1882.519987,0.000479
1884.448799,0.001056
1886.377610,0.001476
1888.306422,0.001218
1890.235233,0.001674
1892.164045,0.002931
1894.092856,0.003453
1896.021668,0.003799
1897.950479,0.004398
1899.879290,0.004711
1901.808102,0.004761
1903.736913,0.004780
1905.665725,0.004687
1907.594536,0.004339
1909.523348,0.004136
1911.452159,0.004255
1913.380971,0.004329
1915.309782,0.003519
1917.238594,0.002038
1919.167405,0.001903
1921.096217,0.002355
1923.025028,0.002087
1924.953839,0.002291
1926.882651,0.002483
1928.811462,0.002145
1930.740274,0.001912
1932.669085,0.001708
1934.597897,0.001558
1936.526708,0.001403
1938.455520,0.001167
1940.384331,0.000485
1942.313143,-0.000303
1944.241954,-0.000047
1946.170766,0.000491
1948.099577,0.000518
1950.028388,0.000490
1951.957200,0.000525
1953.886011,0.000437
1955.814823,0.000374
1957.743634,0.000420
1959.672446,0.000400
1961.601257,0.000365
1963.530069,0.000272
1965.458880,-0.000064
1967.387692,-0.000163
1969.316503,0.000173
1971.245315,0.000366
1973.174126,0.000306
1975.102938,0.000269
1977.031749,0.000264
1978.960560,0.000255
1980.889372,0.000244
1982.818183,0.000277
1984.746995,0.000263
1986.675806,0.000088
1988.604618,-0.000090
1990.533429,-0.000356
1992.462241,-0.000446
1994.391052,-0.000012
1996.319864,0.000257
1998.248675,0.000133
2000.177487,0.000121
2002.106298,0.000189
2004.035109,0.000182
2005.963921,0.000155
2007.892732,0.000124
2009.821544,0.000091
2011.750355,0.000109
2013.679167,0.000066
2015.607978,-0.000186
2017.536790,-0.000250
2019.465601,0.000034
2021.394413,0.000203
2023.323224,0.000198
2025.252036,0.000141
2027.180847,0.000078
2029.109658,0.000111
2031.038470,0.000119
2032.967281,0.000100
2034.896093,0.000113
2036.824904,0.000066
2038.753716,-0.000028
2040.682527,-0.000075
2042.611339,-0.000036
2044.540150,-0.000031
2046.468962,-0.000047
2048.397773,0.000029
2050.326585,0.000101
2052.255396,0.000134
2054.184207,0.000178
2056.113019,0.000146
2058.041830,0.000031
2059.970642,0.000021
2061.899453,0.000017
2063.828265,-0.000178
2065.757076,-0.000274
2067.685888,-0.000157
2069.614699,-0.000029
2071.543511,0.000028
2073.472322,0.000030
2075.401134,0.000061
2077.329945,0.000029
2079.258756,-0.000053
2081.187568,-0.000031
2083.116379,-0.000004
2085.045191,-0.000005
2086.974002,-0.000010
2088.902814,-0.000040
2090.831625,-0.000006
2092.760437,0.000012
2094.689248,-0.000075
2096.618060,-0.000091
2098.546871,-0.000025
2100.475683,-0.000024
2102.404494,0.000003
2104.333305,0.000082
2106.262117,0.000105
2108.190928,0.000113
2110.119740,0.000140
2112.048551,0.000114
2113.977363,0.000032
2115.906174,0.000028
2117.834986,0.000087
2119.763797,0.000103
2121.692609,0.000139
2123.621420,0.000165
2125.550232,0.000121
2127.479043,0.000104
2129.407854,0.000080
2131.336666,-0.000013
2133.265477,-0.000032
2135.194289,0.000028
2137.123100,0.000083
2139.051912,0.000130
2140.980723,0.000046
2142.909535,-0.000098
2144.838346,-0.000103
2146.767158,-0.000022
2148.695969,0.000049
2150.624781,0.000106
2152.553592,0.000175
2154.482404,0.000227
2156.411215,0.000235
2158.340026,0.000269
2160.268838,0.000332
2162.197649,0.000379
2164.126461,0.000392
2166.055272,0.000412
2167.984084,0.000519
2169.912895,0.000635
2171.841707,0.000666
2173.770518,0.000684
2175.699330,0.000733
2177.628141,0.000826
2179.556953,0.000974
2181.485764,0.001120
2183.414575,0.001237
2185.343387,0.001356
2187.272198,0.001557
2189.201010,0.001841
2191.129821,0.002124
2193.058633,0.002415
2194.987444,0.002690
2196.916256,0.002975
2198.845067,0.003332
2200.773879,0.003644
2202.702690,0.003912
2204.631502,0.004209
2206.560313,0.004424
2208.489124,0.004564
2210.417936,0.004662
2212.346747,0.004621
2214.275559,0.004459
2216.204370,0.004133
2218.133182,0.003576
2220.061993,0.002826
2221.990805,0.002033
2223.919616,0.001800
2225.848428,0.002444
2227.777239,0.003467
2229.706051,0.004472
2231.634862,0.005316
2233.563673,0.005941
2235.492485,0.006344
2237.421296,0.006321
2239.350108,0.005942
2241.278919,0.005503
2243.207731,0.004897
2245.136542,0.004095
2247.065354,0.003366
2248.994165,0.002685
2250.922977,0.001954
2252.851788,0.001325
2254.780600,0.000918
2256.709411,0.000766
2258.638222,0.000706
2260.567034,0.000549
2262.495845,0.000462
2264.424657,0.000529
2266.353468,0.000591
2268.282280,0.000660
2270.211091,0.000724
2272.139903,0.000703
2274.068714,0.000678
2275.997526,0.000723
2277.926337,0.000792
2279.855149,0.000803
2281.783960,0.000768
2283.712771,0.000765
2285.641583,0.000790
2287.570394,0.000835
2289.499206,0.000901
2291.428017,0.000898
2293.356829,0.000803
2295.285640,0.000727
2297.214452,0.000729
2299.143263,0.000777
2301.072075,0.000779
2303.000886,0.000712
2304.929698,0.000667
2306.858509,0.000673
2308.787320,0.000674
2310.716132,0.000636
2312.644943,0.000535
2314.573755,0.000413
2316.502566,0.000334
2318.431378,0.000227
2320.360189,0.000088
2322.289001,-0.000036
2324.217812,-0.000181
2326.146624,-0.000248
2328.075435,-0.000297
2330.004247,-0.000311
2331.933058,-0.000164
2333.861870,-0.000038
2335.790681,-0.000030
2337.719492,0.000177
2339.648304,0.000319
2341.577115,0.000309
2343.505927,0.000568
2345.434738,0.000973
2347.363550,0.001275
2349.292361,0.001339
2351.221173,0.000989
2353.149984,0.000605
2355.078796,0.000524
2357.007607,0.000437
2358.936419,0.000087
2360.865230,-0.000047
2362.794041,-0.000130
2364.722853,-0.000207
2366.651664,-0.000265
2368.580476,-0.000231
2370.509287,-0.000155
2372.438099,-0.000109
2374.366910,-0.000012
2376.295722,0.000056
2378.224533,0.000003
2380.153345,-0.000135
2382.082156,-0.000337
2384.010968,-0.000527
2385.939779,-0.000455
2387.868590,-0.000398
2389.797402,-0.000372
2391.726213,-0.000345
2393.655025,-0.000359
2395.583836,-0.000412
2397.512648,-0.000420
2399.441459,-0.000408
2401.370271,-0.000412
2403.299082,-0.000426
2405.227894,-0.000418
2407.156705,-0.000309
2409.085517,-0.000280
2411.014328,-0.000447
2412.943139,-0.000486
2414.871951,-0.000336
2416.800762,-0.000254
2418.729574,-0.000250
2420.658385,-0.000257
2422.587197,-0.000344
2424.516008,-0.000446
2426.444820,-0.000427
2428.373631,-0.000374
2430.302443,-0.000373
2432.231254,-0.000364
2434.160066,-0.000306
2436.088877,-0.000267
2438.017688,-0.000299
2439.946500,-0.000294
2441.875311,-0.000228
2443.804123,-0.000184
2445.732934,-0.000174
2447.661746,-0.000191
2449.590557,-0.000227
2451.519369,-0.000251
2453.448180,-0.000142
2455.376992,-0.000031
2457.305803,-0.000122
2459.234615,-0.000144
2461.163426,-0.000014
2463.092237,0.000019
2465.021049,-0.000019
2466.949860,-0.000063
2468.878672,-0.000054
2470.807483,0.000084
2472.736295,0.000202
2474.665106,0.000216
2476.593918,0.000218
2478.522729,0.000260
2480.451541,0.000326
2482.380352,0.000347
2484.309164,0.000309
2486.237975,0.000283
2488.166786,0.000297
2490.095598,0.000407
2492.024409,0.000594
2493.953221,0.000603
2495.882032,0.000403
2497.810844,0.000360
2499.739655,0.000500
2501.668467,0.000565
2503.597278,0.000641
2505.526090,0.000794
2507.454901,0.000795
2509.383713,0.000625
2511.312524,0.000551
2513.241336,0.000633
2515.170147,0.000635
2517.098958,0.000546
2519.027770,0.000536
2520.956581,0.000514
2522.885393,0.000430
2524.814204,0.000388
2526.743016,0.000403
2528.671827,0.000473
2530.600639,0.000532
2532.529450,0.000485
2534.458262,0.000368
2536.387073,0.000344
2538.315885,0.000434
2540.244696,0.000470
2542.173507,0.000461
2544.102319,0.000460
2546.031130,0.000418
2547.959942,0.000406
2549.888753,0.000408
2551.817565,0.000310
2553.746376,0.000252
2555.675188,0.000361
2557.603999,0.000466
2559.532811,0.000486
2561.461622,0.000505
2563.390434,0.000500
2565.319245,0.000485
2567.248056,0.000538
2569.176868,0.000649
2571.105679,0.000781
2573.034491,0.000852
2574.963302,0.000820
2576.892114,0.000835
2578.820925,0.000923
2580.749737,0.000931
2582.678548,0.000873
2584.607360,0.000865
2586.536171,0.000933
2588.464983,0.000991
2590.393794,0.000930
2592.322605,0.000824
2594.251417,0.000770
2596.180228,0.000708
2598.109040,0.000642
2600.037851,0.000654
2601.966663,0.000676
2603.895474,0.000649
2605.824286,0.000671
2607.753097,0.000798
2609.681909,0.000972
2611.610720,0.001063
2613.539532,0.001110
2615.468343,0.001266
2617.397154,0.001438
2619.325966,0.001525
2621.254777,0.001554
2623.183589,0.001616
2625.112400,0.001794
2627.041212,0.001899
2628.970023,0.001861
2630.898835,0.001865
2632.827646,0.001904
2634.756458,0.001887
2636.685269,0.001855
2638.614081,0.001842
2640.542892,0.001696
2642.471703,0.001321
2644.400515,0.000977
2646.329326,0.000849
2648.258138,0.000753
2650.186949,0.000618
2652.115761,0.000621
2654.044572,0.000712
2655.973384,0.000691
2657.902195,0.000594
2659.831007,0.000531
2661.759818,0.000519
2663.688630,0.000515
2665.617441,0.000514
2667.546253,0.000551
2669.475064,0.000524
2671.403875,0.000446
2673.332687,0.000458
2675.261498,0.000517
2677.190310,0.000523
2679.119121,0.000508
2681.047933,0.000572
2682.976744,0.000585
2684.905556,0.000458
2686.834367,0.000403
2688.763179,0.000383
2690.691990,0.000341
2692.620802,0.000397
2694.549613,0.000428
2696.478424,0.000391
2698.407236,0.000369
2700.336047,0.000355
2702.264859,0.000424
2704.193670,0.000514
2706.122482,0.000435
2708.051293,0.000364
2709.980105,0.000461
2711.908916,0.000461
2713.837728,0.000424
2715.766539,0.000495
2717.695351,0.000409
2719.624162,0.000329
2721.552973,0.000481
2723.481785,0.000517
2725.410596,0.000387
2727.339408,0.000394
2729.268219,0.000440
2731.197031,0.000354
2733.125842,0.000302
2735.054654,0.000325
2736.983465,0.000291
2738.912277,0.000282
2740.841088,0.000359
2742.769900,0.000431
2744.698711,0.000482
2746.627522,0.000476
2748.556334,0.000366
2750.485145,0.000292
2752.413957,0.000372
2754.342768,0.000466
2756.271580,0.000457
2758.200391,0.000376
2760.129203,0.000284
2762.058014,0.000246
2763.986826,0.000244
2765.915637,0.000304
2767.844449,0.000380
2769.773260,0.000289
2771.702071,0.000175
2773.630883,0.000157
2775.559694,0.000119
2777.488506,0.000172
2779.417317,0.000321
2781.346129,0.000323
2783.274940,0.000236
2785.203752,0.000255
2787.132563,0.000231
2789.061375,0.000133
2790.990186,0.000162
2792.918998,0.000174
2794.847809,0.000146
2796.776620,0.000228
2798.705432,0.000247
2800.634243,0.000146
2802.563055,0.000097
2804.491866,0.000107
2806.420678,0.000061
2808.349489,0.000056
2810.278301,0.000195
2812.207112,0.000274
2814.135924,0.000236
2816.064735,0.000294
2817.993547,0.000350
2819.922358,0.000296
2821.851169,0.000279
2823.779981,0.000357
2825.708792,0.000424
2827.637604,0.000383
2829.566415,0.000328
2831.495227,0.000411
2833.424038,0.000590
2835.352850,0.000739
2837.281661,0.000790
2839.210473,0.000827
2841.139284,0.000949
2843.068096,0.001126
2844.996907,0.001375
2846.925719,0.001666
2848.854530,0.001976
2850.783341,0.002380
2852.712153,0.002889
2854.640964,0.003511
2856.569776,0.004287
2858.498587,0.005274
2860.427399,0.006410
2862.356210,0.007623
2864.285022,0.009206
2866.213833,0.011190
2868.142645,0.013239
2870.071456,0.015596
2872.000268,0.018401
2873.929079,0.021459
2875.857890,0.024833
2877.786702,0.028196
2879.715513,0.031415
2881.644325,0.034689
2883.573136,0.037665
2885.501948,0.040072
2887.430759,0.041949
2889.359571,0.043104
2891.288382,0.043342
2893.217194,0.042730
2895.146005,0.041079
2897.074817,0.038409
2899.003628,0.035179
2900.932439,0.031923
2902.861251,0.028119
2904.790062,0.022408
2906.718874,0.019853
2908.647685,0.027516
2910.576497,0.041170
2912.505308,0.053198
2914.434120,0.062214
2916.362931,0.067480
2918.291743,0.068428
2920.220554,0.065496
2922.149366,0.059077
2924.078177,0.050128
2926.006988,0.039654
2927.935800,0.028873
2929.864611,0.018978
2931.793423,0.010996
2933.722234,0.005470
2935.651046,0.002089
2937.579857,0.000432
2939.508669,0.000020
2941.437480,0.000121
2943.366292,0.000367
2945.295103,0.000638
2947.223915,0.000847
2949.152726,0.001022
2951.081537,0.001202
2953.010349,0.001362
2954.939160,0.001609
2956.867972,0.001962
2958.796783,0.002198
2960.725595,0.002318
2962.654406,0.002467
2964.583218,0.002623
2966.512029,0.002717
2968.440841,0.002562
2970.369652,0.002330
2972.298464,0.002457
2974.227275,0.002736
2976.156086,0.002902
2978.084898,0.002988
2980.013709,0.002897
2981.942521,0.002637
2983.871332,0.002354
2985.800144,0.002065
2987.728955,0.001663
2989.657767,0.001353
2991.586578,0.001289
2993.515390,0.001127
2995.444201,0.000877
2997.373013,0.000835
2999.301824,0.000887
3001.230635,0.000829
3003.159447,0.000720
3005.088258,0.000742
3007.017070,0.000808
3008.945881,0.000728
3010.874693,0.000640
3012.803504,0.000625
3014.732316,0.000535
3016.661127,0.000489
3018.589939,0.000484
3020.518750,0.000314
3022.447562,0.000232
3024.376373,0.000299
3026.305185,0.000213
3028.233996,0.000135
3030.162807,0.000115
3032.091619,0.000141
3034.020430,0.000252
3035.949242,0.000445
3037.878053,0.000708
3039.806865,0.000780
3041.735676,0.000732
3043.664488,0.000867
3045.593299,0.000866
3047.522111,0.000654
3049.450922,0.000596
3051.379734,0.000750
3053.308545,0.000946
3055.237356,0.001020
3057.166168,0.001064
3059.094979,0.001124
3061.023791,0.001096
3062.952602,0.001115
3064.881414,0.001173
3066.810225,0.001151
3068.739037,0.001132
3070.667848,0.001136
3072.596660,0.001221
3074.525471,0.001333
3076.454283,0.001276
3078.383094,0.001152
3080.311905,0.001116
3082.240717,0.001229
3084.169528,0.001412
3086.098340,0.001412
3088.027151,0.001314
3089.955963,0.001403
3091.884774,0.001601
3093.813586,0.001660
3095.742397,0.001699
3097.671209,0.001922
3099.600020,0.002134
3101.528832,0.002288
3103.457643,0.002458
3105.386454,0.002481
3107.315266,0.002422
3109.244077,0.002547
3111.172889,0.002748
3113.101700,0.002665
3115.030512,0.002484
3116.959323,0.002561
3118.888135,0.002609
3120.816946,0.002460
3122.745758,0.002387
3124.674569,0.002369
3126.603381,0.002210
3128.532192,0.002016
3130.461003,0.001855
3132.389815,0.001615
3134.318626,0.001414
3136.247438,0.001262
3138.176249,0.001118
3140.105061,0.001067
3142.033872,0.000864
3143.962684,0.000618
3145.891495,0.000656
3147.820307,0.000680
3149.749118,0.000670
3151.677930,0.000760
3153.606741,0.000640
3155.535552,0.000490
3157.464364,0.000637
3159.393175,0.000783
3161.321987,0.000678
3163.250798,0.000475
3165.179610,0.000437
3167.108421,0.000505
3169.037233,0.000439
3170.966044,0.000289
3172.894856,0.000223
3174.823667,0.000293
3176.752479,0.000283
3178.681290,0.000082
3180.610102,0.000048
3182.538913,0.000092
3184.467724,-0.000088
3186.396536,-0.000124
3188.325347,0.000065
3190.254159,0.000027
3192.182970,-0.000172
3194.111782,-0.000241
3196.040593,-0.000313
3197.969405,-0.000433
3199.898216,-0.000450
3201.827028,-0.000417
3203.755839,-0.000360
3205.684651,-0.000291
3207.613462,-0.000396
3209.542273,-0.000517
3211.471085,-0.000493
3213.399896,-0.000615
3215.328708,-0.000755
3217.257519,-0.000652
3219.186331,-0.000607
3221.115142,-0.000686
3223.043954,-0.000676
3224.972765,-0.000654
3226.901577,-0.000678
3228.830388,-0.000680
3230.759200,-0.000715
3232.688011,-0.000726
3234.616822,-0.000665
3236.545634,-0.000753
3238.474445,-0.000843
3240.403257,-0.000626
3242.332068,-0.000402
3244.260880,-0.000519
3246.189691,-0.000628
3248.118503,-0.000477
3250.047314,-0.000551
3251.976126,-0.000867
3253.904937,-0.000926
3255.833749,-0.000829
3257.762560,-0.000825
3259.691371,-0.000906
3261.620183,-0.000889
3263.548994,-0.000589
3265.477806,-0.000373
3267.406617,-0.000493
3269.335429,-0.000470
3271.264240,-0.000267
3273.193052,-0.000317
3275.121863,-0.000449
3277.050675,-0.000512
3278.979486,-0.000488
3280.908298,-0.000280
3282.837109,-0.000185
3284.765920,-0.000200
3286.694732,-0.000163
3288.623543,-0.000204
3290.552355,-0.000259
3292.481166,-0.000317
3294.409978,-0.000286
3296.338789,-0.000149
3298.267601,-0.000158
3300.196412,-0.000221
3302.125224,-0.000275
3304.054035,-0.000366
3305.982847,-0.000335
3307.911658,-0.000314
3309.840469,-0.000455
3311.769281,-0.000485
3313.698092,-0.000330
3315.626904,-0.000234
3317.555715,-0.000185
3319.484527,-0.000107
3321.413338,-0.000184
3323.342150,-0.000391
3325.270961,-0.000388
3327.199773,-0.000291
3329.128584,-0.000380
3331.057396,-0.000449
3332.986207,-0.000387
3334.915018,-0.000214
3336.843830,0.000003
3338.772641,0.000063
3340.701453,0.000054
3342.630264,0.000083
3344.559076,0.000138
3346.487887,0.000234
3348.416699,0.000336
3350.345510,0.000432
3352.274322,0.000534
3354.203133,0.000643
3356.131945,0.000562
3358.060756,0.000394
3359.989568,0.000522
3361.918379,0.000590
3363.847190,0.000366
3365.776002,0.000353
3367.704813,0.000519
3369.633625,0.000680
3371.562436,0.000619
3373.491248,0.000420
3375.420059,0.000259
3377.348871,0.000034
3379.277682,0.000028
3381.206494,0.000327
3383.135305,0.000317
3385.064117,0.000068
3386.992928,-0.000009
3388.921739,-0.000032
3390.850551,-0.000129
3392.779362,-0.000322
3394.708174,-0.000465
3396.636985,-0.000408
3398.565797,-0.000311
3400.494608,-0.000219
3402.423420,0.000031
3404.352231,0.000156
3406.281043,-0.000045
3408.209854,-0.000069
3410.138666,0.000057
3412.067477,-0.000049
3413.996288,-0.000213
3415.925100,-0.000405
3417.853911,-0.000547
3419.782723,-0.000584
3421.711534,-0.000575
3423.640346,-0.000299
3425.569157,-0.000135
3427.497969,-0.000163
3429.426780,0.000068
3431.355592,0.000041
3433.284403,-0.000335
3435.213215,-0.000201
3437.142026,0.000366
3439.070837,0.000355
3440.999649,-0.000066
3442.928460,0.000100
3444.857272,0.000352
3446.786083,0.000260
3448.714895,0.000296
3450.643706,0.000261
3452.572518,0.000216
3454.501329,0.000287
3456.430141,0.000178
3458.358952,0.000141
3460.287764,0.000331
3462.216575,0.000494
3464.145386,0.000503
3466.074198,0.000504
3468.003009,0.000598
3469.931821,0.000500
3471.860632,0.000439
3473.789444,0.000575
3475.718255,0.000419
3477.647067,0.000247
3479.575878,0.000211
3481.504690,0.000108
3483.433501,0.000267
3485.362313,0.000394
3487.291124,0.000306
3489.219935,0.000598
3491.148747,0.001118
3493.077558,0.001249
3495.006370,0.001080
3496.935181,0.000874
3498.863993,0.000603
3500.792804,0.000244
3502.721616,-0.000082
3504.650427,0.000080
3506.579239,0.000347
3508.508050,0.000199
3510.436862,0.000363
3512.365673,0.000887
3514.294484,0.001279
3516.223296,0.001465
3518.152107,0.001212
3520.080919,0.001073
3522.009730,0.001279
3523.938542,0.001355
3525.867353,0.001613
3527.796165,0.002099
3529.724976,0.002705
3531.653788,0.003587
3533.582599,0.004216
3535.511411,0.004387
3537.440222,0.004654
3539.369034,0.004928
3541.297845,0.004697
3543.226656,0.004190
3545.155468,0.003749
3547.084279,0.003807
3549.013091,0.004778
3550.941902,0.005367
3552.870714,0.005027
3554.799525,0.005123
3556.728337,0.005546
3558.657148,0.005920
3560.585960,0.006385
3562.514771,0.006325
3564.443583,0.005629
3566.372394,0.004744
3568.301205,0.005273
3570.230017,0.007363
3572.158828,0.008323
3574.087640,0.008111
3576.016451,0.007986
3577.945263,0.007583
3579.874074,0.006837
3581.802886,0.005772
3583.731697,0.004142
3585.660509,0.002013
3587.589320,0.001594
3589.518132,0.003951
3591.446943,0.004737
3593.375754,0.003230
3595.304566,0.003214
3597.233377,0.004825
3599.162189,0.005940
3601.091000,0.006541
3603.019812,0.007416
3604.948623,0.007535
3606.877435,0.005714
3608.806246,0.003923
3610.735058,0.003656
3612.663869,0.003353
3614.592681,0.003331
3616.521492,0.003106
3618.450303,0.001472
3620.379115,0.001624
3622.307926,0.003533
3624.236738,0.004114
3626.165549,0.002316
3628.094361,-0.001499
3630.023172,-0.001610
3631.951984,0.002280
3633.880795,0.004328
3635.809607,0.005210
3637.738418,0.005985
3639.667230,0.005907
3641.596041,0.005602
3643.524852,0.005056
3645.453664,0.002939
3647.382475,-0.000656
3649.311287,-0.002906
3651.240098,-0.000641
3653.168910,0.003456
3655.097721,0.004421
3657.026533,0.004337
3658.955344,0.006372
3660.884156,0.007877
3662.812967,0.008079
3664.741779,0.007867
3666.670590,0.006442
3668.599401,0.002812
3670.528213,0.000386
3672.457024,0.001331
3674.385836,0.000033
3676.314647,-0.000704
3678.243459,0.003398
3680.172270,0.006427
3682.101082,0.007556
3684.029893,0.008023
3685.958705,0.006350
3687.887516,0.002969
3689.816328,0.001655
3691.745139,0.003963
3693.673951,0.006638
3695.602762,0.007910
3697.531573,0.008260
3699.460385,0.007725
3701.389196,0.006437
3703.318008,0.006414
3705.246819,0.007317
3707.175631,0.006411
3709.104442,0.003935
3711.033254,0.001826
3712.962065,0.002733
3714.890877,0.005695
3716.819688,0.006876
3718.748500,0.006519
3720.677311,0.005763
3722.606122,0.005219
3724.534934,0.005100
3726.463745,0.005071
3728.392557,0.005557
3730.321368,0.004692
3732.250180,0.001735
3734.178991,-0.000422
3736.107803,-0.000388
3738.036614,0.001502
3739.965426,0.003412
3741.894237,0.001810
3743.823049,-0.003060
3745.751860,-0.004015
3747.680671,-0.001893
3749.609483,-0.003209
3751.538294,-0.003666
3753.467106,-0.000034
3755.395917,0.003081
3757.324729,0.003858
3759.253540,0.003473
3761.182352,0.004498
3763.111163,0.005456
3765.039975,0.004590
3766.968786,0.003959
3768.897598,0.003367
3770.826409,0.003442
3772.755220,0.005138
3774.684032,0.006048
3776.612843,0.005478
3778.541655,0.004286
3780.470466,0.004157
3782.399278,0.005190
3784.328089,0.005349
3786.256901,0.005337
3788.185712,0.005845
3790.114524,0.005852
3792.043335,0.005711
3793.972147,0.004901
3795.900958,0.002821
3797.829769,0.001772
3799.758581,0.000489
3801.687392,-0.001642
3803.616204,-0.000261
3805.545015,0.000930
3807.473827,0.000671
3809.402638,0.002717
3811.331450,0.004243
3813.260261,0.003028
3815.189073,-0.000106
3817.117884,-0.001477
3819.046696,-0.001168
3820.975507,-0.002627
3822.904318,-0.001202
3824.833130,0.001797
3826.761941,0.002031
3828.690753,0.002036
3830.619564,0.001436
3832.548376,-0.000016
3834.477187,-0.000840
3836.405999,-0.002461
3838.334810,-0.003627
3840.263622,-0.002309
3842.192433,-0.000491
3844.121245,0.001050
3846.050056,0.002294
3847.978867,0.001987
3849.907679,-0.000437
3851.836490,-0.005350
3853.765302,-0.009060
3855.694113,-0.005255
3857.622925,-0.000287
3859.551736,0.000912
3861.480548,0.000254
3863.409359,-0.001210
3865.338171,-0.001838
3867.266982,-0.001400
3869.195794,-0.002572
3871.124605,-0.002733
3873.053417,-0.001084
3874.982228,-0.000209
3876.911039,0.000953
3878.839851,0.000387
3880.768662,-0.001301
3882.697474,-0.000714
3884.626285,-0.001159
3886.555097,-0.001605
3888.483908,-0.000010
3890.412720,-0.000368
3892.341531,-0.000946
3894.270343,0.000676
3896.199154,0.001007
3898.127966,-0.001051
3900.056777,-0.003270
3901.985588,-0.004105
3903.914400,-0.003481
3905.843211,-0.001492
3907.772023,0.000827
3909.700834,0.001845
3911.629646,0.001677
3913.558457,0.001185
3915.487269,0.000247
3917.416080,-0.000636
3919.344892,-0.000412
3921.273703,0.000243
3923.202515,0.000210
3925.131326,0.000021
3927.060137,0.000341
3928.988949,0.000391
3930.917760,-0.000382
3932.846572,-0.000665
3934.775383,0.000263
3936.704195,0.000764
3938.633006,0.000500
3940.561818,0.000255
3942.490629,-0.000177
3944.419441,-0.000154
3946.348252,0.000210
3948.277064,-0.000088
3950.205875,-0.000344
3952.134686,-0.000145
3954.063498,0.000078
3955.992309,0.000168
3957.921121,0.000057
3959.849932,0.000008
3961.778744,0.000046
3963.707555,0.000027
3965.636367,0.000108
3967.565178,0.000078
3969.493990,-0.000261
3971.422801,-0.000453
3973.351613,-0.000370
3975.280424,-0.000253
3977.209235,-0.000011
3979.138047,0.000051
3981.066858,-0.000169
3982.995670,-0.000282
3984.924481,-0.000173
3986.853293,-0.000080
3988.782104,-0.000111
3990.710916,-0.000104
3992.639727,-0.000176
3994.568539,-0.000321
3996.497350,-0.000086
3998.426162,0.000177
4000.354973,0.000033
