898.826141,0.007149
900.754953,0.006292
902.683764,0.002837
904.612576,-0.001231
906.541387,-0.001652
908.470199,-0.001503
910.399010,-0.001305
912.327822,0.000071
914.256633,0.000065
916.185445,-0.001528
918.114256,-0.001919
920.043068,-0.000703
921.971879,0.000557
923.900690,0.002115
925.829502,0.002939
927.758313,0.001645
929.687125,0.001680
931.615936,0.001510
933.544748,0.000226
935.473559,0.000163
937.402371,0.000864
939.331182,0.000253
941.259994,-0.000560
943.188805,-0.000438
945.117617,-0.000501
947.046428,-0.000383
948.975240,-0.000082
950.904051,-0.000363
952.832862,-0.000344
954.761674,-0.000172
956.690485,-0.000373
958.619297,-0.000436
960.548108,-0.000295
962.476920,0.000196
964.405731,0.000248
966.334543,-0.000426
968.263354,-0.000356
970.192166,-0.000101
972.120977,-0.000584
974.049789,-0.000655
975.978600,-0.000286
977.907411,-0.000324
979.836223,-0.000400
981.765034,0.000010
983.693846,0.000360
985.622657,0.000235
987.551469,0.000144
989.480280,0.000316
991.409092,0.000563
993.337903,0.000814
995.266715,0.000599
997.195526,0.000236
999.124338,0.000085
1001.053149,-0.000053
1002.981960,-0.000062
1004.910772,0.000233
1006.839583,0.000269
1008.768395,-0.000105
1010.697206,-0.000338
1012.626018,-0.000526
1014.554829,-0.000576
1016.483641,-0.000310
1018.412452,-0.000276
1020.341264,-0.000374
1022.270075,-0.000177
1024.198887,0.000024
1026.127698,0.000089
1028.056509,0.000332
1029.985321,0.000624
1031.914132,0.000654
1033.842944,0.000665
1035.771755,0.000826
1037.700567,0.001150
1039.629378,0.001430
1041.558190,0.001232
1043.487001,0.000941
1045.415813,0.001032
1047.344624,0.001104
1049.273436,0.000950
1051.202247,0.000895
1053.131058,0.000924
1055.059870,0.000855
1056.988681,0.000695
1058.917493,0.000531
1060.846304,0.000254
1062.775116,0.000056
1064.703927,-0.000024
1066.632739,-0.000042
1068.561550,-0.000123
1070.490362,-0.000217
1072.419173,-0.000213
1074.347985,-0.000240
1076.276796,-0.000203
1078.205607,-0.000069
1080.134419,0.000078
1082.063230,0.000239
1083.992042,0.000197
1085.920853,0.000095
1087.849665,0.000216
1089.778476,0.000355
1091.707288,0.000358
1093.636099,0.000302
1095.564911,0.000286
1097.493722,0.000291
1099.422534,0.000248
1101.351345,0.000229
1103.280156,0.000221
1105.208968,0.000159
1107.137779,0.000176
1109.066591,0.000331
1110.995402,0.000408
1112.924214,0.000396
1114.853025,0.000448
1116.781837,0.000463
1118.710648,0.000409
1120.639460,0.000348
1122.568271,0.000275
1124.497083,0.000221
1126.425894,0.000177
1128.354706,0.000263
1130.283517,0.000431
1132.212328,0.000291
1134.141140,-0.000012
1136.069951,-0.000074
1137.998763,-0.000032
1139.927574,-0.000016
1141.856386,0.000042
1143.785197,0.000140
1145.714009,0.000201
1147.642820,0.000113
1149.571632,-0.000039
1151.500443,-0.000018
1153.429255,0.000148
1155.358066,0.000118
1157.286877,-0.000060
1159.215689,-0.000036
1161.144500,0.000047
1163.073312,0.000086
1165.002123,0.000145
1166.930935,0.000225
1168.859746,0.000348
1170.788558,0.000309
1172.717369,0.000098
1174.646181,0.000027
1176.574992,0.000030
1178.503804,0.000074
1180.432615,0.000203
1182.361426,0.000287
1184.290238,0.000304
1186.219049,0.000273
1188.147861,0.000311
1190.076672,0.000393
1192.005484,0.000340
1193.934295,0.000260
1195.863107,0.000258
1197.791918,0.000228
1199.720730,0.000096
1201.649541,0.000043
1203.578353,0.000159
1205.507164,0.000158
1207.435975,0.000098
1209.364787,0.000197
1211.293598,0.000307
1213.222410,0.000398
1215.151221,0.000607
1217.080033,0.000811
1219.008844,0.001058
1220.937656,0.001478
1222.866467,0.001840
1224.795279,0.002093
1226.724090,0.002707
1228.652902,0.003453
1230.581713,0.004331
1232.510524,0.005687
1234.439336,0.007199
1236.368147,0.009161
1238.296959,0.012166
1240.225770,0.016073
1242.154582,0.021470
1244.083393,0.029164
1246.012205,0.038840
1247.941016,0.050129
1249.869828,0.061700
1251.798639,0.070762
1253.727451,0.074803
1255.656262,0.073572
1257.585073,0.073111
1259.513885,0.079575
1261.442696,0.086376
1263.371508,0.082988
1265.300319,0.075361
1267.229131,0.075815
1269.157942,0.082099
1271.086754,0.083481
1273.015565,0.075607
1274.944377,0.061624
1276.873188,0.047363
1278.802000,0.036782
1280.730811,0.030349
1282.659622,0.026443
1284.588434,0.023867
1286.517245,0.022662
1288.446057,0.022046
1290.374868,0.021600
1292.303680,0.021612
1294.232491,0.021662
1296.161303,0.021787
1298.090114,0.022250
1300.018926,0.023029
1301.947737,0.023711
1303.876549,0.024130
1305.805360,0.024562
1307.734172,0.025042
1309.662983,0.025679
1311.591794,0.025775
1313.520606,0.025160
1315.449417,0.024062
1317.378229,0.022426
1319.307040,0.020795
1321.235852,0.019268
1323.164663,0.019945
1325.093475,0.021133
1327.022286,0.017655
1328.951098,0.014018
1330.879909,0.013858
1332.808721,0.013728
1334.737532,0.013566
1336.666343,0.013334
1338.595155,0.012534
1340.523966,0.012535
1342.452778,0.012443
1344.381589,0.011173
1346.310401,0.009406
1348.239212,0.007806
1350.168024,0.006532
1352.096835,0.005292
1354.025647,0.004087
1355.954458,0.003572
1357.883270,0.003278
1359.812081,0.001967
1361.740892,0.000565
1363.669704,0.001303
1365.598515,0.002772
1367.527327,0.002790
1369.456138,0.002670
1371.384950,0.002331
1373.313761,0.001080
1375.242573,0.001098
1377.171384,0.002311
1379.100196,0.002632
1381.029007,0.002568
1382.957819,0.002701
1384.886630,0.001668
1386.815441,-0.000156
1388.744253,0.000306
1390.673064,0.001595
1392.601876,-0.000093
1394.530687,-0.002048
1396.459499,-0.001555
1398.388310,-0.001271
1400.317122,-0.000018
1402.245933,0.001605
1404.174745,0.001290
1406.103556,0.002007
1408.032368,0.003408
1409.961179,0.003642
1411.889990,0.003989
1413.818802,0.004568
1415.747613,0.003685
1417.676425,0.000487
1419.605236,0.000589
1421.534048,0.004710
1423.462859,0.006426
1425.391671,0.007410
1427.320482,0.008350
1429.249294,0.007712
1431.178105,0.008655
1433.106917,0.009678
1435.035728,0.006714
1436.964539,0.005722
1438.893351,0.010595
1440.822162,0.013530
1442.750974,0.013887
1444.679785,0.013792
1446.608597,0.012803
1448.537408,0.012995
1450.466220,0.014158
1452.395031,0.014198
1454.323843,0.010820
1456.252654,0.004442
1458.181466,0.006167
1460.110277,0.013911
1462.039089,0.016179
1463.967900,0.014334
1465.896711,0.015186
1467.825523,0.018099
1469.754334,0.016411
1471.683146,0.011461
1473.611957,0.011493
1475.540769,0.015251
1477.469580,0.018332
1479.398392,0.019926
1481.327203,0.020309
1483.256015,0.020569
1485.184826,0.019521
1487.113638,0.016623
1489.042449,0.014121
1490.971260,0.015497
1492.900072,0.018167
1494.828883,0.016099
1496.757695,0.012866
1498.686506,0.014047
1500.615318,0.016368
1502.544129,0.016080
1504.472941,0.008843
1506.401752,0.000244
1508.330564,0.004783
1510.259375,0.010919
1512.188187,0.012513
1514.116998,0.011657
1516.045809,0.008902
1517.974621,0.007152
1519.903432,0.004506
1521.832244,0.003060
1523.761055,0.006808
1525.689867,0.008948
1527.618678,0.010358
1529.547490,0.012739
1531.476301,0.010918
1533.405113,0.008300
1535.333924,0.010486
1537.262736,0.007739
1539.191547,-0.001704
1541.120358,-0.002067
1543.049170,0.004167
1544.977981,0.009331
1546.906793,0.013389
1548.835604,0.014455
1550.764416,0.014836
1552.693227,0.014686
1554.622039,0.013811
1556.550850,0.010240
1558.479662,0.005328
1560.408473,0.017326
1562.337285,0.033455
1564.266096,0.042712
1566.194907,0.052157
1568.123719,0.061609
1570.052530,0.076387
1571.981342,0.099203
1573.910153,0.119301
1575.838965,0.144938
1577.767776,0.184507
1579.696588,0.225934
1581.625399,0.269640
1583.554211,0.316562
1585.483022,0.366273
1587.411834,0.420347
1589.340645,0.479351
1591.269456,0.540927
1593.198268,0.594709
1595.127079,0.632566
1597.055891,0.651121
1598.984702,0.656223
1600.913514,0.646206
1602.842325,0.627050
1604.771137,0.610516
1606.699948,0.588563
1608.628760,0.559932
1610.557571,0.514641
1612.486383,0.460004
1614.415194,0.398571
1616.344005,0.341708
1618.272817,0.390591
1620.201628,0.548184
1622.130440,0.711589
1624.059251,0.816602
1625.988063,0.882169
1627.916874,0.917990
1629.845686,0.908592
1631.774497,0.840245
1633.703309,0.738116
1635.632120,0.612119
1637.560932,0.504126
1639.489743,0.418093
1641.418555,0.327849
1643.347366,0.244878
1645.276177,0.171732
1647.204989,0.107197
1649.133800,0.067673
1651.062612,0.036641
1652.991423,0.006381
1654.920235,0.002463
1656.849046,0.006999
1658.777858,0.005776
1660.706669,0.002567
1662.635481,0.000358
1664.564292,0.002092
1666.493104,0.002605
1668.421915,-0.001329
1670.350726,-0.000995
1672.279538,0.002368
1674.208349,0.002634
1676.137161,0.005472
1678.065972,0.011005
1679.994784,0.013419
1681.923595,0.011229
1683.852407,0.008520
1685.781218,0.015506
1687.710030,0.023117
1689.638841,0.025148
1691.567653,0.026992
1693.496464,0.024050
1695.425275,0.020275
1697.354087,0.025040
1699.282898,0.023739
1701.211710,0.019815
1703.140521,0.024340
1705.069333,0.027627
1706.998144,0.030146
1708.926956,0.035873
1710.855767,0.042330
1712.784579,0.043802
1714.713390,0.039595
1716.642202,0.036877
1718.571013,0.041015
1720.499824,0.048150
1722.428636,0.051624
1724.357447,0.052812
1726.286259,0.054140
1728.215070,0.054219
1730.143882,0.054775
1732.072693,0.053777
1734.001505,0.055614
1735.930316,0.067309
1737.859128,0.075783
1739.787939,0.079590
1741.716751,0.084070
1743.645562,0.086206
1745.574373,0.084840
1747.503185,0.081765
1749.431996,0.078268
1751.360808,0.078735
1753.289619,0.082551
1755.218431,0.082878
1757.147242,0.080650
1759.076054,0.076730
1761.004865,0.066617
1762.933677,0.054991
1764.862488,0.046027
1766.791300,0.035105
1768.720111,0.024726
1770.648922,0.016270
1772.577734,0.010455
1774.506545,0.010803
1776.435357,0.011684
1778.364168,0.010437
1780.292980,0.009353
1782.221791,0.009295
1784.150603,0.009330
1786.079414,0.009723
1788.008226,0.010400
1789.937037,0.008208
1791.865849,0.005012
1793.794660,0.006029
1795.723471,0.008108
1797.652283,0.007661
1799.581094,0.006023
1801.509906,0.005814
1803.438717,0.007297
1805.367529,0.008186
1807.296340,0.007807
1809.225152,0.006776
1811.153963,0.006148
1813.082775,0.006596
1815.011586,0.006762
1816.940398,0.006186
1818.869209,0.005752
1820.798021,0.005551
1822.726832,0.004321
1824.655643,0.002762
1826.584455,0.002622
1828.513266,0.001822
1830.442078,0.001534
1832.370889,0.003745
1834.299701,0.004902
1836.228512,0.004542
1838.157324,0.004699
1840.086135,0.004828
1842.014947,0.002822
1843.943758,0.000364
1845.872570,0.001697
1847.801381,0.003908
1849.730192,0.004514
1851.659004,0.004795
1853.587815,0.004706
1855.516627,0.004434
1857.445438,0.004102
1859.374250,0.003723
1861.303061,0.003398
1863.231873,0.002881
1865.160684,0.001778
1867.089496,-0.000532
1869.018307,-0.001879
1870.947119,-0.000404
1872.875930,0.001584
1874.804741,0.002777
1876.733553,0.002438
1878.662364,0.001232
1880.591176,0.001248
1882.519987,0.001884
1884.448799,0.002299
1886.377610,0.002459
1888.306422,0.001980
1890.235233,0.002268
1892.164045,0.003458
1894.092856,0.003965
1896.021668,0.004247
1897.950479,0.004767
1899.879290,0.005012
1901.808102,0.005017
1903.736913,0.005020
1905.665725,0.004831
1907.594536,0.004423
1909.523348,0.004241
1911.452159,0.004344
1913.380971,0.004406
1915.309782,0.003502
1917.238594,0.002001
1919.167405,0.001956
1921.096217,0.002346
1923.025028,0.002132
1924.953839,0.002498
1926.882651,0.002735
1928.811462,0.002419
1930.740274,0.002206
1932.669085,0.002057
1934.597897,0.001875
1936.526708,0.001605
1938.455520,0.001323
1940.384331,0.000558
1942.313143,-0.000275
1944.241954,0.000035
1946.170766,0.000636
1948.099577,0.000804
1950.028388,0.000882
1951.957200,0.000805
1953.886011,0.000583
1955.814823,0.000445
1957.743634,0.000506
1959.672446,0.000544
1961.601257,0.000504
1963.530069,0.000498
1965.458880,0.000200
1967.387692,0.000007
1969.316503,0.000318
1971.245315,0.000379
1973.174126,0.000215
1975.102938,0.000346
1977.031749,0.000523
1978.960560,0.000533
1980.889372,0.000382
1982.818183,0.000300
1984.746995,0.000341
1986.675806,0.000304
1988.604618,0.000088
1990.533429,-0.000392
1992.462241,-0.000460
1994.391052,0.000114
1996.319864,0.000351
1998.248675,0.000199
2000.177487,0.000215
2002.106298,0.000276
2004.035109,0.000155
2005.963921,0.000044
2007.892732,0.000104
2009.821544,0.000153
2011.750355,0.000199
2013.679167,0.000139
2015.607978,-0.000163
2017.536790,-0.000230
2019.465601,0.000037
2021.394413,0.000203
2023.323224,0.000241
2025.252036,0.000269
2027.180847,0.000263
2029.109658,0.000185
2031.038470,0.000090
2032.967281,0.000077
2034.896093,0.000014
2036.824904,-0.000099
2038.753716,-0.000083
2040.682527,-0.000077
2042.611339,-0.000119
2044.540150,-0.000106
2046.468962,-0.000111
2048.397773,-0.000108
2050.326585,-0.000079
2052.255396,-0.000055
2054.184207,0.000003
2056.113019,-0.000006
2058.041830,-0.000136
2059.970642,-0.000207
2061.899453,-0.000203
2063.828265,-0.000299
2065.757076,-0.000373
2067.685888,-0.000320
2069.614699,-0.000290
2071.543511,-0.000284
2073.472322,-0.000287
2075.401134,-0.000253
2077.329945,-0.000142
2079.258756,-0.000136
2081.187568,-0.000251
2083.116379,-0.000288
2085.045191,-0.000197
2086.974002,-0.000206
2088.902814,-0.000375
2090.831625,-0.000338
2092.760437,-0.000190
2094.689248,-0.000232
2096.618060,-0.000217
2098.546871,-0.000164
2100.475683,-0.000268
2102.404494,-0.000326
2104.333305,-0.000296
2106.262117,-0.000278
2108.190928,-0.000259
2110.119740,-0.000241
2112.048551,-0.000267
2113.977363,-0.000347
2115.906174,-0.000354
2117.834986,-0.000276
2119.763797,-0.000237
2121.692609,-0.000227
2123.621420,-0.000237
2125.550232,-0.000279
2127.479043,-0.000346
2129.407854,-0.000459
2131.336666,-0.000544
2133.265477,-0.000518
2135.194289,-0.000423
2137.123100,-0.000359
2139.051912,-0.000371
2140.980723,-0.000441
2142.909535,-0.000527
2144.838346,-0.000489
2146.767158,-0.000327
2148.695969,-0.000294
2150.624781,-0.000335
2152.553592,-0.000276
2154.482404,-0.000260
2156.411215,-0.000239
2158.340026,-0.000139
2160.268838,-0.000127
2162.197649,-0.000091
2164.126461,0.000078
2166.055272,0.000134
2167.984084,0.000094
2169.912895,0.000148
2171.841707,0.000235
2173.770518,0.000298
2175.699330,0.000313
2177.628141,0.000367
2179.556953,0.000590
2181.485764,0.000813
2183.414575,0.000958
2185.343387,0.001146
2187.272198,0.001383
2189.201010,0.001600
2191.129821,0.001859
2193.058633,0.002227
2194.987444,0.002546
2196.916256,0.002832
2198.845067,0.003195
2200.773879,0.003556
2202.702690,0.003935
2204.631502,0.004260
2206.560313,0.004492
2208.489124,0.004703
2210.417936,0.004782
2212.346747,0.004680
2214.275559,0.004456
2216.204370,0.004060
2218.133182,0.003479
2220.061993,0.002698
2221.990805,0.001836
2223.919616,0.001564
2225.848428,0.002320
2227.777239,0.003541
2229.706051,0.004592
2231.634862,0.005447
2233.563673,0.006162
2235.492485,0.006498
2237.421296,0.006405
2239.350108,0.006153
2241.278919,0.005715
2243.207731,0.004968
2245.136542,0.004056
2247.065354,0.003142
2248.994165,0.002343
2250.922977,0.001623
2252.851788,0.001006
2254.780600,0.000647
2256.709411,0.000339
2258.638222,0.000045
2260.567034,0.000004
2262.495845,0.000040
2264.424657,0.000059
2266.353468,0.000075
2268.282280,-0.000001
2270.211091,0.000027
2272.139903,0.000133
2274.068714,0.000209
2275.997526,0.000346
2277.926337,0.000402
2279.855149,0.000374
2281.783960,0.000394
2283.712771,0.000336
2285.641583,0.000270
2287.570394,0.000373
2289.499206,0.000445
2291.428017,0.000404
2293.356829,0.000368
2295.285640,0.000306
2297.214452,0.000355
2299.143263,0.000499
2301.072075,0.000420
2303.000886,0.000279
2304.929698,0.000276
2306.858509,0.000225
2308.787320,0.000189
2310.716132,0.000238
2312.644943,0.000258
2314.573755,0.000246
2316.502566,0.000148
2318.431378,0.000002
2320.360189,-0.000037
2322.289001,0.000028
2324.217812,-0.000037
2326.146624,-0.000159
2328.075435,-0.000196
2330.004247,-0.000164
2331.933058,-0.000030
2333.861870,0.000122
2335.790681,0.000094
2337.719492,0.000110
2339.648304,0.000302
2341.577115,0.000492
2343.505927,0.000697
2345.434738,0.000932
2347.363550,0.001109
2349.292361,0.001031
2351.221173,0.000651
2353.149984,0.000385
2355.078796,0.000418
2357.007607,0.000132
2358.936419,-0.000243
2360.865230,-0.000267
2362.794041,0.000005
2364.722853,-0.000034
2366.651664,-0.000359
2368.580476,-0.000450
2370.509287,-0.000253
2372.438099,-0.000124
2374.366910,-0.000229
2376.295722,-0.000281
2378.224533,-0.000167
2380.153345,0.000004
2382.082156,-0.000039
2384.010968,-0.000108
2385.939779,-0.000057
2387.868590,0.000010
2389.797402,0.000003
2391.726213,0.000001
2393.655025,0.000023
2395.583836,0.000041
2397.512648,0.000067
2399.441459,0.000098
2401.370271,0.000151
2403.299082,0.000161
2405.227894,0.000056
2407.156705,0.000026
2409.085517,0.000126
2411.014328,0.000131
2412.943139,0.000037
2414.871951,-0.000002
2416.800762,0.000049
2418.729574,0.000145
2420.658385,0.000237
2422.587197,0.000241
2424.516008,0.000132
2426.444820,0.000050
2428.373631,0.000016
2430.302443,0.000011
2432.231254,0.000045
2434.160066,0.000085
2436.088877,0.000132
2438.017688,0.000125
2439.946500,0.000158
2441.875311,0.000286
2443.804123,0.000298
2445.732934,0.000180
2447.661746,0.000104
2449.590557,0.000162
2451.519369,0.000304
2453.448180,0.000399
2455.376992,0.000356
2457.305803,0.000237
2459.234615,0.000190
2461.163426,0.000312
2463.092237,0.000513
2465.021049,0.000483
2466.949860,0.000310
2468.878672,0.000407
2470.807483,0.000628
2472.736295,0.000648
2474.665106,0.000620
2476.593918,0.000661
2478.522729,0.000623
2480.451541,0.000622
2482.380352,0.000762
2484.309164,0.000826
2486.237975,0.000780
2488.166786,0.000757
2490.095598,0.000850
2492.024409,0.000985
2493.953221,0.001010
2495.882032,0.001034
2497.810844,0.001048
2499.739655,0.000949
2501.668467,0.000950
2503.597278,0.001053
2505.526090,0.001122
2507.454901,0.001198
2509.383713,0.001113
2511.312524,0.000993
2513.241336,0.001165
2515.170147,0.001319
2517.098958,0.001241
2519.027770,0.001123
2520.956581,0.001030
2522.885393,0.000971
2524.814204,0.000907
2526.743016,0.000895
2528.671827,0.000933
2530.600639,0.000872
2532.529450,0.000877
2534.458262,0.000963
2536.387073,0.000920
2538.315885,0.000875
2540.244696,0.000911
2542.173507,0.000950
2544.102319,0.000927
2546.031130,0.000848
2547.959942,0.000897
2549.888753,0.000971
2551.817565,0.000890
2553.746376,0.000848
2555.675188,0.000924
2557.603999,0.000970
2559.532811,0.000989
2561.461622,0.001023
2563.390434,0.000951
2565.319245,0.000885
2567.248056,0.001011
2569.176868,0.001128
2571.105679,0.001194
2573.034491,0.001269
2574.963302,0.001315
2576.892114,0.001348
2578.820925,0.001300
2580.749737,0.001289
2582.678548,0.001362
2584.607360,0.001366
2586.536171,0.001387
2588.464983,0.001390
2590.393794,0.001301
2592.322605,0.001264
2594.251417,0.001269
2596.180228,0.001220
2598.109040,0.001126
2600.037851,0.001053
2601.966663,0.001107
2603.895474,0.001244
2605.824286,0.001308
2607.753097,0.001276
2609.681909,0.001255
2611.610720,0.001338
2613.539532,0.001434
2615.468343,0.001469
2617.397154,0.001591
2619.325966,0.001812
2621.254777,0.001993
2623.183589,0.002073
2625.112400,0.001997
2627.041212,0.001883
2628.970023,0.002004
2630.898835,0.002209
2632.827646,0.002185
2634.756458,0.002125
2636.685269,0.002148
2638.614081,0.002035
2640.542892,0.001793
2642.471703,0.001515
2644.400515,0.001286
2646.329326,0.001195
2648.258138,0.001160
2650.186949,0.001134
2652.115761,0.001117
2654.044572,0.001023
2655.973384,0.000949
2657.902195,0.001000
2659.831007,0.001006
2661.759818,0.000937
2663.688630,0.000918
2665.617441,0.000909
2667.546253,0.000884
2669.475064,0.000877
2671.403875,0.000877
2673.332687,0.000836
2675.261498,0.000803
2677.190310,0.000842
2679.119121,0.000854
2681.047933,0.000823
2682.976744,0.000820
2684.905556,0.000831
2686.834367,0.000855
2688.763179,0.000854
2690.691990,0.000778
2692.620802,0.000706
2694.549613,0.000769
2696.478424,0.000885
2698.407236,0.000911
2700.336047,0.000880
2702.264859,0.000855
2704.193670,0.000881
2706.122482,0.000861
2708.051293,0.000758
2709.980105,0.000702
2711.908916,0.000686
2713.837728,0.000777
2715.766539,0.000886
2717.695351,0.000811
2719.624162,0.000725
2721.552973,0.000709
2723.481785,0.000691
2725.410596,0.000627
2727.339408,0.000560
2729.268219,0.000653
2731.197031,0.000779
2733.125842,0.000819
2735.054654,0.000795
2736.983465,0.000648
2738.912277,0.000563
2740.841088,0.000576
2742.769900,0.000563
2744.698711,0.000694
2746.627522,0.000816
2748.556334,0.000697
2750.485145,0.000604
2752.413957,0.000597
2754.342768,0.000593
2756.271580,0.000639
2758.200391,0.000589
2760.129203,0.000532
2762.058014,0.000588
2763.986826,0.000578
2765.915637,0.000532
2767.844449,0.000491
2769.773260,0.000390
2771.702071,0.000283
2773.630883,0.000308
2775.559694,0.000466
2777.488506,0.000499
2779.417317,0.000496
2781.346129,0.000606
2783.274940,0.000520
2785.203752,0.000387
2787.132563,0.000452
2789.061375,0.000440
2790.990186,0.000397
2792.918998,0.000386
2794.847809,0.000290
2796.776620,0.000293
2798.705432,0.000351
2800.634243,0.000360
2802.563055,0.000407
2804.491866,0.000367
2806.420678,0.000337
2808.349489,0.000394
2810.278301,0.000417
2812.207112,0.000484
2814.135924,0.000453
2816.064735,0.000313
2817.993547,0.000241
2819.922358,0.000208
2821.851169,0.000311
2823.779981,0.000396
2825.708792,0.000333
2827.637604,0.000355
2829.566415,0.000449
2831.495227,0.000450
2833.424038,0.000328
2835.352850,0.000434
2837.281661,0.000759
2839.210473,0.000877
2841.139284,0.000877
2843.068096,0.000987
2844.996907,0.001199
2846.925719,0.001526
2848.854530,0.001973
2850.783341,0.002459
2852.712153,0.002892
2854.640964,0.003362
2856.569776,0.004023
2858.498587,0.004878
2860.427399,0.005801
2862.356210,0.006871
2864.285022,0.008374
2866.213833,0.010182
2868.142645,0.012124
2870.071456,0.014286
2872.000268,0.016660
2873.929079,0.019392
2875.857890,0.022441
2877.786702,0.025527
2879.715513,0.028556
2881.644325,0.031392
2883.573136,0.034046
2885.501948,0.036259
2887.430759,0.037764
2889.359571,0.038886
2891.288382,0.039431
2893.217194,0.038928
2895.146005,0.037359
2897.074817,0.035044
2899.003628,0.032201
2900.932439,0.029114
2902.861251,0.025621
2904.790062,0.020679
2906.718874,0.018487
2908.647685,0.025298
2910.576497,0.037578
2912.505308,0.048437
2914.434120,0.056520
2916.362931,0.061313
2918.291743,0.062118
2920.220554,0.059242
2922.149366,0.053446
2924.078177,0.045614
2926.006988,0.036253
2927.935800,0.026430
2929.864611,0.017529
2931.793423,0.010442
2933.722234,0.005476
2935.651046,0.002473
2937.579857,0.001139
2939.508669,0.000877
2941.437480,0.000927
2943.366292,0.000994
2945.295103,0.001103
2947.223915,0.001171
2949.152726,0.001225
2951.081537,0.001372
2953.010349,0.001610
2954.939160,0.001886
2956.867972,0.001979
2958.796783,0.001943
2960.725595,0.002112
2962.654406,0.002379
2964.583218,0.002516
2966.512029,0.002568
2968.440841,0.002482
2970.369652,0.002348
2972.298464,0.002387
2974.227275,0.002423
2976.156086,0.002342
2978.084898,0.002349
2980.013709,0.002402
2981.942521,0.002209
2983.871332,0.001689
2985.800144,0.001154
2987.728955,0.000990
2989.657767,0.001109
2991.586578,0.001050
2993.515390,0.000794
2995.444201,0.000608
2997.373013,0.000507
2999.301824,0.000511
3001.230635,0.000458
3003.159447,0.000255
3005.088258,0.000188
3007.017070,0.000166
3008.945881,0.000068
3010.874693,0.000198
3012.803504,0.000279
3014.732316,0.000152
3016.661127,0.000042
3018.589939,0.000069
3020.518750,0.000102
3022.447562,0.000052
3024.376373,0.000137
3026.305185,0.000323
3028.233996,0.000377
3030.162807,0.000410
3032.091619,0.000376
3034.020430,0.000279
3035.949242,0.000335
3037.878053,0.000494
3039.806865,0.000644
3041.735676,0.000770
3043.664488,0.000839
3045.593299,0.000755
3047.522111,0.000669
3049.450922,0.000781
3051.379734,0.000932
3053.308545,0.001103
3055.237356,0.001197
3057.166168,0.001130
3059.094979,0.001152
3061.023791,0.001175
3062.952602,0.001103
3064.881414,0.001079
3066.810225,0.001134
3068.739037,0.001303
3070.667848,0.001427
3072.596660,0.001367
3074.525471,0.001303
3076.454283,0.001295
3078.383094,0.001219
3080.311905,0.001123
3082.240717,0.001258
3084.169528,0.001535
3086.098340,0.001610
3088.027151,0.001539
3089.955963,0.001537
3091.884774,0.001673
3093.813586,0.001799
3095.742397,0.001735
3097.671209,0.001761
3099.600020,0.001942
3101.528832,0.002043
3103.457643,0.002206
3105.386454,0.002365
3107.315266,0.002422
3109.244077,0.002619
3111.172889,0.002794
3113.101700,0.002715
3115.030512,0.002544
3116.959323,0.002411
3118.888135,0.002405
3120.816946,0.002425
3122.745758,0.002374
3124.674569,0.002374
3126.603381,0.002173
3128.532192,0.001869
3130.461003,0.001855
3132.389815,0.001791
3134.318626,0.001556
3136.247438,0.001444
3138.176249,0.001389
3140.105061,0.001166
3142.033872,0.000853
3143.962684,0.000822
3145.891495,0.000941
3147.820307,0.000952
3149.749118,0.001001
3151.677930,0.000986
3153.606741,0.000794
3155.535552,0.000657
3157.464364,0.000711
3159.393175,0.000738
3161.321987,0.000654
3163.250798,0.000682
3165.179610,0.000851
3167.108421,0.000916
3169.037233,0.000696
3170.966044,0.000478
3172.894856,0.000474
3174.823667,0.000414
3176.752479,0.000341
3178.681290,0.000347
3180.610102,0.000332
3182.538913,0.000269
3184.467724,0.000101
3186.396536,0.000065
3188.325347,0.000226
3190.254159,0.000186
3192.182970,-0.000058
3194.111782,-0.000237
3196.040593,-0.000312
3197.969405,-0.000293
3199.898216,-0.000198
3201.827028,-0.000182
3203.755839,-0.000168
3205.684651,-0.000079
3207.613462,-0.000174
3209.542273,-0.000296
3211.471085,-0.000332
3213.399896,-0.000530
3215.328708,-0.000637
3217.257519,-0.000635
3219.186331,-0.000754
3221.115142,-0.000741
3223.043954,-0.000565
3224.972765,-0.000412
3226.901577,-0.000381
3228.830388,-0.000511
3230.759200,-0.000662
3232.688011,-0.000660
3234.616822,-0.000495
3236.545634,-0.000462
3238.474445,-0.000473
3240.403257,-0.000287
3242.332068,-0.000363
3244.260880,-0.000615
3246.189691,-0.000609
3248.118503,-0.000615
3250.047314,-0.000653
3251.976126,-0.000549
3253.904937,-0.000444
3255.833749,-0.000414
3257.762560,-0.000524
3259.691371,-0.000692
3261.620183,-0.000535
3263.548994,-0.000199
3265.477806,-0.000174
3267.406617,-0.000216
3269.335429,-0.000198
3271.264240,-0.000327
3273.193052,-0.000410
3275.121863,-0.000440
3277.050675,-0.000356
3278.979486,-0.000076
3280.908298,0.000062
3282.837109,0.000036
3284.765920,0.000025
3286.694732,-0.000127
3288.623543,-0.000367
3290.552355,-0.000272
3292.481166,0.000069
3294.409978,0.000215
3296.338789,0.000176
3298.267601,0.000151
3300.196412,0.000105
3302.125224,-0.000054
3304.054035,-0.000117
3305.982847,-0.000049
3307.911658,-0.000163
3309.840469,-0.000333
3311.769281,-0.000279
3313.698092,-0.000150
3315.626904,-0.000147
3317.555715,-0.000089
3319.484527,0.000066
3321.413338,0.000088
3323.342150,0.000144
3325.270961,0.000196
3327.199773,-0.000031
3329.128584,-0.000174
3331.057396,-0.000085
3332.986207,0.000037
3334.915018,-0.000014
3336.843830,-0.000221
3338.772641,-0.000215
3340.701453,-0.000135
3342.630264,-0.000238
3344.559076,-0.000118
3346.487887,0.000155
3348.416699,0.000157
3350.345510,0.000096
3352.274322,0.000096
3354.203133,-0.000073
3356.131945,-0.000205
3358.060756,0.000033
3359.989568,0.000277
3361.918379,0.000158
3363.847190,-0.000030
3365.776002,-0.000242
3367.704813,-0.000360
3369.633625,0.000005
3371.562436,0.000249
3373.491248,0.000152
3375.420059,0.000182
3377.348871,0.000098
3379.277682,0.000125
3381.206494,0.000389
3383.135305,0.000523
3385.064117,0.000672
3386.992928,0.000723
3388.921739,0.000727
3390.850551,0.000749
3392.779362,0.000470
3394.708174,0.000240
3396.636985,0.000025
3398.565797,0.000026
3400.494608,0.000271
3402.423420,0.000171
3404.352231,-0.000087
3406.281043,-0.000028
3408.209854,0.000202
3410.138666,0.000254
3412.067477,-0.000044
3413.996288,-0.000423
3415.925100,-0.000347
3417.853911,-0.000087
3419.782723,-0.000161
3421.711534,-0.000232
3423.640346,-0.000289
3425.569157,-0.000347
3427.497969,-0.000285
3429.426780,-0.000499
3431.355592,-0.000742
3433.284403,-0.000695
3435.213215,-0.000351
3437.142026,-0.000008
3439.070837,-0.000288
3440.999649,-0.000458
3442.928460,-0.000173
3444.857272,-0.000223
3446.786083,-0.000203
3448.714895,0.000162
3450.643706,0.000336
3452.572518,0.000206
3454.501329,-0.000013
3456.430141,-0.000084
3458.358952,-0.000206
3460.287764,-0.000362
3462.216575,-0.000116
3464.145386,0.000239
3466.074198,0.000284
3468.003009,0.000105
3469.931821,-0.000263
3471.860632,-0.000660
3473.789444,-0.000740
3475.718255,-0.000414
3477.647067,-0.000291
3479.575878,-0.000659
3481.504690,-0.000717
3483.433501,-0.000429
3485.362313,-0.000338
3487.291124,-0.000189
3489.219935,0.000095
3491.148747,0.000244
3493.077558,0.000170
3495.006370,-0.000034
3496.935181,-0.000192
3498.863993,-0.000250
3500.792804,-0.000526
3502.721616,-0.001023
3504.650427,-0.000889
3506.579239,-0.000391
3508.508050,-0.000488
3510.436862,-0.000555
3512.365673,-0.000094
3514.294484,0.000353
3516.223296,0.000527
3518.152107,0.000390
3520.080919,0.000176
3522.009730,0.000240
3523.938542,0.000373
3525.867353,0.000556
3527.796165,0.001144
3529.724976,0.002016
3531.653788,0.002817
3533.582599,0.003185
3535.511411,0.003164
3537.440222,0.003296
3539.369034,0.003604
3541.297845,0.003730
3543.226656,0.003547
3545.155468,0.002992
3547.084279,0.002601
3549.013091,0.003067
3550.941902,0.003651
3552.870714,0.003834
3554.799525,0.004338
3556.728337,0.004961
3558.657148,0.005162
3560.585960,0.005044
3562.514771,0.004684
3564.443583,0.003959
3566.372394,0.002911
3568.301205,0.003360
3570.230017,0.005721
3572.158828,0.007045
3574.087640,0.006741
3576.016451,0.006339
3577.945263,0.005848
3579.874074,0.005103
3581.802886,0.004568
3583.731697,0.003607
3585.660509,0.001468
3587.589320,0.000746
3589.518132,0.002734
3591.446943,0.003285
3593.375754,0.002028
3595.304566,0.002220
3597.233377,0.003659
3599.162189,0.004689
3601.091000,0.005366
3603.019812,0.006140
3604.948623,0.006292
3606.877435,0.004811
3608.806246,0.003258
3610.735058,0.003243
3612.663869,0.002980
3614.592681,0.002560
3616.521492,0.002169
3618.450303,0.000667
3620.379115,0.001155
3622.307926,0.003518
3624.236738,0.004131
3626.165549,0.002083
3628.094361,-0.001753
3630.023172,-0.001656
3631.951984,0.002284
3633.880795,0.004213
3635.809607,0.005254
3637.738418,0.006374
3639.667230,0.006374
3641.596041,0.006086
3643.524852,0.005569
3645.453664,0.003313
3647.382475,-0.000347
3649.311287,-0.002609
3651.240098,-0.000365
3653.168910,0.003856
3655.097721,0.005036
3657.026533,0.005258
3658.955344,0.007438
3660.884156,0.008885
3662.812967,0.009023
3664.741779,0.008761
3666.670590,0.007472
3668.599401,0.003976
3670.528213,0.001442
3672.457024,0.002330
3674.385836,0.001039
3676.314647,0.000321
3678.243459,0.004541
3680.172270,0.007634
3682.101082,0.008701
3684.029893,0.009082
3685.958705,0.007433
3687.887516,0.004086
3689.816328,0.002743
3691.745139,0.005334
3693.673951,0.008351
3695.602762,0.009510
3697.531573,0.009646
3699.460385,0.008949
3701.389196,0.007596
3703.318008,0.007937
3705.246819,0.009101
3707.175631,0.008013
3709.104442,0.005252
3711.033254,0.002929
3712.962065,0.003793
3714.890877,0.006973
3716.819688,0.008480
3718.748500,0.008243
3720.677311,0.007289
3722.606122,0.006502
3724.534934,0.006506
3726.463745,0.006691
3728.392557,0.007057
3730.321368,0.006161
3732.250180,0.003132
3734.178991,0.000746
3736.107803,0.000807
3738.036614,0.002719
3739.965426,0.004795
3741.894237,0.003441
3743.823049,-0.001610
3745.751860,-0.002912
3747.680671,-0.000921
3749.609483,-0.002150
3751.538294,-0.002383
3753.467106,0.001223
3755.395917,0.004070
3757.324729,0.004692
3759.253540,0.004346
3761.182352,0.005509
3763.111163,0.006641
3765.039975,0.005876
3766.968786,0.005314
3768.897598,0.004768
3770.826409,0.004876
3772.755220,0.006549
3774.684032,0.007333
3776.612843,0.006855
3778.541655,0.005714
3780.470466,0.005348
3782.399278,0.006441
3784.328089,0.006735
3786.256901,0.006670
3788.185712,0.007285
3790.114524,0.007233
3792.043335,0.006891
3793.972147,0.006150
3795.900958,0.004038
3797.829769,0.002902
3799.758581,0.001734
3801.687392,-0.000316
3803.616204,0.001083
3805.545015,0.002051
3807.473827,0.001541
3809.402638,0.003742
3811.331450,0.005464
3813.260261,0.004238
3815.189073,0.000925
3817.117884,-0.000476
3819.046696,-0.000029
3820.975507,-0.001672
3822.904318,-0.000497
3824.833130,0.002588
3826.761941,0.003021
3828.690753,0.003058
3830.619564,0.002310
3832.548376,0.000784
3834.477187,0.000063
3836.405999,-0.001497
3838.334810,-0.002763
3840.263622,-0.001369
3842.192433,0.000601
3844.121245,0.001985
3846.050056,0.003038
3847.978867,0.002598
3849.907679,0.000151
3851.836490,-0.004534
3853.765302,-0.008230
3855.694113,-0.004509
3857.622925,0.000632
3859.551736,0.001868
3861.480548,0.001054
3863.409359,-0.000526
3865.338171,-0.001159
3867.266982,-0.000743
3869.195794,-0.002214
3871.124605,-0.002574
3873.053417,-0.000649
3874.982228,0.000460
3876.911039,0.001569
3878.839851,0.000764
3880.768662,-0.001210
3882.697474,-0.000499
3884.626285,-0.000630
3886.555097,-0.001058
3888.483908,0.000406
3890.412720,-0.000034
3892.341531,-0.000591
3894.270343,0.001028
3896.199154,0.001161
3898.127966,-0.001078
3900.056777,-0.003189
3901.985588,-0.003972
3903.914400,-0.003628
3905.843211,-0.001622
3907.772023,0.000934
3909.700834,0.002006
3911.629646,0.002069
3913.558457,0.001566
3915.487269,0.000175
3917.416080,-0.000825
3919.344892,-0.000388
3921.273703,0.000542
3923.202515,0.000533
3925.131326,-0.000035
3927.060137,0.000156
3928.988949,0.000332
3930.917760,-0.000283
3932.846572,-0.000418
3934.775383,0.000201
3936.704195,0.000480
3938.633006,0.000427
3940.561818,0.000198
3942.490629,-0.000332
3944.419441,-0.000364
3946.348252,-0.000012
3948.277064,-0.000310
3950.205875,-0.000654
3952.134686,-0.000385
3954.063498,-0.000211
3955.992309,-0.000328
3957.921121,-0.000262
3959.849932,-0.000218
3961.778744,-0.000361
3963.707555,-0.000339
3965.636367,-0.000089
3967.565178,-0.000036
3969.493990,0.000043
3971.422801,0.000239
3973.351613,0.000098
3975.280424,-0.000093
3977.209235,-0.000012
3979.138047,0.000174
3981.066858,0.000307
3982.995670,0.000174
3984.924481,0.000002
3986.853293,-0.000001
3988.782104,0.000017
3990.710916,0.000147
3992.639727,0.000146
3994.568539,0.000077
3996.497350,0.000465
3998.426162,0.000690
4000.354973,0.000376
