898.826141,0.004955
900.754953,0.002818
902.683764,-0.000812
904.612576,-0.002331
906.541387,-0.001525
908.470199,-0.000194
910.399010,0.000019
912.327822,-0.001972
914.256633,-0.001531
916.185445,0.000402
918.114256,-0.000931
920.043068,-0.001426
921.971879,0.000977
923.900690,0.002602
925.829502,0.001541
927.758313,0.001176
929.687125,0.000377
931.615936,0.000043
933.544748,0.001355
935.473559,0.001642
937.402371,0.000647
939.331182,0.000038
941.259994,-0.000376
943.188805,-0.000575
945.117617,-0.000741
947.046428,-0.000885
948.975240,-0.000919
950.904051,-0.000963
952.832862,-0.000953
954.761674,-0.000595
956.690485,-0.000019
958.619297,-0.000243
960.548108,-0.000838
962.476920,-0.000748
964.405731,-0.000469
966.334543,-0.000285
968.263354,0.000080
970.192166,0.000445
972.120977,0.000255
974.049789,-0.000355
975.978600,-0.000557
977.907411,-0.000234
979.836223,0.000043
981.765034,0.000207
983.693846,0.000564
985.622657,0.000602
987.551469,0.000061
989.480280,-0.000014
991.409092,0.000625
993.337903,0.000930
995.266715,0.000521
997.195526,0.000207
999.124338,-0.000095
1001.053149,-0.000263
1002.981960,-0.000026
1004.910772,0.000130
1006.839583,-0.000087
1008.768395,-0.000389
1010.697206,-0.000498
1012.626018,-0.000486
1014.554829,-0.000496
1016.483641,-0.000417
1018.412452,-0.000427
1020.341264,-0.000666
1022.270075,-0.000694
1024.198887,-0.000404
1026.127698,-0.000063
1028.056509,0.000239
1029.985321,0.000071
1031.914132,-0.000487
1033.842944,-0.000454
1035.771755,0.000116
1037.700567,0.000512
1039.629378,0.000553
1041.558190,0.000364
1043.487001,0.000292
1045.415813,0.000297
1047.344624,0.000120
1049.273436,-0.000087
1051.202247,0.000033
1053.131058,0.000316
1055.059870,0.000267
1056.988681,0.000071
1058.917493,-0.000148
1060.846304,-0.000289
1062.775116,-0.000089
1064.703927,-0.000009
1066.632739,-0.000313
1068.561550,-0.000421
1070.490362,-0.000329
1072.419173,-0.000155
1074.347985,-0.000043
1076.276796,-0.000006
1078.205607,0.000018
1080.134419,0.000058
1082.063230,0.000043
1083.992042,-0.000085
1085.920853,-0.000122
1087.849665,-0.000007
1089.778476,0.000128
1091.707288,0.000147
1093.636099,0.000153
1095.564911,0.000241
1097.493722,0.000191
1099.422534,0.000098
1101.351345,0.000007
1103.280156,-0.000082
1105.208968,0.000085
1107.137779,0.000262
1109.066591,0.000211
1110.995402,0.000101
1112.924214,0.000119
1114.853025,0.000174
1116.781837,0.000125
1118.710648,0.000309
1120.639460,0.000579
1122.568271,0.000536
1124.497083,0.000370
1126.425894,0.000164
1128.354706,0.000068
1130.283517,0.000077
1132.212328,-0.000069
1134.141140,-0.000179
1136.069951,-0.000265
1137.998763,-0.000430
1139.927574,-0.000457
1141.856386,-0.000482
1143.785197,-0.000564
1145.714009,-0.000409
1147.642820,-0.000165
1149.571632,-0.000171
1151.500443,-0.000264
1153.429255,-0.000225
1155.358066,-0.000271
1157.286877,-0.000397
1159.215689,-0.000324
1161.144500,-0.000293
1163.073312,-0.000416
1165.002123,-0.000365
1166.930935,-0.000224
1168.859746,-0.000206
1170.788558,-0.000292
1172.717369,-0.000398
1174.646181,-0.000467
1176.574992,-0.000362
1178.503804,-0.000029
1180.432615,0.000133
1182.361426,0.000042
1184.290238,0.000058
1186.219049,0.000084
1188.147861,0.000017
1190.076672,0.000050
1192.005484,0.000102
1193.934295,-0.000036
1195.863107,-0.000094
1197.791918,-0.000012
1199.720730,-0.000206
1201.649541,-0.000318
1203.578353,-0.000050
1205.507164,0.000042
1207.435975,-0.000101
1209.364787,-0.000151
1211.293598,-0.000045
1213.222410,0.000171
1215.151221,0.000513
1217.080033,0.000820
1219.008844,0.000960
1220.937656,0.001196
1222.866467,0.001486
1224.795279,0.001751
1226.724090,0.002322
1228.652902,0.002983
1230.581713,0.003736
1232.510524,0.004823
1234.439336,0.005976
1236.368147,0.007548
1238.296959,0.010032
1240.225770,0.013317
1242.154582,0.017894
1244.083393,0.024482
1246.012205,0.032815
1247.941016,0.042229
1249.869828,0.051722
1251.798639,0.059386
1253.727451,0.062873
1255.656262,0.061830
1257.585073,0.061466
1259.513885,0.066991
1261.442696,0.072915
1263.371508,0.070214
1265.300319,0.063665
1267.229131,0.063898
1269.157942,0.069213
1271.086754,0.070362
1273.015565,0.063752
1274.944377,0.052190
1276.873188,0.040274
1278.802000,0.031283
1280.730811,0.025892
1282.659622,0.022802
1284.588434,0.020817
1286.517245,0.019695
1288.446057,0.018927
1290.374868,0.018578
1292.303680,0.018839
1294.232491,0.019101
1296.161303,0.019220
1298.090114,0.019434
1300.018926,0.020033
1301.947737,0.020711
1303.876549,0.021235
1305.805360,0.021766
1307.734172,0.022101
1309.662983,0.022487
1311.591794,0.022656
1313.520606,0.022336
1315.449417,0.021319
1317.378229,0.019527
1319.307040,0.017825
1321.235852,0.016387
1323.164663,0.017031
1325.093475,0.018067
1327.022286,0.014601
1328.951098,0.011128
1330.879909,0.011145
1332.808721,0.011035
1334.737532,0.010747
1336.666343,0.010409
1338.595155,0.009479
1340.523966,0.009475
1342.452778,0.009447
1344.381589,0.008124
1346.310401,0.006340
1348.239212,0.004590
1350.168024,0.003299
1352.096835,0.002608
1354.025647,0.001753
1355.954458,0.001024
1357.883270,0.000912
1359.812081,-0.000042
1361.740892,-0.001173
1363.669704,0.000001
1365.598515,0.001885
1367.527327,0.001979
1369.456138,0.001780
1371.384950,0.001510
1373.313761,0.000621
1375.242573,0.000803
1377.171384,0.001989
1379.100196,0.002905
1381.029007,0.003116
1382.957819,0.002777
1384.886630,0.001639
1386.815441,-0.000003
1388.744253,0.000508
1390.673064,0.001910
1392.601876,0.000194
1394.530687,-0.001949
1396.459499,-0.001777
1398.388310,-0.001492
1400.317122,0.000276
1402.245933,0.002410
1404.174745,0.002424
1406.103556,0.003070
1408.032368,0.004289
1409.961179,0.004606
1411.889990,0.004972
1413.818802,0.005489
1415.747613,0.004422
1417.676425,0.001051
1419.605236,0.001275
1421.534048,0.005528
1423.462859,0.007521
1425.391671,0.008833
1427.320482,0.009650
1429.249294,0.008604
1431.178105,0.009281
1433.106917,0.010335
1435.035728,0.007567
1436.964539,0.006773
1438.893351,0.011584
1440.822162,0.014475
1442.750974,0.015131
1444.679785,0.015130
1446.608597,0.013982
1448.537408,0.014359
1450.466220,0.015838
1452.395031,0.015948
1454.323843,0.012479
1456.252654,0.005991
1458.181466,0.007788
1460.110277,0.015841
1462.039089,0.018267
1463.967900,0.016173
1465.896711,0.016883
1467.825523,0.019965
1469.754334,0.018240
1471.683146,0.013150
1473.611957,0.013201
1475.540769,0.017066
1477.469580,0.020393
1479.398392,0.022163
1481.327203,0.022523
1483.256015,0.022767
1485.184826,0.021730
1487.113638,0.018761
1489.042449,0.016120
1490.971260,0.017575
1492.900072,0.020546
1494.828883,0.018584
1496.757695,0.015258
1498.686506,0.016463
1500.615318,0.018864
1502.544129,0.018526
1504.472941,0.011051
1506.401752,0.002200
1508.330564,0.006839
1510.259375,0.013159
1512.188187,0.014872
1514.116998,0.014022
1516.045809,0.011150
1517.974621,0.009386
1519.903432,0.006676
1521.832244,0.005187
1523.761055,0.009146
1525.689867,0.011337
1527.618678,0.012780
1529.547490,0.015353
1531.476301,0.013495
1533.405113,0.010660
1535.333924,0.012842
1537.262736,0.010046
1539.191547,0.000264
1541.120358,-0.000169
1543.049170,0.006421
1544.977981,0.011744
1546.906793,0.015780
1548.835604,0.016821
1550.764416,0.017011
1552.693227,0.016469
1554.622039,0.015247
1556.550850,0.011274
1558.479662,0.005772
1560.408473,0.017735
1562.337285,0.033846
1564.266096,0.042361
1566.194907,0.050747
1568.123719,0.059235
1570.052530,0.072890
1571.981342,0.094240
1573.910153,0.112580
1575.838965,0.135736
1577.767776,0.172357
1579.696588,0.211003
1581.625399,0.251381
1583.554211,0.294743
1585.483022,0.341366
1587.411834,0.391987
1589.340645,0.446831
1591.269456,0.504059
1593.198268,0.554031
1595.127079,0.589782
1597.055891,0.608518
1598.984702,0.615015
1600.913514,0.607012
1602.842325,0.589405
1604.771137,0.573283
1606.699948,0.551288
1608.628760,0.522891
1610.557571,0.479858
1612.486383,0.428460
1614.415194,0.370607
1616.344005,0.316386
1618.272817,0.361625
1620.201628,0.508688
1622.130440,0.660515
1624.059251,0.759393
1625.988063,0.822004
1627.916874,0.855872
1629.845686,0.846478
1631.774497,0.783300
1633.703309,0.689045
1635.632120,0.572615
1637.560932,0.471705
1639.489743,0.390333
1641.418555,0.305371
1643.347366,0.227736
1645.276177,0.158871
1647.204989,0.098580
1649.133800,0.062589
1651.062612,0.033345
1652.991423,0.004247
1654.920235,0.001567
1656.849046,0.006594
1658.777858,0.005523
1660.706669,0.002413
1662.635481,0.000079
1664.564292,0.001737
1666.493104,0.002185
1668.421915,-0.002121
1670.350726,-0.001847
1672.279538,0.001702
1674.208349,0.001724
1676.137161,0.004407
1678.065972,0.010019
1679.994784,0.012089
1681.923595,0.009282
1683.852407,0.006038
1685.781218,0.013029
1687.710030,0.020879
1689.638841,0.022797
1691.567653,0.024503
1693.496464,0.021471
1695.425275,0.017328
1697.354087,0.021379
1699.282898,0.019535
1701.211710,0.016160
1703.140521,0.021126
1705.069333,0.023922
1706.998144,0.026010
1708.926956,0.031548
1710.855767,0.037491
1712.784579,0.038356
1714.713390,0.033771
1716.642202,0.030735
1718.571013,0.034706
1720.499824,0.041861
1722.428636,0.045028
1724.357447,0.045548
1726.286259,0.046248
1728.215070,0.045721
1730.143882,0.045502
1732.072693,0.043344
1734.001505,0.043752
1735.930316,0.054483
1737.859128,0.061987
1739.787939,0.064542
1741.716751,0.068321
1743.645562,0.070379
1745.574373,0.069081
1747.503185,0.065997
1749.431996,0.062391
1751.360808,0.062648
1753.289619,0.066420
1755.218431,0.066943
1757.147242,0.064975
1759.076054,0.061622
1761.004865,0.052677
1762.933677,0.042823
1764.862488,0.035567
1766.791300,0.026033
1768.720111,0.016844
1770.648922,0.009178
1772.577734,0.003853
1774.506545,0.004738
1776.435357,0.006012
1778.364168,0.004775
1780.292980,0.003651
1782.221791,0.003742
1784.150603,0.003789
1786.079414,0.003977
1788.008226,0.004670
1789.937037,0.002520
1791.865849,-0.000560
1793.794660,0.000725
1795.723471,0.003025
1797.652283,0.002752
1799.581094,0.001270
1801.509906,0.001066
1803.438717,0.002581
1805.367529,0.003737
1807.296340,0.003582
1809.225152,0.002616
1811.153963,0.002083
1813.082775,0.002586
1815.011586,0.002773
1816.940398,0.002378
1818.869209,0.002274
1820.798021,0.002264
1822.726832,0.000903
1824.655643,-0.000644
1826.584455,-0.000528
1828.513266,-0.001307
1830.442078,-0.001558
1832.370889,0.000879
1834.299701,0.002213
1836.228512,0.002060
1838.157324,0.002320
1840.086135,0.002305
1842.014947,0.000095
1843.943758,-0.002342
1845.872570,-0.000686
1847.801381,0.001750
1849.730192,0.002437
1851.659004,0.002877
1853.587815,0.002987
1855.516627,0.002841
1857.445438,0.002521
1859.374250,0.002214
1861.303061,0.002117
1863.231873,0.001799
1865.160684,0.000781
1867.089496,-0.001467
1869.018307,-0.002709
1870.947119,-0.001233
1872.875930,0.000650
1874.804741,0.001772
1876.733553,0.001628
1878.662364,0.000675
1880.591176,0.000667
1882.519987,0.001166
1884.448799,0.001585
1886.377610,0.001789
1888.306422,0.001199
1890.235233,0.001320
1892.164045,0.002440
1894.092856,0.002915
1896.021668,0.003247
1897.950479,0.003796
1899.879290,0.003950
1901.808102,0.003942
1903.736913,0.004021
1905.665725,0.003856
1907.594536,0.003303
1909.523348,0.003020
1911.452159,0.003247
1913.380971,0.003390
1915.309782,0.002494
1917.238594,0.000990
1919.167405,0.001044
1921.096217,0.001724
1923.025028,0.001583
1924.953839,0.001791
1926.882651,0.001948
1928.811462,0.001638
1930.740274,0.001525
1932.669085,0.001412
1934.597897,0.001175
1936.526708,0.001056
1938.455520,0.001055
1940.384331,0.000381
1942.313143,-0.000607
1944.241954,-0.000495
1946.170766,0.000137
1948.099577,0.000483
1950.028388,0.000582
1951.957200,0.000452
1953.886011,0.000361
1955.814823,0.000351
1957.743634,0.000333
1959.672446,0.000257
1961.601257,0.000166
1963.530069,0.000078
1965.458880,-0.000238
1967.387692,-0.000408
1969.316503,-0.000068
1971.245315,0.000112
1973.174126,0.000011
1975.102938,0.000066
1977.031749,0.000186
1978.960560,0.000300
1980.889372,0.000280
1982.818183,0.000237
1984.746995,0.000307
1986.675806,0.000166
1988.604618,-0.000095
1990.533429,-0.000407
1992.462241,-0.000462
1994.391052,0.000064
1996.319864,0.000384
1998.248675,0.000293
2000.177487,0.000250
2002.106298,0.000242
2004.035109,0.000247
2005.963921,0.000146
2007.892732,0.000006
2009.821544,0.000065
2011.750355,0.000199
2013.679167,0.000165
2015.607978,-0.000091
2017.536790,-0.000193
2019.465601,0.000038
2021.394413,0.000199
2023.323224,0.000172
2025.252036,0.000042
2027.180847,-0.000077
2029.109658,-0.000064
2031.038470,-0.000016
2032.967281,0.000046
2034.896093,0.000025
2036.824904,-0.000069
2038.753716,-0.000067
2040.682527,-0.000136
2042.611339,-0.000219
2044.540150,-0.000155
2046.468962,0.000002
2048.397773,0.000166
2050.326585,0.000087
2052.255396,-0.000127
2054.184207,-0.000159
2056.113019,-0.000080
2058.041830,-0.000126
2059.970642,-0.000213
2061.899453,-0.000140
2063.828265,-0.000213
2065.757076,-0.000389
2067.685888,-0.000290
2069.614699,-0.000198
2071.543511,-0.000184
2073.472322,-0.000060
2075.401134,-0.000003
2077.329945,-0.000121
2079.258756,-0.000167
2081.187568,-0.000001
2083.116379,0.000028
2085.045191,-0.000050
2086.974002,0.000019
2088.902814,-0.000030
2090.831625,-0.000238
2092.760437,-0.000302
2094.689248,-0.000154
2096.618060,-0.000038
2098.546871,-0.000113
2100.475683,-0.000228
2102.404494,-0.000154
2104.333305,0.000015
2106.262117,-0.000014
2108.190928,-0.000077
2110.119740,-0.000079
2112.048551,-0.000192
2113.977363,-0.000198
2115.906174,-0.000076
2117.834986,-0.000019
2119.763797,0.000015
2121.692609,0.000042
2123.621420,0.000019
2125.550232,-0.000036
2127.479043,-0.000043
2129.407854,-0.000064
2131.336666,-0.000088
2133.265477,-0.000027
2135.194289,-0.000023
2137.123100,-0.000081
2139.051912,-0.000137
2140.980723,-0.000168
2142.909535,-0.000128
2144.838346,-0.000119
2146.767158,-0.000180
2148.695969,-0.000148
2150.624781,-0.000050
2152.553592,-0.000066
2154.482404,-0.000186
2156.411215,-0.000190
2158.340026,-0.000024
2160.268838,0.000113
2162.197649,0.000172
2164.126461,0.000161
2166.055272,0.000115
2167.984084,0.000175
2169.912895,0.000256
2171.841707,0.000295
2173.770518,0.000307
2175.699330,0.000404
2177.628141,0.000719
2179.556953,0.000898
2181.485764,0.000884
2183.414575,0.001040
2185.343387,0.001261
2187.272198,0.001422
2189.201010,0.001665
2191.129821,0.002017
2193.058633,0.002343
2194.987444,0.002702
2196.916256,0.003206
2198.845067,0.003642
2200.773879,0.003996
2202.702690,0.004389
2204.631502,0.004694
2206.560313,0.004912
2208.489124,0.005166
2210.417936,0.005353
2212.346747,0.005218
2214.275559,0.004831
2216.204370,0.004388
2218.133182,0.003697
2220.061993,0.002653
2221.990805,0.001638
2223.919616,0.001438
2225.848428,0.002400
2227.777239,0.003722
2229.706051,0.004775
2231.634862,0.005754
2233.563673,0.006619
2235.492485,0.007107
2237.421296,0.007191
2239.350108,0.006873
2241.278919,0.006153
2243.207731,0.005221
2245.136542,0.004288
2247.065354,0.003331
2248.994165,0.002319
2250.922977,0.001351
2252.851788,0.000581
2254.780600,0.000108
2256.709411,-0.000128
2258.638222,-0.000213
2260.567034,-0.000176
2262.495845,-0.000175
2264.424657,-0.000142
2266.353468,-0.000027
2268.282280,0.000015
2270.211091,0.000097
2272.139903,0.000167
2274.068714,0.000101
2275.997526,0.000056
2277.926337,0.000009
2279.855149,-0.000033
2281.783960,0.000056
2283.712771,0.000229
2285.641583,0.000360
2287.570394,0.000444
2289.499206,0.000471
2291.428017,0.000358
2293.356829,0.000260
2295.285640,0.000249
2297.214452,0.000236
2299.143263,0.000272
2301.072075,0.000352
2303.000886,0.000441
2304.929698,0.000439
2306.858509,0.000360
2308.787320,0.000336
2310.716132,0.000351
2312.644943,0.000458
2314.573755,0.000507
2316.502566,0.000361
2318.431378,0.000138
2320.360189,-0.000115
2322.289001,-0.000143
2324.217812,-0.000068
2326.146624,-0.000248
2328.075435,-0.000144
2330.004247,0.000079
2331.933058,0.000048
2333.861870,0.000103
2335.790681,0.000330
2337.719492,0.000531
2339.648304,0.000829
2341.577115,0.001111
2343.505927,0.001240
2345.434738,0.001438
2347.363550,0.001839
2349.292361,0.002131
2351.221173,0.001926
2353.149984,0.001495
2355.078796,0.001364
2357.007607,0.000993
2358.936419,0.000593
2360.865230,0.000266
2362.794041,0.000111
2364.722853,0.000013
2366.651664,-0.000089
2368.580476,-0.000094
2370.509287,-0.000157
2372.438099,-0.000159
2374.366910,0.000027
2376.295722,-0.000020
2378.224533,-0.000277
2380.153345,-0.000450
2382.082156,-0.000321
2384.010968,-0.000139
2385.939779,-0.000021
2387.868590,-0.000081
2389.797402,-0.000071
2391.726213,-0.000018
2393.655025,-0.000113
2395.583836,-0.000149
2397.512648,-0.000139
2399.441459,-0.000236
2401.370271,-0.000256
2403.299082,-0.000140
2405.227894,0.000025
2407.156705,0.000103
2409.085517,-0.000014
2411.014328,-0.000126
2412.943139,-0.000136
2414.871951,-0.000124
2416.800762,-0.000058
2418.729574,-0.000005
2420.658385,-0.000077
2422.587197,-0.000188
2424.516008,-0.000226
2426.444820,-0.000156
2428.373631,-0.000028
2430.302443,-0.000005
2432.231254,-0.000042
2434.160066,-0.000047
2436.088877,-0.000108
2438.017688,-0.000131
2439.946500,-0.000052
2441.875311,0.000024
2443.804123,0.000081
2445.732934,0.000072
2447.661746,0.000127
2449.590557,0.000261
2451.519369,0.000129
2453.448180,-0.000084
2455.376992,-0.000024
2457.305803,0.000098
2459.234615,0.000236
2461.163426,0.000382
2463.092237,0.000270
2465.021049,0.000119
2466.949860,0.000123
2468.878672,0.000082
2470.807483,0.000176
2472.736295,0.000424
2474.665106,0.000480
2476.593918,0.000505
2478.522729,0.000596
2480.451541,0.000568
2482.380352,0.000685
2484.309164,0.000849
2486.237975,0.000650
2488.166786,0.000573
2490.095598,0.000865
2492.024409,0.000942
2493.953221,0.000757
2495.882032,0.000708
2497.810844,0.000831
2499.739655,0.000873
2501.668467,0.000877
2503.597278,0.000994
2505.526090,0.000981
2507.454901,0.000921
2509.383713,0.001069
2511.312524,0.001231
2513.241336,0.001192
2515.170147,0.000988
2517.098958,0.000897
2519.027770,0.000954
2520.956581,0.000901
2522.885393,0.000833
2524.814204,0.000839
2526.743016,0.000773
2528.671827,0.000715
2530.600639,0.000699
2532.529450,0.000662
2534.458262,0.000699
2536.387073,0.000688
2538.315885,0.000597
2540.244696,0.000651
2542.173507,0.000709
2544.102319,0.000715
2546.031130,0.000836
2547.959942,0.000891
2549.888753,0.000825
2551.817565,0.000817
2553.746376,0.000760
2555.675188,0.000673
2557.603999,0.000724
2559.532811,0.000775
2561.461622,0.000785
2563.390434,0.000785
2565.319245,0.000813
2567.248056,0.000926
2569.176868,0.000973
2571.105679,0.001017
2573.034491,0.001047
2574.963302,0.000974
2576.892114,0.001010
2578.820925,0.001089
2580.749737,0.001086
2582.678548,0.001051
2584.607360,0.001138
2586.536171,0.001361
2588.464983,0.001343
2590.393794,0.001145
2592.322605,0.001043
2594.251417,0.000961
2596.180228,0.000958
2598.109040,0.001033
2600.037851,0.001054
2601.966663,0.000969
2603.895474,0.000956
2605.824286,0.001084
2607.753097,0.001069
2609.681909,0.001088
2611.610720,0.001283
2613.539532,0.001343
2615.468343,0.001365
2617.397154,0.001372
2619.325966,0.001304
2621.254777,0.001309
2623.183589,0.001321
2625.112400,0.001438
2627.041212,0.001706
2628.970023,0.001873
2630.898835,0.001809
2632.827646,0.001652
2634.756458,0.001701
2636.685269,0.001818
2638.614081,0.001761
2640.542892,0.001614
2642.471703,0.001329
2644.400515,0.000996
2646.329326,0.000794
2648.258138,0.000781
2650.186949,0.000916
2652.115761,0.000894
2654.044572,0.000830
2655.973384,0.000977
2657.902195,0.000967
2659.831007,0.000777
2661.759818,0.000822
2663.688630,0.001031
2665.617441,0.001030
2667.546253,0.000769
2669.475064,0.000597
2671.403875,0.000616
2673.332687,0.000654
2675.261498,0.000712
2677.190310,0.000681
2679.119121,0.000481
2681.047933,0.000454
2682.976744,0.000705
2684.905556,0.000805
2686.834367,0.000628
2688.763179,0.000436
2690.691990,0.000418
2692.620802,0.000613
2694.549613,0.000713
2696.478424,0.000603
2698.407236,0.000578
2700.336047,0.000580
2702.264859,0.000527
2704.193670,0.000459
2706.122482,0.000403
2708.051293,0.000533
2709.980105,0.000668
2711.908916,0.000607
2713.837728,0.000557
2715.766539,0.000614
2717.695351,0.000747
2719.624162,0.000785
2721.552973,0.000538
2723.481785,0.000297
2725.410596,0.000320
2727.339408,0.000395
2729.268219,0.000430
2731.197031,0.000472
2733.125842,0.000477
2735.054654,0.000453
2736.983465,0.000390
2738.912277,0.000397
2740.841088,0.000483
2742.769900,0.000393
2744.698711,0.000297
2746.627522,0.000463
2748.556334,0.000554
2750.485145,0.000396
2752.413957,0.000371
2754.342768,0.000564
2756.271580,0.000542
2758.200391,0.000247
2760.129203,0.000131
2762.058014,0.000208
2763.986826,0.000167
2765.915637,0.000204
2767.844449,0.000387
2769.773260,0.000334
2771.702071,0.000112
2773.630883,0.000014
2775.559694,0.000066
2777.488506,0.000194
2779.417317,0.000298
2781.346129,0.000396
2783.274940,0.000458
2785.203752,0.000373
2787.132563,0.000174
2789.061375,-0.000024
2790.990186,-0.000019
2792.918998,0.000043
2794.847809,0.000034
2796.776620,0.000297
2798.705432,0.000539
2800.634243,0.000387
2802.563055,0.000227
2804.491866,0.000296
2806.420678,0.000392
2808.349489,0.000247
2810.278301,0.000081
2812.207112,0.000057
2814.135924,-0.000029
2816.064735,0.000074
2817.993547,0.000331
2819.922358,0.000280
2821.851169,0.000043
2823.779981,0.000018
2825.708792,0.000034
2827.637604,0.000010
2829.566415,0.000247
2831.495227,0.000400
2833.424038,0.000361
2835.352850,0.000617
2837.281661,0.000711
2839.210473,0.000415
2841.139284,0.000432
2843.068096,0.000757
2844.996907,0.000881
2846.925719,0.001004
2848.854530,0.001322
2850.783341,0.001643
2852.712153,0.002244
2854.640964,0.003022
2856.569776,0.003551
2858.498587,0.004060
2860.427399,0.004821
2862.356210,0.005931
2864.285022,0.007361
2866.213833,0.009158
2868.142645,0.011156
2870.071456,0.013005
2872.000268,0.015140
2873.929079,0.017704
2875.857890,0.020270
2877.786702,0.022879
2879.715513,0.025555
2881.644325,0.028226
2883.573136,0.030817
2885.501948,0.032945
2887.430759,0.034467
2889.359571,0.035449
2891.288382,0.035720
2893.217194,0.035262
2895.146005,0.033935
2897.074817,0.031697
2899.003628,0.028924
2900.932439,0.026101
2902.861251,0.022956
2904.790062,0.018466
2906.718874,0.016622
2908.647685,0.023081
2910.576497,0.034227
2912.505308,0.043929
2914.434120,0.051238
2916.362931,0.055513
2918.291743,0.056332
2920.220554,0.053871
2922.149366,0.048494
2924.078177,0.041239
2926.006988,0.032653
2927.935800,0.023666
2929.864611,0.015404
2931.793423,0.008746
2933.722234,0.004292
2935.651046,0.001710
2937.579857,0.000390
2939.508669,-0.000183
2941.437480,-0.000330
2943.366292,-0.000137
2945.295103,0.000089
2947.223915,0.000215
2949.152726,0.000444
2951.081537,0.000625
2953.010349,0.000618
2954.939160,0.000761
2956.867972,0.000902
2958.796783,0.000854
2960.725595,0.000995
2962.654406,0.001315
2964.583218,0.001416
2966.512029,0.001288
2968.440841,0.001207
2970.369652,0.001109
2972.298464,0.001195
2974.227275,0.001676
2976.156086,0.001781
2978.084898,0.001461
2980.013709,0.001364
2981.942521,0.001341
2983.871332,0.001126
2985.800144,0.000635
2987.728955,0.000237
2989.657767,0.000221
2991.586578,0.000100
2993.515390,-0.000052
2995.444201,0.000093
2997.373013,0.000162
2999.301824,0.000114
3001.230635,0.000036
3003.159447,-0.000050
3005.088258,-0.000013
3007.017070,0.000147
3008.945881,0.000198
3010.874693,0.000135
3012.803504,0.000142
3014.732316,0.000278
3016.661127,0.000303
3018.589939,0.000217
3020.518750,0.000213
3022.447562,0.000112
3024.376373,0.000138
3026.305185,0.000319
3028.233996,0.000241
3030.162807,0.000280
3032.091619,0.000521
3034.020430,0.000611
3035.949242,0.000587
3037.878053,0.000480
3039.806865,0.000589
3041.735676,0.000959
3043.664488,0.001045
3045.593299,0.000820
3047.522111,0.000776
3049.450922,0.000982
3051.379734,0.001070
3053.308545,0.000956
3055.237356,0.000914
3057.166168,0.001059
3059.094979,0.001076
3061.023791,0.000972
3062.952602,0.001125
3064.881414,0.001274
3066.810225,0.001274
3068.739037,0.001385
3070.667848,0.001372
3072.596660,0.001200
3074.525471,0.001149
3076.454283,0.001152
3078.383094,0.001136
3080.311905,0.001173
3082.240717,0.001276
3084.169528,0.001484
3086.098340,0.001686
3088.027151,0.001669
3089.955963,0.001817
3091.884774,0.002180
3093.813586,0.002062
3095.742397,0.001731
3097.671209,0.001684
3099.600020,0.001693
3101.528832,0.001749
3103.457643,0.001853
3105.386454,0.001964
3107.315266,0.002079
3109.244077,0.002101
3111.172889,0.002155
3113.101700,0.002330
3115.030512,0.002515
3116.959323,0.002507
3118.888135,0.002268
3120.816946,0.002122
3122.745758,0.002186
3124.674569,0.002170
3126.603381,0.001974
3128.532192,0.001802
3130.461003,0.001634
3132.389815,0.001492
3134.318626,0.001550
3136.247438,0.001535
3138.176249,0.001398
3140.105061,0.001328
3142.033872,0.001144
3143.962684,0.001054
3145.891495,0.001146
3147.820307,0.001069
3149.749118,0.001021
3151.677930,0.001072
3153.606741,0.000973
3155.535552,0.000867
3157.464364,0.000926
3159.393175,0.001041
3161.321987,0.000771
3163.250798,0.000222
3165.179610,0.000159
3167.108421,0.000394
3169.037233,0.000415
3170.966044,0.000430
3172.894856,0.000582
3174.823667,0.000641
3176.752479,0.000227
3178.681290,-0.000253
3180.610102,-0.000105
3182.538913,0.000183
3184.467724,0.000193
3186.396536,0.000109
3188.325347,-0.000015
3190.254159,-0.000038
3192.182970,0.000031
3194.111782,0.000074
3196.040593,-0.000091
3197.969405,-0.000500
3199.898216,-0.000584
3201.827028,-0.000297
3203.755839,-0.000366
3205.684651,-0.000664
3207.613462,-0.000451
3209.542273,-0.000088
3211.471085,-0.000195
3213.399896,-0.000486
3215.328708,-0.000753
3217.257519,-0.000739
3219.186331,-0.000412
3221.115142,-0.000426
3223.043954,-0.000660
3224.972765,-0.000571
3226.901577,-0.000249
3228.830388,-0.000195
3230.759200,-0.000527
3232.688011,-0.000680
3234.616822,-0.000677
3236.545634,-0.000777
3238.474445,-0.000831
3240.403257,-0.000871
3242.332068,-0.000906
3244.260880,-0.000906
3246.189691,-0.000611
3248.118503,-0.000181
3250.047314,-0.000204
3251.976126,-0.000419
3253.904937,-0.000613
3255.833749,-0.000765
3257.762560,-0.000741
3259.691371,-0.000663
3261.620183,-0.000518
3263.548994,-0.000474
3265.477806,-0.000398
3267.406617,-0.000123
3269.335429,-0.000106
3271.264240,-0.000301
3273.193052,-0.000385
3275.121863,-0.000232
3277.050675,-0.000055
3278.979486,-0.000145
3280.908298,-0.000124
3282.837109,0.000003
3284.765920,0.000085
3286.694732,0.000168
3288.623543,-0.000106
3290.552355,-0.000428
3292.481166,-0.000551
3294.409978,-0.000582
3296.338789,-0.000241
3298.267601,-0.000059
3300.196412,-0.000304
3302.125224,-0.000342
3304.054035,-0.000219
3305.982847,-0.000178
3307.911658,-0.000199
3309.840469,-0.000213
3311.769281,-0.000168
3313.698092,-0.000065
3315.626904,0.000107
3317.555715,0.000178
3319.484527,0.000141
3321.413338,-0.000060
3323.342150,-0.000334
3325.270961,-0.000396
3327.199773,-0.000364
3329.128584,-0.000098
3331.057396,0.000127
3332.986207,0.000102
3334.915018,0.000371
3336.843830,0.000472
3338.772641,0.000273
3340.701453,0.000413
3342.630264,0.000604
3344.559076,0.000516
3346.487887,0.000365
3348.416699,0.000365
3350.345510,0.000327
3352.274322,0.000362
3354.203133,0.000623
3356.131945,0.000356
3358.060756,0.000001
3359.989568,0.000387
3361.918379,0.000647
3363.847190,0.000327
3365.776002,0.000120
3367.704813,-0.000014
3369.633625,-0.000074
3371.562436,-0.000058
3373.491248,-0.000158
3375.420059,-0.000033
3377.348871,-0.000154
3379.277682,-0.000411
3381.206494,-0.000079
3383.135305,0.000022
3385.064117,-0.000150
3386.992928,-0.000090
3388.921739,-0.000082
3390.850551,-0.000016
3392.779362,0.000006
3394.708174,-0.000199
3396.636985,-0.000292
3398.565797,-0.000016
3400.494608,0.000363
3402.423420,0.000538
3404.352231,0.000621
3406.281043,0.000652
3408.209854,0.000516
3410.138666,0.000306
3412.067477,0.000224
3413.996288,0.000099
3415.925100,0.000157
3417.853911,0.000240
3419.782723,-0.000185
3421.711534,-0.000449
3423.640346,-0.000187
3425.569157,-0.000020
3427.497969,0.000054
3429.426780,0.000135
3431.355592,0.000035
3433.284403,-0.000304
3435.213215,-0.000245
3437.142026,0.000403
3439.070837,0.000790
3440.999649,0.000920
3442.928460,0.000806
3444.857272,0.000298
3446.786083,0.000156
3448.714895,0.000364
3450.643706,0.000340
3452.572518,0.000079
3454.501329,-0.000180
3456.430141,-0.000047
3458.358952,0.000283
3460.287764,0.000292
3462.216575,0.000432
3464.145386,0.000752
3466.074198,0.000438
3468.003009,0.000256
3469.931821,0.000682
3471.860632,0.000548
3473.789444,0.000160
3475.718255,0.000194
3477.647067,0.000214
3479.575878,0.000049
3481.504690,-0.000117
3483.433501,0.000075
3485.362313,0.000457
3487.291124,0.000523
3489.219935,0.000222
3491.148747,-0.000180
3493.077558,-0.000190
3495.006370,0.000191
3496.935181,0.000244
3498.863993,-0.000171
3500.792804,-0.000208
3502.721616,-0.000080
3504.650427,-0.000560
3506.579239,-0.000828
3508.508050,-0.000429
3510.436862,0.000092
3512.365673,0.000448
3514.294484,0.000677
3516.223296,0.000839
3518.152107,0.000778
3520.080919,0.000790
3522.009730,0.000789
3523.938542,0.000537
3525.867353,0.000789
3527.796165,0.001437
3529.724976,0.001958
3531.653788,0.002616
3533.582599,0.003258
3535.511411,0.003503
3537.440222,0.003726
3539.369034,0.004229
3541.297845,0.004230
3543.226656,0.003429
3545.155468,0.002647
3547.084279,0.002717
3549.013091,0.003805
3550.941902,0.004603
3552.870714,0.004500
3554.799525,0.004731
3556.728337,0.005277
3558.657148,0.005409
3560.585960,0.005377
3562.514771,0.005113
3564.443583,0.004256
3566.372394,0.003118
3568.301205,0.003470
3570.230017,0.005316
3572.158828,0.006062
3574.087640,0.006040
3576.016451,0.006344
3577.945263,0.006235
3579.874074,0.005708
3581.802886,0.004801
3583.731697,0.003525
3585.660509,0.001644
3587.589320,0.000732
3589.518132,0.002693
3591.446943,0.003615
3593.375754,0.002357
3595.304566,0.002362
3597.233377,0.003467
3599.162189,0.004328
3601.091000,0.005403
3603.019812,0.006822
3604.948623,0.007037
3606.877435,0.004944
3608.806246,0.003044
3610.735058,0.003005
3612.663869,0.002929
3614.592681,0.002825
3616.521492,0.002474
3618.450303,0.001136
3620.379115,0.001593
3622.307926,0.003675
3624.236738,0.004581
3626.165549,0.002903
3628.094361,-0.001142
3630.023172,-0.001374
3631.951984,0.002811
3633.880795,0.004894
3635.809607,0.005631
3637.738418,0.007129
3639.667230,0.007686
3641.596041,0.007125
3643.524852,0.006315
3645.453664,0.003973
3647.382475,0.000362
3649.311287,-0.001783
3651.240098,0.000497
3653.168910,0.005209
3655.097721,0.006509
3657.026533,0.006172
3658.955344,0.008382
3660.884156,0.010126
3662.812967,0.010315
3664.741779,0.010101
3666.670590,0.008914
3668.599401,0.005643
3670.528213,0.003201
3672.457024,0.004082
3674.385836,0.002645
3676.314647,0.001544
3678.243459,0.005850
3680.172270,0.009265
3682.101082,0.010387
3684.029893,0.010696
3685.958705,0.008980
3687.887516,0.005755
3689.816328,0.004594
3691.745139,0.006937
3693.673951,0.009637
3695.602762,0.010926
3697.531573,0.011352
3699.460385,0.010712
3701.389196,0.009077
3703.318008,0.009175
3705.246819,0.010430
3707.175631,0.009345
3709.104442,0.006512
3711.033254,0.004227
3712.962065,0.005283
3714.890877,0.008662
3716.819688,0.010087
3718.748500,0.009830
3720.677311,0.009068
3722.606122,0.008492
3724.534934,0.008412
3726.463745,0.008324
3728.392557,0.008683
3730.321368,0.007580
3732.250180,0.004342
3734.178991,0.002054
3736.107803,0.002141
3738.036614,0.004180
3739.965426,0.006171
3741.894237,0.004635
3743.823049,-0.000599
3745.751860,-0.001982
3747.680671,0.000377
3749.609483,-0.001036
3751.538294,-0.001686
3753.467106,0.002263
3755.395917,0.005382
3757.324729,0.005983
3759.253540,0.005705
3761.182352,0.007145
3763.111163,0.008420
3765.039975,0.007423
3766.968786,0.006613
3768.897598,0.005933
3770.826409,0.006022
3772.755220,0.007965
3774.684032,0.009057
3776.612843,0.008441
3778.541655,0.006895
3780.470466,0.006344
3782.399278,0.007395
3784.328089,0.007834
3786.256901,0.008041
3788.185712,0.008627
3790.114524,0.008437
3792.043335,0.008045
3793.972147,0.007263
3795.900958,0.005232
3797.829769,0.004072
3799.758581,0.002612
3801.687392,0.000342
3803.616204,0.001945
3805.545015,0.003307
3807.473827,0.002830
3809.402638,0.004781
3811.331450,0.006391
3813.260261,0.005143
3815.189073,0.001893
3817.117884,0.000528
3819.046696,0.000797
3820.975507,-0.000997
3822.904318,0.000141
3824.833130,0.003095
3826.761941,0.003562
3828.690753,0.004004
3830.619564,0.003567
3832.548376,0.001956
3834.477187,0.000897
3836.405999,-0.000967
3838.334810,-0.002373
3840.263622,-0.000867
3842.192433,0.001397
3844.121245,0.002905
3846.050056,0.004055
3847.978867,0.003977
3849.907679,0.001549
3851.836490,-0.003829
3853.765302,-0.007982
3855.694113,-0.003926
3857.622925,0.001352
3859.551736,0.002408
3861.480548,0.001608
3863.409359,0.000141
3865.338171,-0.000570
3867.266982,-0.000178
3869.195794,-0.001489
3871.124605,-0.001853
3873.053417,-0.000061
3874.982228,0.001125
3876.911039,0.002547
3878.839851,0.001735
3880.768662,-0.000671
3882.697474,-0.000020
3884.626285,-0.000255
3886.555097,-0.001148
3888.483908,0.000433
3890.412720,0.000393
3892.341531,-0.000064
3894.270343,0.001536
3896.199154,0.001707
3898.127966,-0.000368
3900.056777,-0.002247
3901.985588,-0.002877
3903.914400,-0.002589
3905.843211,-0.000776
3907.772023,0.001722
3909.700834,0.002881
3911.629646,0.002959
3913.558457,0.002524
3915.487269,0.001375
3917.416080,0.000376
3919.344892,0.000480
3921.273703,0.001021
3923.202515,0.000972
3925.131326,0.000990
3927.060137,0.001597
3928.988949,0.001492
3930.917760,0.000428
3932.846572,0.000049
3934.775383,0.000747
3936.704195,0.001170
3938.633006,0.001044
3940.561818,0.000635
3942.490629,-0.000017
3944.419441,0.000125
3946.348252,0.000557
3948.277064,0.000076
3950.205875,-0.000108
3952.134686,0.000266
3954.063498,0.000345
3955.992309,0.000306
3957.921121,0.000219
3959.849932,0.000432
3961.778744,0.000776
3963.707555,0.000658
3965.636367,0.000489
3967.565178,0.000344
3969.493990,0.000041
3971.422801,-0.000063
3973.351613,-0.000007
3975.280424,0.000060
3977.209235,0.000244
3979.138047,0.000549
3981.066858,0.000585
3982.995670,0.000572
3984.924481,0.000663
3986.853293,0.000499
3988.782104,0.000270
3990.710916,0.000154
3992.639727,0.000124
3994.568539,0.000133
3996.497350,0.000354
3998.426162,0.000866
4000.354973,0.000883
