898.826141,0.001569
900.754953,0.001627
902.683764,0.000748
904.612576,-0.000442
906.541387,-0.000252
908.470199,-0.000163
910.399010,-0.000319
912.327822,-0.000515
914.256633,-0.000766
916.185445,-0.000872
918.114256,-0.000494
920.043068,0.000244
921.971879,0.000229
923.900690,0.000188
925.829502,0.000941
927.758313,0.000936
929.687125,0.000184
931.615936,-0.000339
933.544748,-0.000404
935.473559,-0.000300
937.402371,0.000300
939.331182,0.000778
941.259994,0.000276
943.188805,-0.000405
945.117617,-0.000420
947.046428,-0.000046
948.975240,0.000020
950.904051,-0.000181
952.832862,-0.000251
954.761674,-0.000340
956.690485,-0.000188
958.619297,0.000344
960.548108,0.000411
962.476920,0.000188
964.405731,0.000187
966.334543,0.000059
968.263354,0.000247
970.192166,0.000549
972.120977,0.000209
974.049789,0.000056
975.978600,0.000282
977.907411,0.000229
979.836223,0.000087
981.765034,0.000161
983.693846,0.000254
985.622657,0.000205
987.551469,0.000037
989.480280,-0.000041
991.409092,0.000053
993.337903,0.000105
995.266715,0.000042
997.195526,0.000023
999.124338,0.000015
1001.053149,0.000062
1002.981960,0.000153
1004.910772,0.000032
1006.839583,-0.000177
1008.768395,-0.000194
1010.697206,-0.000091
1012.626018,-0.000036
1014.554829,-0.000049
1016.483641,-0.000024
1018.412452,0.000030
1020.341264,0.000039
1022.270075,0.000033
1024.198887,0.000035
1026.127698,0.000041
1028.056509,0.000097
1029.985321,0.000149
1031.914132,0.000186
1033.842944,0.000322
1035.771755,0.000491
1037.700567,0.000621
1039.629378,0.000714
1041.558190,0.000724
1043.487001,0.000684
1045.415813,0.000610
1047.344624,0.000396
1049.273436,0.000099
1051.202247,-0.000070
1053.131058,-0.000099
1055.059870,-0.000157
1056.988681,-0.000161
1058.917493,-0.000169
1060.846304,-0.000221
1062.775116,-0.000194
1064.703927,-0.000205
1066.632739,-0.000242
1068.561550,-0.000196
1070.490362,-0.000112
1072.419173,-0.000065
1074.347985,-0.000091
1076.276796,-0.000064
1078.205607,0.000046
1080.134419,0.000149
1082.063230,0.000218
1083.992042,0.000203
1085.920853,0.000149
1087.849665,0.000160
1089.778476,0.000183
1091.707288,0.000188
1093.636099,0.000222
1095.564911,0.000223
1097.493722,0.000168
1099.422534,0.000109
1101.351345,0.000021
1103.280156,-0.000028
1105.208968,-0.000004
1107.137779,-0.000011
1109.066591,0.000048
1110.995402,0.000228
1112.924214,0.000316
1114.853025,0.000287
1116.781837,0.000280
1118.710648,0.000309
1120.639460,0.000346
1122.568271,0.000384
1124.497083,0.000412
1126.425894,0.000410
1128.354706,0.000390
1130.283517,0.000385
1132.212328,0.000309
1134.141140,0.000220
1136.069951,0.000146
1137.998763,0.000043
1139.927574,0.000006
1141.856386,0.000022
1143.785197,0.000007
1145.714009,0.000009
1147.642820,0.000002
1149.571632,-0.000048
1151.500443,-0.000121
1153.429255,-0.000108
1155.358066,-0.000029
1157.286877,-0.000040
1159.215689,-0.000058
1161.144500,-0.000102
1163.073312,-0.000180
1165.002123,-0.000106
1166.930935,0.000028
1168.859746,0.000044
1170.788558,-0.000011
1172.717369,-0.000047
1174.646181,-0.000085
1176.574992,-0.000139
1178.503804,-0.000171
1180.432615,-0.000206
1182.361426,-0.000155
1184.290238,0.000048
1186.219049,0.000156
1188.147861,0.000117
1190.076672,0.000167
1192.005484,0.000231
1193.934295,0.000206
1195.863107,0.000195
1197.791918,0.000113
1199.720730,-0.000079
1201.649541,-0.000098
1203.578353,-0.000022
1205.507164,0.000043
1207.435975,0.000141
1209.364787,0.000274
1211.293598,0.000517
1213.222410,0.000723
1215.151221,0.000974
1217.080033,0.001399
1219.008844,0.001725
1220.937656,0.002300
1222.866467,0.002972
1224.795279,0.003443
1226.724090,0.004418
1228.652902,0.005636
1230.581713,0.006930
1232.510524,0.008857
1234.439336,0.010910
1236.368147,0.013230
1238.296959,0.016574
1240.225770,0.020520
1242.154582,0.025570
1244.083393,0.032328
1246.012205,0.040068
1247.941016,0.048667
1249.869828,0.057126
1251.798639,0.063392
1253.727451,0.064895
1255.656262,0.061856
1257.585073,0.059752
1259.513885,0.062478
1261.442696,0.070100
1263.371508,0.073676
1265.300319,0.066263
1267.229131,0.061586
1269.157942,0.066431
1271.086754,0.069424
1273.015565,0.065265
1274.944377,0.056331
1276.873188,0.046155
1278.802000,0.038096
1280.730811,0.032515
1282.659622,0.028114
1284.588434,0.024320
1286.517245,0.021486
1288.446057,0.018899
1290.374868,0.016626
1292.303680,0.015131
1294.232491,0.013569
1296.161303,0.012338
1298.090114,0.011708
1300.018926,0.011283
1301.947737,0.011147
1303.876549,0.010974
1305.805360,0.010779
1307.734172,0.010934
1309.662983,0.011141
1311.591794,0.010933
1313.520606,0.010538
1315.449417,0.009975
1317.378229,0.009222
1319.307040,0.008517
1321.235852,0.007715
1323.164663,0.007732
1325.093475,0.008179
1327.022286,0.007040
1328.951098,0.005689
1330.879909,0.005540
1332.808721,0.005403
1334.737532,0.005269
1336.666343,0.005268
1338.595155,0.004932
1340.523966,0.004640
1342.452778,0.004380
1344.381589,0.003800
1346.310401,0.003115
1348.239212,0.002515
1350.168024,0.002009
1352.096835,0.001525
1354.025647,0.001009
1355.954458,0.000776
1357.883270,0.000685
1359.812081,0.000273
1361.740892,0.000001
1363.669704,0.000215
1365.598515,0.000481
1367.527327,0.000467
1369.456138,0.000404
1371.384950,0.000385
1373.313761,0.000170
1375.242573,0.000118
1377.171384,0.000542
1379.100196,0.000871
1381.029007,0.000878
1382.957819,0.000984
1384.886630,0.001091
1386.815441,0.000985
1388.744253,0.001161
1390.673064,0.001474
1392.601876,0.001273
1394.530687,0.001087
1396.459499,0.001285
1398.388310,0.001283
1400.317122,0.001508
1402.245933,0.001904
1404.174745,0.001811
1406.103556,0.001856
1408.032368,0.002121
1409.961179,0.002030
1411.889990,0.001842
1413.818802,0.001877
1415.747613,0.001746
1417.676425,0.001111
1419.605236,0.001090
1421.534048,0.001769
1423.462859,0.002000
1425.391671,0.002243
1427.320482,0.002431
1429.249294,0.002237
1431.178105,0.002414
1433.106917,0.002577
1435.035728,0.001827
1436.964539,0.001505
1438.893351,0.002462
1440.822162,0.002982
1442.750974,0.002961
1444.679785,0.002831
1446.608597,0.002625
1448.537408,0.002753
1450.466220,0.002927
1452.395031,0.002751
1454.323843,0.001875
1456.252654,0.000516
1458.181466,0.000941
1460.110277,0.002553
1462.039089,0.003022
1463.967900,0.002522
1465.896711,0.002534
1467.825523,0.003035
1469.754334,0.002556
1471.683146,0.001439
1473.611957,0.001347
1475.540769,0.001970
1477.469580,0.002528
1479.398392,0.002775
1481.327203,0.002770
1483.256015,0.002817
1485.184826,0.002583
1487.113638,0.001973
1489.042449,0.001464
1490.971260,0.001824
1492.900072,0.002503
1494.828883,0.002155
1496.757695,0.001548
1498.686506,0.001829
1500.615318,0.002346
1502.544129,0.002342
1504.472941,0.000928
1506.401752,-0.000743
1508.330564,0.000255
1510.259375,0.001546
1512.188187,0.001921
1514.116998,0.001778
1516.045809,0.001223
1517.974621,0.000891
1519.903432,0.000332
1521.832244,0.000027
1523.761055,0.000937
1525.689867,0.001441
1527.618678,0.001744
1529.547490,0.002300
1531.476301,0.001933
1533.405113,0.001404
1535.333924,0.002004
1537.262736,0.001655
1539.191547,-0.000030
1541.120358,0.000025
1543.049170,0.001397
1544.977981,0.002691
1546.906793,0.003822
1548.835604,0.004463
1550.764416,0.005196
1552.693227,0.005913
1554.622039,0.006890
1556.550850,0.007634
1558.479662,0.008997
1560.408473,0.015208
1562.337285,0.022052
1564.266096,0.028575
1566.194907,0.036861
1568.123719,0.046274
1570.052530,0.059816
1571.981342,0.077203
1573.910153,0.095090
1575.838965,0.120075
1577.767776,0.152290
1579.696588,0.185380
1581.625399,0.222985
1583.554211,0.263996
1585.483022,0.307947
1587.411834,0.355623
1589.340645,0.406811
1591.269456,0.460422
1593.198268,0.507532
1595.127079,0.541068
1597.055891,0.558876
1598.984702,0.565205
1600.913514,0.558298
1602.842325,0.542652
1604.771137,0.527929
1606.699948,0.507816
1608.628760,0.481531
1610.557571,0.441321
1612.486383,0.393821
1614.415194,0.343210
1616.344005,0.296509
1618.272817,0.338579
1620.201628,0.473950
1622.130440,0.617518
1624.059251,0.712014
1625.988063,0.765686
1627.916874,0.792761
1629.845686,0.781046
1631.774497,0.723188
1633.703309,0.640615
1635.632120,0.534082
1637.560932,0.439601
1639.489743,0.364164
1641.418555,0.282204
1643.347366,0.208557
1645.276177,0.149257
1647.204989,0.095606
1649.133800,0.060295
1651.062612,0.037587
1652.991423,0.017191
1654.920235,0.008756
1656.849046,0.006996
1658.777858,0.004525
1660.706669,0.002317
1662.635481,0.000695
1664.564292,0.000284
1666.493104,0.000163
1668.421915,-0.000465
1670.350726,0.000267
1672.279538,0.001918
1674.208349,0.003284
1676.137161,0.005683
1678.065972,0.008715
1679.994784,0.010948
1681.923595,0.011907
1683.852407,0.012372
1685.781218,0.013960
1687.710030,0.014955
1689.638841,0.014001
1691.567653,0.012595
1693.496464,0.009655
1695.425275,0.009647
1697.354087,0.019317
1699.282898,0.021936
1701.211710,0.011157
1703.140521,0.007926
1705.069333,0.012068
1706.998144,0.016956
1708.926956,0.022278
1710.855767,0.026947
1712.784579,0.028962
1714.713390,0.028624
1716.642202,0.027875
1718.571013,0.028026
1720.499824,0.028605
1722.428636,0.028522
1724.357447,0.028125
1726.286259,0.028193
1728.215070,0.028730
1730.143882,0.030209
1732.072693,0.031973
1734.001505,0.035648
1735.930316,0.041935
1737.859128,0.046722
1739.787939,0.050350
1741.716751,0.053290
1743.645562,0.054474
1745.574373,0.053849
1747.503185,0.052332
1749.431996,0.050980
1751.360808,0.051077
1753.289619,0.052265
1755.218431,0.052415
1757.147242,0.051210
1759.076054,0.048137
1761.004865,0.041408
1762.933677,0.032691
1764.862488,0.025308
1766.791300,0.018053
1768.720111,0.011556
1770.648922,0.006718
1772.577734,0.003132
1774.506545,0.001750
1776.435357,0.001055
1778.364168,0.000177
1780.292980,-0.000300
1782.221791,-0.000242
1784.150603,-0.000073
1786.079414,0.000069
1788.008226,0.000347
1789.937037,0.000056
1791.865849,-0.000641
1793.794660,-0.000448
1795.723471,0.000138
1797.652283,0.000159
1799.581094,-0.000199
1801.509906,-0.000232
1803.438717,0.000302
1805.367529,0.000852
1807.296340,0.001046
1809.225152,0.000945
1811.153963,0.001057
1813.082775,0.001623
1815.011586,0.002094
1816.940398,0.002418
1818.869209,0.002869
1820.798021,0.003300
1822.726832,0.003466
1824.655643,0.003632
1826.584455,0.004170
1828.513266,0.004551
1830.442078,0.004850
1832.370889,0.005681
1834.299701,0.006464
1836.228512,0.006986
1838.157324,0.007603
1840.086135,0.008061
1842.014947,0.008176
1843.943758,0.008277
1845.872570,0.008601
1847.801381,0.008786
1849.730192,0.008751
1851.659004,0.008684
1853.587815,0.008513
1855.516627,0.008154
1857.445438,0.007574
1859.374250,0.007063
1861.303061,0.006369
1863.231873,0.005322
1865.160684,0.004080
1867.089496,0.002365
1869.018307,0.000836
1870.947119,-0.000160
1872.875930,0.001473
1874.804741,0.005261
1876.733553,0.003980
1878.662364,-0.000254
1880.591176,-0.000067
1882.519987,0.002137
1884.448799,0.003983
1886.377610,0.005868
1888.306422,0.007344
1890.235233,0.008943
1892.164045,0.010443
1894.092856,0.011651
1896.021668,0.012663
1897.950479,0.013375
1899.879290,0.013848
1901.808102,0.014085
1903.736913,0.014292
1905.665725,0.014296
1907.594536,0.014034
1909.523348,0.013710
1911.452159,0.013235
1913.380971,0.012614
1915.309782,0.011642
1917.238594,0.010347
1919.167405,0.009568
1921.096217,0.009121
1923.025028,0.008313
1924.953839,0.007485
1926.882651,0.006668
1928.811462,0.005756
1930.740274,0.004933
1932.669085,0.004171
1934.597897,0.003541
1936.526708,0.002933
1938.455520,0.002336
1940.384331,0.001770
1942.313143,0.001216
1944.241954,0.000949
1946.170766,0.000859
1948.099577,0.000715
1950.028388,0.000563
1951.957200,0.000467
1953.886011,0.000334
1955.814823,0.000221
1957.743634,0.000181
1959.672446,0.000161
1961.601257,0.000098
1963.530069,0.000010
1965.458880,-0.000087
1967.387692,-0.000103
1969.316503,-0.000030
1971.245315,-0.000020
1973.174126,-0.000076
1975.102938,-0.000082
1977.031749,-0.000067
1978.960560,-0.000054
1980.889372,-0.000040
1982.818183,-0.000026
1984.746995,-0.000020
1986.675806,-0.000060
1988.604618,-0.000079
1990.533429,-0.000097
1992.462241,-0.000092
1994.391052,0.000037
1996.319864,0.000102
1998.248675,0.000045
2000.177487,0.000026
2002.106298,-0.000005
2004.035109,-0.000044
2005.963921,-0.000012
2007.892732,0.000035
2009.821544,0.000066
2011.750355,0.000096
2013.679167,0.000100
2015.607978,0.000005
2017.536790,-0.000056
2019.465601,0.000059
2021.394413,0.000148
2023.323224,0.000206
2025.252036,0.000244
2027.180847,0.000130
2029.109658,0.000056
2031.038470,0.000089
2032.967281,0.000119
2034.896093,0.000123
2036.824904,0.000095
2038.753716,0.000059
2040.682527,0.000059
2042.611339,0.000120
2044.540150,0.000172
2046.468962,0.000176
2048.397773,0.000142
2050.326585,0.000084
2052.255396,0.000120
2054.184207,0.000176
2056.113019,0.000118
2058.041830,0.000048
2059.970642,0.000034
2061.899453,0.000020
2063.828265,-0.000038
2065.757076,-0.000079
2067.685888,-0.000075
2069.614699,-0.000054
2071.543511,0.000007
2073.472322,0.000025
2075.401134,-0.000017
2077.329945,-0.000019
2079.258756,-0.000019
2081.187568,-0.000032
2083.116379,-0.000020
2085.045191,-0.000003
2086.974002,0.000009
2088.902814,-0.000009
2090.831625,-0.000025
2092.760437,-0.000024
2094.689248,-0.000033
2096.618060,-0.000016
2098.546871,-0.000015
2100.475683,-0.000034
2102.404494,-0.000015
2104.333305,-0.000036
2106.262117,-0.000074
2108.190928,-0.000031
2110.119740,0.000005
2112.048551,-0.000037
2113.977363,-0.000062
2115.906174,0.000008
2117.834986,0.000090
2119.763797,0.000098
2121.692609,0.000044
2123.621420,-0.000021
2125.550232,-0.000031
2127.479043,-0.000028
2129.407854,-0.000066
2131.336666,-0.000069
2133.265477,-0.000041
2135.194289,-0.000049
2137.123100,-0.000064
2139.051912,-0.000056
2140.980723,-0.000081
2142.909535,-0.000135
2144.838346,-0.000127
2146.767158,-0.000073
2148.695969,-0.000069
2150.624781,-0.000081
2152.553592,-0.000055
2154.482404,-0.000035
2156.411215,0.000016
2158.340026,0.000099
2160.268838,0.000099
2162.197649,0.000073
2164.126461,0.000091
2166.055272,0.000074
2167.984084,0.000051
2169.912895,0.000095
2171.841707,0.000153
2173.770518,0.000174
2175.699330,0.000197
2177.628141,0.000218
2179.556953,0.000184
2181.485764,0.000188
2183.414575,0.000267
2185.343387,0.000310
2187.272198,0.000334
2189.201010,0.000368
2191.129821,0.000400
2193.058633,0.000457
2194.987444,0.000519
2196.916256,0.000592
2198.845067,0.000690
2200.773879,0.000787
2202.702690,0.000856
2204.631502,0.000892
2206.560313,0.000942
2208.489124,0.001001
2210.417936,0.001044
2212.346747,0.001042
2214.275559,0.000975
2216.204370,0.000894
2218.133182,0.000769
2220.061993,0.000548
2221.990805,0.000342
2223.919616,0.000347
2225.848428,0.000574
2227.777239,0.000819
2229.706051,0.000991
2231.634862,0.001171
2233.563673,0.001394
2235.492485,0.001521
2237.421296,0.001460
2239.350108,0.001346
2241.278919,0.001241
2243.207731,0.001086
2245.136542,0.000919
2247.065354,0.000787
2248.994165,0.000652
2250.922977,0.000458
2252.851788,0.000253
2254.780600,0.000153
2256.709411,0.000151
2258.638222,0.000154
2260.567034,0.000149
2262.495845,0.000165
2264.424657,0.000212
2266.353468,0.000271
2268.282280,0.000290
2270.211091,0.000256
2272.139903,0.000222
2274.068714,0.000245
2275.997526,0.000301
2277.926337,0.000334
2279.855149,0.000351
2281.783960,0.000394
2283.712771,0.000435
2285.641583,0.000420
2287.570394,0.000371
2289.499206,0.000304
2291.428017,0.000245
2293.356829,0.000211
2295.285640,0.000187
2297.214452,0.000206
2299.143263,0.000226
2301.072075,0.000158
2303.000886,0.000027
2304.929698,-0.000059
2306.858509,-0.000055
2308.787320,-0.000033
2310.716132,0.000161
2312.644943,0.000250
2314.573755,0.000308
2316.502566,0.000345
2318.431378,0.000298
2320.360189,0.000295
2322.289001,0.000403
2324.217812,0.000470
2326.146624,0.000340
2328.075435,0.000255
2330.004247,0.000152
2331.933058,0.000138
2333.861870,0.000282
2335.790681,0.000338
2337.719492,0.000305
2339.648304,0.000335
2341.577115,0.000483
2343.505927,0.000839
2345.434738,0.001334
2347.363550,0.001865
2349.292361,0.002060
2351.221173,0.001542
2353.149984,0.000805
2355.078796,0.000432
2357.007607,0.000221
2358.936419,0.000143
2360.865230,-0.000078
2362.794041,-0.000244
2364.722853,-0.000423
2366.651664,-0.000511
2368.580476,-0.000458
2370.509287,-0.000298
2372.438099,-0.000116
2374.366910,0.000063
2376.295722,0.000207
2378.224533,0.000241
2380.153345,0.000166
2382.082156,-0.000003
2384.010968,0.000034
2385.939779,0.000071
2387.868590,0.000146
2389.797402,0.000210
2391.726213,0.000195
2393.655025,0.000130
2395.583836,0.000123
2397.512648,0.000130
2399.441459,0.000095
2401.370271,0.000090
2403.299082,0.000078
2405.227894,0.000040
2407.156705,0.000054
2409.085517,0.000035
2411.014328,-0.000047
2412.943139,-0.000040
2414.871951,0.000050
2416.800762,0.000077
2418.729574,0.000020
2420.658385,-0.000031
2422.587197,-0.000030
2424.516008,-0.000017
2426.444820,-0.000013
2428.373631,0.000002
2430.302443,0.000019
2432.231254,0.000029
2434.160066,0.000021
2436.088877,-0.000002
2438.017688,0.000014
2439.946500,0.000054
2441.875311,0.000052
2443.804123,0.000041
2445.732934,0.000080
2447.661746,0.000096
2449.590557,0.000047
2451.519369,0.000082
2453.448180,0.000161
2455.376992,0.000091
2457.305803,0.000031
2459.234615,0.000104
2461.163426,0.000130
2463.092237,0.000090
2465.021049,0.000099
2466.949860,0.000150
2468.878672,0.000198
2470.807483,0.000258
2472.736295,0.000311
2474.665106,0.000330
2476.593918,0.000338
2478.522729,0.000309
2480.451541,0.000299
2482.380352,0.000335
2484.309164,0.000329
2486.237975,0.000322
2488.166786,0.000313
2490.095598,0.000343
2492.024409,0.000485
2493.953221,0.000494
2495.882032,0.000357
2497.810844,0.000332
2499.739655,0.000358
2501.668467,0.000362
2503.597278,0.000417
2505.526090,0.000519
2507.454901,0.000584
2509.383713,0.000517
2511.312524,0.000415
2513.241336,0.000380
2515.170147,0.000304
2517.098958,0.000202
2519.027770,0.000143
2520.956581,0.000051
2522.885393,-0.000033
2524.814204,-0.000000
2526.743016,0.000114
2528.671827,0.000172
2530.600639,0.000123
2532.529450,0.000041
2534.458262,-0.000075
2536.387073,-0.000177
2538.315885,-0.000144
2540.244696,-0.000094
2542.173507,-0.000118
2544.102319,-0.000149
2546.031130,-0.000166
2547.959942,-0.000146
2549.888753,-0.000108
2551.817565,-0.000095
2553.746376,-0.000098
2555.675188,-0.000086
2557.603999,-0.000047
2559.532811,-0.000052
2561.461622,-0.000074
2563.390434,-0.000056
2565.319245,-0.000051
2567.248056,-0.000031
2569.176868,0.000029
2571.105679,0.000080
2573.034491,0.000122
2574.963302,0.000150
2576.892114,0.000134
2578.820925,0.000105
2580.749737,0.000103
2582.678548,0.000084
2584.607360,0.000069
2586.536171,0.000140
2588.464983,0.000180
2590.393794,0.000134
2592.322605,0.000099
2594.251417,0.000062
2596.180228,0.000011
2598.109040,-0.000022
2600.037851,0.000010
2601.966663,0.000113
2603.895474,0.000173
2605.824286,0.000165
2607.753097,0.000139
2609.681909,0.000157
2611.610720,0.000271
2613.539532,0.000380
2615.468343,0.000440
2617.397154,0.000505
2619.325966,0.000608
2621.254777,0.000690
2623.183589,0.000694
2625.112400,0.000733
2627.041212,0.000807
2628.970023,0.000805
2630.898835,0.000767
2632.827646,0.000748
2634.756458,0.000816
2636.685269,0.000932
2638.614081,0.000911
2640.542892,0.000752
2642.471703,0.000575
2644.400515,0.000407
2646.329326,0.000275
2648.258138,0.000221
2650.186949,0.000231
2652.115761,0.000193
2654.044572,0.000087
2655.973384,0.000082
2657.902195,0.000151
2659.831007,0.000125
2661.759818,0.000096
2663.688630,0.000132
2665.617441,0.000164
2667.546253,0.000131
2669.475064,0.000044
2671.403875,0.000014
2673.332687,0.000011
2675.261498,0.000023
2677.190310,0.000073
2679.119121,0.000036
2681.047933,0.000035
2682.976744,0.000149
2684.905556,0.000129
2686.834367,0.000050
2688.763179,0.000083
2690.691990,0.000036
2692.620802,-0.000037
2694.549613,0.000041
2696.478424,0.000062
2698.407236,0.000024
2700.336047,0.000075
2702.264859,0.000080
2704.193670,0.000042
2706.122482,0.000012
2708.051293,-0.000020
2709.980105,-0.000032
2711.908916,-0.000064
2713.837728,0.000000
2715.766539,0.000154
2717.695351,0.000137
2719.624162,0.000030
2721.552973,0.000024
2723.481785,0.000023
2725.410596,-0.000010
2727.339408,0.000028
2729.268219,0.000097
2731.197031,0.000108
2733.125842,0.000079
2735.054654,0.000037
2736.983465,0.000032
2738.912277,0.000064
2740.841088,0.000038
2742.769900,0.000024
2744.698711,0.000111
2746.627522,0.000140
2748.556334,0.000042
2750.485145,-0.000050
2752.413957,-0.000078
2754.342768,-0.000045
2756.271580,-0.000022
2758.200391,-0.000067
2760.129203,-0.000058
2762.058014,0.000024
2763.986826,0.000054
2765.915637,0.000082
2767.844449,0.000149
2769.773260,0.000126
2771.702071,0.000034
2773.630883,-0.000038
2775.559694,-0.000100
2777.488506,-0.000073
2779.417317,0.000023
2781.346129,0.000045
2783.274940,0.000036
2785.203752,0.000057
2787.132563,0.000037
2789.061375,0.000006
2790.990186,0.000045
2792.918998,0.000054
2794.847809,0.000041
2796.776620,0.000053
2798.705432,-0.000046
2800.634243,-0.000151
2802.563055,-0.000115
2804.491866,-0.000042
2806.420678,-0.000020
2808.349489,-0.000080
2810.278301,-0.000075
2812.207112,0.000026
2814.135924,-0.000005
2816.064735,-0.000035
2817.993547,0.000054
2819.922358,0.000033
2821.851169,-0.000022
2823.779981,0.000045
2825.708792,0.000137
2827.637604,0.000164
2829.566415,0.000146
2831.495227,0.000160
2833.424038,0.000206
2835.352850,0.000288
2837.281661,0.000349
2839.210473,0.000372
2841.139284,0.000553
2843.068096,0.000764
2844.996907,0.000851
2846.925719,0.001052
2848.854530,0.001335
2850.783341,0.001623
2852.712153,0.002073
2854.640964,0.002596
2856.569776,0.003173
2858.498587,0.003909
2860.427399,0.004703
2862.356210,0.005607
2864.285022,0.006897
2866.213833,0.008541
2868.142645,0.010168
2870.071456,0.011847
2872.000268,0.014044
2873.929079,0.016599
2875.857890,0.019010
2877.786702,0.021393
2879.715513,0.023950
2881.644325,0.026493
2883.573136,0.028883
2885.501948,0.030814
2887.430759,0.032137
2889.359571,0.033049
2891.288382,0.033394
2893.217194,0.032979
2895.146005,0.031700
2897.074817,0.029707
2899.003628,0.027248
2900.932439,0.024580
2902.861251,0.021483
2904.790062,0.017100
2906.718874,0.015206
2908.647685,0.021079
2910.576497,0.031671
2912.505308,0.041205
2914.434120,0.048156
2916.362931,0.052091
2918.291743,0.052865
2920.220554,0.050573
2922.149366,0.045590
2924.078177,0.038719
2926.006988,0.030535
2927.935800,0.022084
2929.864611,0.014487
2931.793423,0.008408
2933.722234,0.004141
2935.651046,0.001589
2937.579857,0.000436
2939.508669,0.000100
2941.437480,0.000097
2943.366292,0.000233
2945.295103,0.000307
2947.223915,0.000309
2949.152726,0.000406
2951.081537,0.000570
2953.010349,0.000721
2954.939160,0.000815
2956.867972,0.000899
2958.796783,0.001056
2960.725595,0.001196
2962.654406,0.001296
2964.583218,0.001364
2966.512029,0.001382
2968.440841,0.001348
2970.369652,0.001236
2972.298464,0.001210
2974.227275,0.001287
2976.156086,0.001342
2978.084898,0.001377
2980.013709,0.001294
2981.942521,0.001098
2983.871332,0.000874
2985.800144,0.000602
2987.728955,0.000373
2989.657767,0.000281
2991.586578,0.000223
2993.515390,0.000116
2995.444201,0.000045
2997.373013,0.000048
2999.301824,0.000066
3001.230635,0.000028
3003.159447,-0.000060
3005.088258,-0.000060
3007.017070,0.000032
3008.945881,0.000053
3010.874693,-0.000036
3012.803504,-0.000160
3014.732316,-0.000237
3016.661127,-0.000262
3018.589939,-0.000305
3020.518750,-0.000329
3022.447562,-0.000296
3024.376373,-0.000262
3026.305185,-0.000235
3028.233996,-0.000238
3030.162807,-0.000259
3032.091619,-0.000250
3034.020430,-0.000233
3035.949242,-0.000181
3037.878053,-0.000102
3039.806865,-0.000109
3041.735676,-0.000170
3043.664488,-0.000190
3045.593299,-0.000190
3047.522111,-0.000209
3049.450922,-0.000206
3051.379734,-0.000134
3053.308545,-0.000108
3055.237356,-0.000156
3057.166168,-0.000117
3059.094979,-0.000058
3061.023791,-0.000110
3062.952602,-0.000181
3064.881414,-0.000159
3066.810225,-0.000109
3068.739037,-0.000111
3070.667848,-0.000107
3072.596660,-0.000119
3074.525471,-0.000122
3076.454283,-0.000064
3078.383094,-0.000060
3080.311905,-0.000124
3082.240717,-0.000139
3084.169528,-0.000047
3086.098340,0.000045
3088.027151,0.000050
3089.955963,0.000072
3091.884774,0.000162
3093.813586,0.000202
3095.742397,0.000147
3097.671209,0.000156
3099.600020,0.000231
3101.528832,0.000361
3103.457643,0.000613
3105.386454,0.000727
3107.315266,0.000708
3109.244077,0.000751
3111.172889,0.000715
3113.101700,0.000635
3115.030512,0.000639
3116.959323,0.000686
3118.888135,0.000706
3120.816946,0.000649
3122.745758,0.000577
3124.674569,0.000520
3126.603381,0.000436
3128.532192,0.000352
3130.461003,0.000284
3132.389815,0.000216
3134.318626,0.000146
3136.247438,0.000056
3138.176249,0.000005
3140.105061,-0.000040
3142.033872,-0.000163
3143.962684,-0.000223
3145.891495,-0.000203
3147.820307,-0.000210
3149.749118,-0.000173
3151.677930,-0.000136
3153.606741,-0.000193
3155.535552,-0.000209
3157.464364,-0.000147
3159.393175,-0.000175
3161.321987,-0.000182
3163.250798,-0.000048
3165.179610,0.000057
3167.108421,0.000088
3169.037233,0.000034
3170.966044,-0.000109
3172.894856,-0.000183
3174.823667,-0.000114
3176.752479,-0.000057
3178.681290,-0.000137
3180.610102,-0.000161
3182.538913,-0.000118
3184.467724,-0.000194
3186.396536,-0.000176
3188.325347,-0.000005
3190.254159,0.000039
3192.182970,-0.000007
3194.111782,0.000002
3196.040593,-0.000041
3197.969405,-0.000176
3199.898216,-0.000223
3201.827028,-0.000151
3203.755839,-0.000054
3205.684651,0.000030
3207.613462,0.000021
3209.542273,-0.000018
3211.471085,-0.000015
3213.399896,-0.000043
3215.328708,0.000017
3217.257519,0.000116
3219.186331,0.000012
3221.115142,-0.000108
3223.043954,-0.000093
3224.972765,-0.000043
3226.901577,0.000049
3228.830388,0.000098
3230.759200,0.000087
3232.688011,0.000129
3234.616822,0.000170
3236.545634,0.000141
3238.474445,0.000119
3240.403257,0.000189
3242.332068,0.000259
3244.260880,0.000238
3246.189691,0.000184
3248.118503,0.000155
3250.047314,0.000165
3251.976126,0.000172
3253.904937,0.000239
3255.833749,0.000341
3257.762560,0.000279
3259.691371,0.000271
3261.620183,0.000440
3263.548994,0.000437
3265.477806,0.000306
3267.406617,0.000316
3269.335429,0.000394
3271.264240,0.000437
3273.193052,0.000385
3275.121863,0.000247
3277.050675,0.000207
3278.979486,0.000275
3280.908298,0.000339
3282.837109,0.000372
3284.765920,0.000298
3286.694732,0.000178
3288.623543,0.000109
3290.552355,0.000061
3292.481166,0.000117
3294.409978,0.000282
3296.338789,0.000306
3298.267601,0.000146
3300.196412,0.000053
3302.125224,0.000009
3304.054035,-0.000079
3305.982847,-0.000060
3307.911658,0.000019
3309.840469,-0.000038
3311.769281,-0.000183
3313.698092,-0.000217
3315.626904,-0.000139
3317.555715,-0.000040
3319.484527,0.000083
3321.413338,0.000091
3323.342150,0.000033
3325.270961,0.000057
3327.199773,0.000014
3329.128584,-0.000021
3331.057396,0.000049
3332.986207,0.000130
3334.915018,0.000192
3336.843830,0.000156
3338.772641,0.000067
3340.701453,0.000172
3342.630264,0.000335
3344.559076,0.000301
3346.487887,0.000184
3348.416699,0.000235
3350.345510,0.000313
3352.274322,0.000316
3354.203133,0.000422
3356.131945,0.000451
3358.060756,0.000370
3359.989568,0.000406
3361.918379,0.000367
3363.847190,0.000203
3365.776002,0.000122
3367.704813,0.000127
3369.633625,0.000168
3371.562436,0.000068
3373.491248,-0.000138
3375.420059,-0.000147
3377.348871,-0.000126
3379.277682,-0.000087
3381.206494,0.000225
3383.135305,0.000477
3385.064117,0.000531
3386.992928,0.000552
3388.921739,0.000391
3390.850551,0.000126
3392.779362,0.000027
3394.708174,-0.000001
3396.636985,-0.000054
3398.565797,-0.000053
3400.494608,-0.000002
3402.423420,-0.000089
3404.352231,-0.000132
3406.281043,-0.000059
3408.209854,0.000048
3410.138666,0.000164
3412.067477,0.000137
3413.996288,0.000009
3415.925100,-0.000076
3417.853911,-0.000060
3419.782723,0.000009
3421.711534,-0.000006
3423.640346,-0.000055
3425.569157,-0.000027
3427.497969,0.000086
3429.426780,0.000219
3431.355592,0.000242
3433.284403,0.000187
3435.213215,0.000342
3437.142026,0.000580
3439.070837,0.000479
3440.999649,0.000460
3442.928460,0.000713
3444.857272,0.000754
3446.786083,0.000740
3448.714895,0.000719
3450.643706,0.000527
3452.572518,0.000350
3454.501329,0.000237
3456.430141,0.000225
3458.358952,0.000242
3460.287764,0.000311
3462.216575,0.000412
3464.145386,0.000250
3466.074198,0.000126
3468.003009,0.000285
3469.931821,0.000282
3471.860632,0.000046
3473.789444,-0.000145
3475.718255,-0.000254
3477.647067,-0.000254
3479.575878,-0.000169
3481.504690,-0.000119
3483.433501,-0.000048
3485.362313,0.000071
3487.291124,0.000137
3489.219935,0.000121
3491.148747,0.000118
3493.077558,0.000106
3495.006370,0.000032
3496.935181,0.000051
3498.863993,0.000024
3500.792804,-0.000199
3502.721616,-0.000359
3504.650427,-0.000413
3506.579239,-0.000428
3508.508050,-0.000299
3510.436862,0.000015
3512.365673,0.000131
3514.294484,0.000116
3516.223296,0.000372
3518.152107,0.000442
3520.080919,0.000320
3522.009730,0.000448
3523.938542,0.000502
3525.867353,0.000509
3527.796165,0.000699
3529.724976,0.000980
3531.653788,0.001295
3533.582599,0.001431
3535.511411,0.001357
3537.440222,0.001427
3539.369034,0.001645
3541.297845,0.001751
3543.226656,0.001831
3545.155468,0.001882
3547.084279,0.001964
3549.013091,0.002235
3550.941902,0.002329
3552.870714,0.002446
3554.799525,0.003008
3556.728337,0.003484
3558.657148,0.003924
3560.585960,0.004703
3562.514771,0.005377
3564.443583,0.005894
3566.372394,0.006336
3568.301205,0.006931
3570.230017,0.008025
3572.158828,0.008832
3574.087640,0.009001
3576.016451,0.008882
3577.945263,0.008627
3579.874074,0.008045
3581.802886,0.006872
3583.731697,0.005663
3585.660509,0.004924
3587.589320,0.006027
3589.518132,0.008047
3591.446943,0.006712
3593.375754,0.004145
3595.304566,0.004518
3597.233377,0.006317
3599.162189,0.007676
3601.091000,0.008520
3603.019812,0.009014
3604.948623,0.009106
3606.877435,0.008452
3608.806246,0.007583
3610.735058,0.006722
3612.663869,0.005780
3614.592681,0.004947
3616.521492,0.003988
3618.450303,0.003004
3620.379115,0.002463
3622.307926,0.002244
3624.236738,0.002021
3626.165549,0.001338
3628.094361,0.000159
3630.023172,-0.000033
3631.951984,0.000610
3633.880795,0.000827
3635.809607,0.000924
3637.738418,0.001096
3639.667230,0.001065
3641.596041,0.001017
3643.524852,0.000952
3645.453664,0.000502
3647.382475,-0.000254
3649.311287,-0.000720
3651.240098,-0.000256
3653.168910,0.000571
3655.097721,0.000642
3657.026533,0.000511
3658.955344,0.000856
3660.884156,0.001072
3662.812967,0.001143
3664.741779,0.001165
3666.670590,0.000915
3668.599401,0.000243
3670.528213,-0.000338
3672.457024,-0.000310
3674.385836,-0.000785
3676.314647,-0.001031
3678.243459,-0.000160
3680.172270,0.000490
3682.101082,0.000702
3684.029893,0.000705
3685.958705,0.000337
3687.887516,-0.000355
3689.816328,-0.000707
3691.745139,-0.000257
3693.673951,0.000339
3695.602762,0.000666
3697.531573,0.000796
3699.460385,0.000597
3701.389196,0.000115
3703.318008,0.000104
3705.246819,0.000495
3707.175631,0.000332
3709.104442,-0.000363
3711.033254,-0.000879
3712.962065,-0.000607
3714.890877,0.000043
3716.819688,0.000258
3718.748500,0.000195
3720.677311,0.000059
3722.606122,-0.000074
3724.534934,-0.000111
3726.463745,-0.000099
3728.392557,-0.000006
3730.321368,-0.000148
3732.250180,-0.000545
3734.178991,-0.000781
3736.107803,-0.000797
3738.036614,-0.000451
3739.965426,0.000054
3741.894237,-0.000135
3743.823049,-0.001051
3745.751860,-0.001199
3747.680671,-0.000795
3749.609483,-0.001183
3751.538294,-0.001295
3753.467106,-0.000478
3755.395917,0.000142
3757.324729,0.000247
3759.253540,0.000143
3761.182352,0.000446
3763.111163,0.000736
3765.039975,0.000473
3766.968786,0.000306
3768.897598,0.000188
3770.826409,0.000169
3772.755220,0.000670
3774.684032,0.000996
3776.612843,0.000879
3778.541655,0.000627
3780.470466,0.000556
3782.399278,0.000753
3784.328089,0.000822
3786.256901,0.000849
3788.185712,0.000928
3790.114524,0.000866
3792.043335,0.000921
3793.972147,0.000896
3795.900958,0.000437
3797.829769,0.000168
3799.758581,-0.000066
3801.687392,-0.000515
3803.616204,-0.000207
3805.545015,0.000079
3807.473827,0.000061
3809.402638,0.000505
3811.331450,0.000767
3813.260261,0.000471
3815.189073,-0.000125
3817.117884,-0.000344
3819.046696,-0.000271
3820.975507,-0.000700
3822.904318,-0.000505
3824.833130,0.000201
3826.761941,0.000326
3828.690753,0.000414
3830.619564,0.000381
3832.548376,0.000014
3834.477187,-0.000236
3836.405999,-0.000605
3838.334810,-0.000898
3840.263622,-0.000612
3842.192433,-0.000229
3844.121245,0.000037
3846.050056,0.000264
3847.978867,0.000279
3849.907679,-0.000046
3851.836490,-0.000979
3853.765302,-0.001848
3855.694113,-0.001208
3857.622925,-0.000282
3859.551736,-0.000049
3861.480548,-0.000132
3863.409359,-0.000408
3865.338171,-0.000586
3867.266982,-0.000560
3869.195794,-0.000803
3871.124605,-0.000757
3873.053417,-0.000298
3874.982228,-0.000027
3876.911039,0.000218
3878.839851,0.000061
3880.768662,-0.000320
3882.697474,-0.000209
3884.626285,-0.000360
3886.555097,-0.000508
3888.483908,-0.000107
3890.412720,-0.000172
3892.341531,-0.000324
3894.270343,0.000107
3896.199154,0.000192
3898.127966,-0.000319
3900.056777,-0.000829
3901.985588,-0.001047
3903.914400,-0.000989
3905.843211,-0.000658
3907.772023,-0.000140
3909.700834,0.000203
3911.629646,0.000228
3913.558457,0.000147
3915.487269,-0.000056
3917.416080,-0.000318
3919.344892,-0.000251
3921.273703,0.000025
3923.202515,0.000085
3925.131326,0.000025
3927.060137,-0.000027
3928.988949,-0.000202
3930.917760,-0.000388
3932.846572,-0.000333
3934.775383,-0.000096
3936.704195,-0.000052
3938.633006,-0.000183
3940.561818,-0.000219
3942.490629,-0.000293
3944.419441,-0.000243
3946.348252,0.000067
3948.277064,0.000038
3950.205875,-0.000262
3952.134686,-0.000312
3954.063498,-0.000297
3955.992309,-0.000260
3957.921121,-0.000105
3959.849932,-0.000046
3961.778744,-0.000022
3963.707555,0.000047
3965.636367,0.000098
3967.565178,0.000088
3969.493990,-0.000059
3971.422801,-0.000152
3973.351613,-0.000097
3975.280424,-0.000026
3977.209235,0.000062
3979.138047,0.000083
3981.066858,0.000030
3982.995670,0.000063
3984.924481,0.000125
3986.853293,0.000086
3988.782104,0.000015
3990.710916,-0.000037
3992.639727,-0.000129
3994.568539,-0.000119
3996.497350,0.000070
3998.426162,0.000139
4000.354973,0.000055
