898.826141,0.000350
900.754953,0.000594
902.683764,0.000455
904.612576,-0.000495
906.541387,-0.000519
908.470199,-0.000553
910.399010,-0.000710
912.327822,-0.000348
914.256633,-0.000258
916.185445,-0.000327
918.114256,0.000121
920.043068,0.000108
921.971879,-0.000643
923.900690,-0.000518
925.829502,0.000418
927.758313,0.001205
929.687125,0.000879
931.615936,0.000136
933.544748,-0.000030
935.473559,0.000548
937.402371,0.001122
939.331182,0.001269
941.259994,0.000474
943.188805,-0.000475
945.117617,-0.000402
947.046428,0.000121
948.975240,0.000190
950.904051,0.000060
952.832862,0.000164
954.761674,0.000184
956.690485,0.000162
958.619297,0.000307
960.548108,0.000191
962.476920,0.000063
964.405731,0.000121
966.334543,-0.000064
968.263354,-0.000084
970.192166,0.000142
972.120977,-0.000057
974.049789,-0.000377
975.978600,-0.000354
977.907411,-0.000226
979.836223,-0.000118
981.765034,-0.000052
983.693846,-0.000088
985.622657,-0.000203
987.551469,-0.000307
989.480280,-0.000313
991.409092,-0.000176
993.337903,0.000005
995.266715,0.000010
997.195526,-0.000000
999.124338,-0.000031
1001.053149,-0.000167
1002.981960,-0.000099
1004.910772,0.000008
1006.839583,-0.000122
1008.768395,-0.000109
1010.697206,0.000087
1012.626018,0.000072
1014.554829,-0.000040
1016.483641,0.000013
1018.412452,0.000064
1020.341264,0.000056
1022.270075,0.000106
1024.198887,0.000154
1026.127698,0.000268
1028.056509,0.000462
1029.985321,0.000509
1031.914132,0.000519
1033.842944,0.000698
1035.771755,0.000846
1037.700567,0.000901
1039.629378,0.001056
1041.558190,0.001139
1043.487001,0.000903
1045.415813,0.000683
1047.344624,0.000679
1049.273436,0.000569
1051.202247,0.000419
1053.131058,0.000269
1055.059870,0.000111
1056.988681,0.000122
1058.917493,0.000157
1060.846304,0.000043
1062.775116,-0.000002
1064.703927,0.000047
1066.632739,0.000053
1068.561550,0.000042
1070.490362,0.000108
1072.419173,0.000195
1074.347985,0.000211
1076.276796,0.000207
1078.205607,0.000221
1080.134419,0.000269
1082.063230,0.000380
1083.992042,0.000378
1085.920853,0.000250
1087.849665,0.000297
1089.778476,0.000394
1091.707288,0.000373
1093.636099,0.000416
1095.564911,0.000446
1097.493722,0.000372
1099.422534,0.000283
1101.351345,0.000193
1103.280156,0.000189
1105.208968,0.000240
1107.137779,0.000209
1109.066591,0.000210
1110.995402,0.000253
1112.924214,0.000228
1114.853025,0.000216
1116.781837,0.000248
1118.710648,0.000296
1120.639460,0.000290
1122.568271,0.000290
1124.497083,0.000410
1126.425894,0.000461
1128.354706,0.000444
1130.283517,0.000436
1132.212328,0.000333
1134.141140,0.000293
1136.069951,0.000293
1137.998763,0.000179
1139.927574,0.000068
1141.856386,0.000015
1143.785197,-0.000060
1145.714009,-0.000052
1147.642820,0.000001
1149.571632,-0.000050
1151.500443,-0.000127
1153.429255,-0.000074
1155.358066,0.000011
1157.286877,-0.000001
1159.215689,-0.000042
1161.144500,-0.000091
1163.073312,-0.000158
1165.002123,-0.000097
1166.930935,0.000062
1168.859746,0.000091
1170.788558,0.000043
1172.717369,-0.000041
1174.646181,-0.000195
1176.574992,-0.000190
1178.503804,0.000013
1180.432615,0.000137
1182.361426,0.000070
1184.290238,0.000002
1186.219049,0.000029
1188.147861,0.000110
1190.076672,0.000246
1192.005484,0.000291
1193.934295,0.000227
1195.863107,0.000190
1197.791918,0.000074
1199.720730,-0.000157
1201.649541,-0.000155
1203.578353,0.000033
1205.507164,0.000155
1207.435975,0.000184
1209.364787,0.000253
1211.293598,0.000500
1213.222410,0.000791
1215.151221,0.001158
1217.080033,0.001682
1219.008844,0.002109
1220.937656,0.002743
1222.866467,0.003443
1224.795279,0.003999
1226.724090,0.005085
1228.652902,0.006398
1230.581713,0.007851
1232.510524,0.009992
1234.439336,0.012296
1236.368147,0.015049
1238.296959,0.019053
1240.225770,0.023881
1242.154582,0.030254
1244.083393,0.039016
1246.012205,0.049334
1247.941016,0.060875
1249.869828,0.072400
1251.798639,0.081125
1253.727451,0.083849
1255.656262,0.080733
1257.585073,0.078658
1259.513885,0.083240
1261.442696,0.092278
1263.371508,0.094037
1265.300319,0.084641
1267.229131,0.080694
1269.157942,0.087188
1271.086754,0.090166
1273.015565,0.083440
1274.944377,0.070392
1276.873188,0.056188
1278.802000,0.045259
1280.730811,0.038076
1282.659622,0.032793
1284.588434,0.028515
1286.517245,0.025439
1288.446057,0.022729
1290.374868,0.020408
1292.303680,0.018724
1294.232491,0.016942
1296.161303,0.015734
1298.090114,0.015252
1300.018926,0.014931
1301.947737,0.014803
1303.876549,0.014647
1305.805360,0.014516
1307.734172,0.014746
1309.662983,0.015140
1311.591794,0.015052
1313.520606,0.014571
1315.449417,0.013827
1317.378229,0.012706
1319.307040,0.011555
1321.235852,0.010547
1323.164663,0.010765
1325.093475,0.011302
1327.022286,0.009628
1328.951098,0.007877
1330.879909,0.007755
1332.808721,0.007574
1334.737532,0.007411
1336.666343,0.007317
1338.595155,0.006822
1340.523966,0.006475
1342.452778,0.006047
1344.381589,0.005215
1346.310401,0.004232
1348.239212,0.003298
1350.168024,0.002556
1352.096835,0.001860
1354.025647,0.001179
1355.954458,0.000861
1357.883270,0.000723
1359.812081,0.000235
1361.740892,-0.000290
1363.669704,-0.000249
1365.598515,-0.000024
1367.527327,-0.000010
1369.456138,0.000144
1371.384950,0.000140
1373.313761,-0.000270
1375.242573,-0.000361
1377.171384,0.000072
1379.100196,0.000417
1381.029007,0.000613
1382.957819,0.000832
1384.886630,0.000838
1386.815441,0.000701
1388.744253,0.001047
1390.673064,0.001491
1392.601876,0.001169
1394.530687,0.000730
1396.459499,0.000814
1398.388310,0.000925
1400.317122,0.001472
1402.245933,0.002013
1404.174745,0.001808
1406.103556,0.001876
1408.032368,0.002183
1409.961179,0.002083
1411.889990,0.002055
1413.818802,0.002276
1415.747613,0.002091
1417.676425,0.001215
1419.605236,0.001246
1421.534048,0.002261
1423.462859,0.002632
1425.391671,0.002896
1427.320482,0.003068
1429.249294,0.002786
1431.178105,0.003045
1433.106917,0.003354
1435.035728,0.002469
1436.964539,0.002085
1438.893351,0.003389
1440.822162,0.004182
1442.750974,0.004213
1444.679785,0.004026
1446.608597,0.003705
1448.537408,0.003837
1450.466220,0.004151
1452.395031,0.004080
1454.323843,0.003037
1456.252654,0.001234
1458.181466,0.001710
1460.110277,0.003812
1462.039089,0.004401
1463.967900,0.003719
1465.896711,0.003818
1467.825523,0.004598
1469.754334,0.003987
1471.683146,0.002460
1473.611957,0.002359
1475.540769,0.003260
1477.469580,0.004082
1479.398392,0.004505
1481.327203,0.004505
1483.256015,0.004489
1485.184826,0.004137
1487.113638,0.003304
1489.042449,0.002631
1490.971260,0.003102
1492.900072,0.003929
1494.828883,0.003423
1496.757695,0.002640
1498.686506,0.003038
1500.615318,0.003684
1502.544129,0.003619
1504.472941,0.001725
1506.401752,-0.000500
1508.330564,0.000824
1510.259375,0.002525
1512.188187,0.003004
1514.116998,0.002785
1516.045809,0.001962
1517.974621,0.001472
1519.903432,0.000779
1521.832244,0.000383
1523.761055,0.001483
1525.689867,0.002135
1527.618678,0.002606
1529.547490,0.003313
1531.476301,0.002788
1533.405113,0.002077
1535.333924,0.002810
1537.262736,0.002316
1539.191547,0.000026
1541.120358,0.000077
1543.049170,0.001955
1544.977981,0.003621
1546.906793,0.005043
1548.835604,0.005846
1550.764416,0.006681
1552.693227,0.007453
1554.622039,0.008543
1556.550850,0.009251
1558.479662,0.010522
1560.408473,0.018004
1562.337285,0.026452
1564.266096,0.034164
1566.194907,0.043780
1568.123719,0.054741
1570.052530,0.070580
1571.981342,0.091028
1573.910153,0.111974
1575.838965,0.141050
1577.767776,0.178672
1579.696588,0.217243
1581.625399,0.260722
1583.554211,0.307649
1585.483022,0.357650
1587.411834,0.412055
1589.340645,0.470568
1591.269456,0.532043
1593.198268,0.585976
1595.127079,0.623206
1597.055891,0.641131
1598.984702,0.645959
1600.913514,0.635719
1602.842325,0.616635
1604.771137,0.600610
1606.699948,0.579442
1608.628760,0.551991
1610.557571,0.507612
1612.486383,0.453849
1614.415194,0.396283
1616.344005,0.343641
1618.272817,0.392122
1620.201628,0.548043
1622.130440,0.712584
1624.059251,0.816717
1625.988063,0.877940
1627.916874,0.910818
1629.845686,0.898033
1631.774497,0.829504
1633.703309,0.732248
1635.632120,0.609189
1637.560932,0.502174
1639.489743,0.416783
1641.418555,0.324344
1643.347366,0.241185
1645.276177,0.173089
1647.204989,0.111096
1649.133800,0.070207
1651.062612,0.043356
1652.991423,0.019161
1654.920235,0.009652
1656.849046,0.007819
1658.777858,0.004931
1660.706669,0.002352
1662.635481,0.000515
1664.564292,0.000439
1666.493104,0.000602
1668.421915,-0.000230
1670.350726,0.000585
1672.279538,0.002490
1674.208349,0.003988
1676.137161,0.006723
1678.065972,0.010270
1679.994784,0.012821
1681.923595,0.013772
1683.852407,0.014264
1685.781218,0.016574
1687.710030,0.018178
1689.638841,0.017413
1691.567653,0.016205
1693.496464,0.013063
1695.425275,0.012950
1697.354087,0.023384
1699.282898,0.026000
1701.211710,0.014583
1703.140521,0.011626
1705.069333,0.016243
1706.998144,0.021518
1708.926956,0.027526
1710.855767,0.033170
1712.784579,0.035636
1714.713390,0.035061
1716.642202,0.034438
1718.571013,0.035444
1720.499824,0.036951
1722.428636,0.037551
1724.357447,0.037804
1726.286259,0.038514
1728.215070,0.039759
1730.143882,0.042225
1732.072693,0.044885
1734.001505,0.050189
1735.930316,0.059061
1737.859128,0.065726
1739.787939,0.070773
1741.716751,0.074810
1743.645562,0.076417
1745.574373,0.075634
1747.503185,0.073504
1749.431996,0.071473
1751.360808,0.071540
1753.289619,0.073100
1755.218431,0.073257
1757.147242,0.071650
1759.076054,0.067473
1761.004865,0.058264
1762.933677,0.046232
1764.862488,0.036028
1766.791300,0.026124
1768.720111,0.017206
1770.648922,0.010539
1772.577734,0.005614
1774.506545,0.003539
1776.435357,0.002395
1778.364168,0.001120
1780.292980,0.000389
1782.221791,0.000330
1784.150603,0.000448
1786.079414,0.000616
1788.008226,0.000921
1789.937037,0.000452
1791.865849,-0.000407
1793.794660,-0.000085
1795.723471,0.000605
1797.652283,0.000525
1799.581094,-0.000074
1801.509906,-0.000210
1803.438717,0.000409
1805.367529,0.000993
1807.296340,0.001154
1809.225152,0.001008
1811.153963,0.001090
1813.082775,0.001683
1815.011586,0.002208
1816.940398,0.002577
1818.869209,0.003015
1820.798021,0.003355
1822.726832,0.003376
1824.655643,0.003488
1826.584455,0.004115
1828.513266,0.004448
1830.442078,0.004665
1832.370889,0.005613
1834.299701,0.006510
1836.228512,0.007093
1838.157324,0.007745
1840.086135,0.008179
1842.014947,0.008199
1843.943758,0.008164
1845.872570,0.008520
1847.801381,0.008843
1849.730192,0.008897
1851.659004,0.008890
1853.587815,0.008706
1855.516627,0.008335
1857.445438,0.007819
1859.374250,0.007285
1861.303061,0.006479
1863.231873,0.005423
1865.160684,0.004178
1867.089496,0.002319
1869.018307,0.000690
1870.947119,-0.000216
1872.875930,0.001549
1874.804741,0.005418
1876.733553,0.004093
1878.662364,-0.000186
1880.591176,0.000057
1882.519987,0.002282
1884.448799,0.004132
1886.377610,0.006071
1888.306422,0.007545
1890.235233,0.009149
1892.164045,0.010683
1894.092856,0.011871
1896.021668,0.012910
1897.950479,0.013677
1899.879290,0.014179
1901.808102,0.014461
1903.736913,0.014697
1905.665725,0.014708
1907.594536,0.014438
1909.523348,0.014098
1911.452159,0.013616
1913.380971,0.012964
1915.309782,0.011916
1917.238594,0.010545
1919.167405,0.009765
1921.096217,0.009336
1923.025028,0.008519
1924.953839,0.007746
1926.882651,0.006982
1928.811462,0.006029
1930.740274,0.005185
1932.669085,0.004443
1934.597897,0.003771
1936.526708,0.003126
1938.455520,0.002513
1940.384331,0.001857
1942.313143,0.001258
1944.241954,0.001043
1946.170766,0.000983
1948.099577,0.000857
1950.028388,0.000740
1951.957200,0.000636
1953.886011,0.000529
1955.814823,0.000384
1957.743634,0.000319
1959.672446,0.000279
1961.601257,0.000253
1963.530069,0.000152
1965.458880,-0.000019
1967.387692,-0.000038
1969.316503,0.000064
1971.245315,0.000071
1973.174126,0.000038
1975.102938,0.000059
1977.031749,0.000038
1978.960560,0.000031
1980.889372,0.000060
1982.818183,0.000056
1984.746995,0.000045
1986.675806,0.000000
1988.604618,-0.000069
1990.533429,-0.000153
1992.462241,-0.000146
1994.391052,0.000019
1996.319864,0.000093
1998.248675,0.000020
2000.177487,-0.000007
2002.106298,0.000024
2004.035109,0.000030
2005.963921,0.000020
2007.892732,0.000004
2009.821544,-0.000016
2011.750355,0.000009
2013.679167,-0.000002
2015.607978,-0.000105
2017.536790,-0.000110
2019.465601,0.000004
2021.394413,0.000048
2023.323224,0.000058
2025.252036,0.000069
2027.180847,0.000031
2029.109658,0.000025
2031.038470,0.000019
2032.967281,-0.000012
2034.896093,0.000014
2036.824904,0.000014
2038.753716,-0.000056
2040.682527,-0.000071
2042.611339,-0.000012
2044.540150,0.000023
2046.468962,0.000034
2048.397773,0.000056
2050.326585,0.000054
2052.255396,0.000055
2054.184207,0.000115
2056.113019,0.000130
2058.041830,0.000041
2059.970642,-0.000018
2061.899453,-0.000031
2063.828265,-0.000075
2065.757076,-0.000097
2067.685888,-0.000072
2069.614699,-0.000027
2071.543511,-0.000021
2073.472322,-0.000067
2075.401134,-0.000070
2077.329945,-0.000046
2079.258756,-0.000058
2081.187568,-0.000083
2083.116379,-0.000083
2085.045191,-0.000069
2086.974002,-0.000078
2088.902814,-0.000078
2090.831625,-0.000072
2092.760437,-0.000091
2094.689248,-0.000098
2096.618060,-0.000081
2098.546871,-0.000064
2100.475683,-0.000045
2102.404494,-0.000006
2104.333305,0.000007
2106.262117,-0.000011
2108.190928,-0.000009
2110.119740,-0.000010
2112.048551,-0.000012
2113.977363,-0.000013
2115.906174,-0.000043
2117.834986,-0.000023
2119.763797,0.000068
2121.692609,0.000112
2123.621420,0.000068
2125.550232,0.000014
2127.479043,-0.000019
2129.407854,-0.000049
2131.336666,-0.000052
2133.265477,-0.000050
2135.194289,-0.000094
2137.123100,-0.000133
2139.051912,-0.000140
2140.980723,-0.000172
2142.909535,-0.000219
2144.838346,-0.000213
2146.767158,-0.000160
2148.695969,-0.000121
2150.624781,-0.000096
2152.553592,-0.000033
2154.482404,0.000013
2156.411215,0.000017
2158.340026,0.000029
2160.268838,0.000027
2162.197649,0.000032
2164.126461,0.000070
2166.055272,0.000086
2167.984084,0.000098
2169.912895,0.000142
2171.841707,0.000181
2173.770518,0.000180
2175.699330,0.000180
2177.628141,0.000225
2179.556953,0.000254
2181.485764,0.000255
2183.414575,0.000285
2185.343387,0.000336
2187.272198,0.000397
2189.201010,0.000444
2191.129821,0.000503
2193.058633,0.000603
2194.987444,0.000670
2196.916256,0.000746
2198.845067,0.000876
2200.773879,0.000971
2202.702690,0.001021
2204.631502,0.001087
2206.560313,0.001161
2208.489124,0.001197
2210.417936,0.001240
2212.346747,0.001250
2214.275559,0.001149
2216.204370,0.001029
2218.133182,0.000906
2220.061993,0.000696
2221.990805,0.000449
2223.919616,0.000398
2225.848428,0.000612
2227.777239,0.000892
2229.706051,0.001182
2231.634862,0.001485
2233.563673,0.001736
2235.492485,0.001872
2237.421296,0.001836
2239.350108,0.001715
2241.278919,0.001571
2243.207731,0.001391
2245.136542,0.001211
2247.065354,0.001038
2248.994165,0.000842
2250.922977,0.000591
2252.851788,0.000326
2254.780600,0.000180
2256.709411,0.000186
2258.638222,0.000191
2260.567034,0.000115
2262.495845,0.000111
2264.424657,0.000230
2266.353468,0.000298
2268.282280,0.000274
2270.211091,0.000234
2272.139903,0.000203
2274.068714,0.000247
2275.997526,0.000360
2277.926337,0.000424
2279.855149,0.000423
2281.783960,0.000424
2283.712771,0.000425
2285.641583,0.000407
2287.570394,0.000413
2289.499206,0.000379
2291.428017,0.000255
2293.356829,0.000178
2295.285640,0.000199
2297.214452,0.000274
2299.143263,0.000287
2301.072075,0.000159
2303.000886,0.000031
2304.929698,0.000170
2306.858509,0.000360
2308.787320,0.000534
2310.716132,0.000609
2312.644943,0.000622
2314.573755,0.000634
2316.502566,0.000621
2318.431378,0.000545
2320.360189,0.000454
2322.289001,0.000352
2324.217812,0.000280
2326.146624,0.000192
2328.075435,0.000093
2330.004247,0.000042
2331.933058,0.000139
2333.861870,0.000269
2335.790681,0.000289
2337.719492,0.000333
2339.648304,0.000440
2341.577115,0.000609
2343.505927,0.000930
2345.434738,0.001422
2347.363550,0.002025
2349.292361,0.002242
2351.221173,0.001724
2353.149984,0.001026
2355.078796,0.000658
2357.007607,0.000437
2358.936419,0.000389
2360.865230,0.000172
2362.794041,-0.000050
2364.722853,-0.000211
2366.651664,-0.000179
2368.580476,-0.000060
2370.509287,0.000135
2372.438099,0.000359
2374.366910,0.000513
2376.295722,0.000668
2378.224533,0.000770
2380.153345,0.000680
2382.082156,0.000491
2384.010968,0.000310
2385.939779,0.000080
2387.868590,0.000060
2389.797402,0.000079
2391.726213,0.000124
2393.655025,0.000070
2395.583836,-0.000048
2397.512648,-0.000072
2399.441459,-0.000008
2401.370271,0.000033
2403.299082,0.000044
2405.227894,0.000063
2407.156705,0.000086
2409.085517,0.000066
2411.014328,0.000002
2412.943139,-0.000041
2414.871951,-0.000045
2416.800762,-0.000016
2418.729574,0.000016
2420.658385,-0.000007
2422.587197,-0.000045
2424.516008,-0.000068
2426.444820,-0.000094
2428.373631,-0.000091
2430.302443,-0.000065
2432.231254,-0.000057
2434.160066,-0.000065
2436.088877,-0.000079
2438.017688,-0.000069
2439.946500,-0.000046
2441.875311,-0.000059
2443.804123,-0.000057
2445.732934,-0.000043
2447.661746,-0.000064
2449.590557,-0.000068
2451.519369,-0.000019
2453.448180,0.000030
2455.376992,-0.000004
2457.305803,-0.000041
2459.234615,0.000022
2461.163426,0.000063
2463.092237,0.000035
2465.021049,0.000024
2466.949860,0.000049
2468.878672,0.000070
2470.807483,0.000118
2472.736295,0.000215
2474.665106,0.000251
2476.593918,0.000227
2478.522729,0.000226
2480.451541,0.000300
2482.380352,0.000357
2484.309164,0.000245
2486.237975,0.000128
2488.166786,0.000083
2490.095598,0.000120
2492.024409,0.000321
2493.953221,0.000346
2495.882032,0.000155
2497.810844,0.000155
2499.739655,0.000242
2501.668467,0.000254
2503.597278,0.000341
2505.526090,0.000463
2507.454901,0.000487
2509.383713,0.000397
2511.312524,0.000284
2513.241336,0.000258
2515.170147,0.000222
2517.098958,0.000084
2519.027770,-0.000027
2520.956581,-0.000043
2522.885393,-0.000050
2524.814204,-0.000048
2526.743016,-0.000010
2528.671827,-0.000017
2530.600639,-0.000052
2532.529450,-0.000092
2534.458262,-0.000173
2536.387073,-0.000192
2538.315885,-0.000194
2540.244696,-0.000264
2542.173507,-0.000282
2544.102319,-0.000278
2546.031130,-0.000314
2547.959942,-0.000292
2549.888753,-0.000247
2551.817565,-0.000297
2553.746376,-0.000324
2555.675188,-0.000253
2557.603999,-0.000259
2559.532811,-0.000297
2561.461622,-0.000276
2563.390434,-0.000294
2565.319245,-0.000273
2567.248056,-0.000223
2569.176868,-0.000229
2571.105679,-0.000182
2573.034491,-0.000127
2574.963302,-0.000124
2576.892114,-0.000094
2578.820925,-0.000074
2580.749737,-0.000086
2582.678548,-0.000096
2584.607360,-0.000097
2586.536171,-0.000059
2588.464983,-0.000020
2590.393794,-0.000061
2592.322605,-0.000169
2594.251417,-0.000219
2596.180228,-0.000196
2598.109040,-0.000193
2600.037851,-0.000218
2601.966663,-0.000188
2603.895474,-0.000097
2605.824286,0.000006
2607.753097,0.000065
2609.681909,0.000097
2611.610720,0.000180
2613.539532,0.000300
2615.468343,0.000430
2617.397154,0.000577
2619.325966,0.000695
2621.254777,0.000785
2623.183589,0.000870
2625.112400,0.000910
2627.041212,0.000913
2628.970023,0.000942
2630.898835,0.000978
2632.827646,0.000970
2634.756458,0.001020
2636.685269,0.001170
2638.614081,0.001208
2640.542892,0.001057
2642.471703,0.000812
2644.400515,0.000538
2646.329326,0.000373
2648.258138,0.000325
2650.186949,0.000275
2652.115761,0.000203
2654.044572,0.000137
2655.973384,0.000160
2657.902195,0.000215
2659.831007,0.000135
2661.759818,0.000093
2663.688630,0.000185
2665.617441,0.000219
2667.546253,0.000168
2669.475064,0.000152
2671.403875,0.000152
2673.332687,0.000123
2675.261498,0.000095
2677.190310,0.000049
2679.119121,0.000033
2681.047933,0.000117
2682.976744,0.000163
2684.905556,0.000132
2686.834367,0.000152
2688.763179,0.000142
2690.691990,0.000059
2692.620802,0.000022
2694.549613,0.000057
2696.478424,0.000089
2698.407236,0.000079
2700.336047,0.000075
2702.264859,0.000077
2704.193670,0.000065
2706.122482,0.000038
2708.051293,0.000008
2709.980105,0.000005
2711.908916,-0.000022
2713.837728,-0.000012
2715.766539,0.000089
2717.695351,0.000119
2719.624162,0.000076
2721.552973,0.000045
2723.481785,0.000015
2725.410596,-0.000016
2727.339408,-0.000015
2729.268219,0.000004
2731.197031,-0.000023
2733.125842,-0.000026
2735.054654,0.000000
2736.983465,-0.000012
2738.912277,0.000013
2740.841088,0.000015
2742.769900,-0.000046
2744.698711,-0.000001
2746.627522,0.000070
2748.556334,0.000006
2750.485145,-0.000083
2752.413957,-0.000123
2754.342768,-0.000090
2756.271580,0.000005
2758.200391,0.000014
2760.129203,-0.000036
2762.058014,-0.000067
2763.986826,-0.000102
2765.915637,-0.000069
2767.844449,0.000008
2769.773260,-0.000025
2771.702071,-0.000136
2773.630883,-0.000200
2775.559694,-0.000211
2777.488506,-0.000197
2779.417317,-0.000160
2781.346129,-0.000115
2783.274940,-0.000095
2785.203752,-0.000085
2787.132563,-0.000079
2789.061375,-0.000110
2790.990186,-0.000141
2792.918998,-0.000158
2794.847809,-0.000172
2796.776620,-0.000141
2798.705432,-0.000163
2800.634243,-0.000251
2802.563055,-0.000232
2804.491866,-0.000162
2806.420678,-0.000158
2808.349489,-0.000187
2810.278301,-0.000197
2812.207112,-0.000178
2814.135924,-0.000144
2816.064735,-0.000107
2817.993547,-0.000051
2819.922358,-0.000040
2821.851169,-0.000081
2823.779981,-0.000033
2825.708792,0.000052
2827.637604,0.000078
2829.566415,0.000135
2831.495227,0.000180
2833.424038,0.000195
2835.352850,0.000299
2837.281661,0.000400
2839.210473,0.000437
2841.139284,0.000538
2843.068096,0.000713
2844.996907,0.000924
2846.925719,0.001240
2848.854530,0.001602
2850.783341,0.001950
2852.712153,0.002459
2854.640964,0.003047
2856.569776,0.003597
2858.498587,0.004348
2860.427399,0.005278
2862.356210,0.006408
2864.285022,0.007954
2866.213833,0.009788
2868.142645,0.011802
2870.071456,0.014020
2872.000268,0.016475
2873.929079,0.019222
2875.857890,0.022085
2877.786702,0.025043
2879.715513,0.028130
2881.644325,0.031035
2883.573136,0.033708
2885.501948,0.036014
2887.430759,0.037585
2889.359571,0.038529
2891.288382,0.038885
2893.217194,0.038419
2895.146005,0.036945
2897.074817,0.034637
2899.003628,0.031755
2900.932439,0.028694
2902.861251,0.025204
2904.790062,0.020099
2906.718874,0.017820
2908.647685,0.024789
2910.576497,0.037252
2912.505308,0.048205
2914.434120,0.056258
2916.362931,0.060887
2918.291743,0.061734
2920.220554,0.059128
2922.149366,0.053332
2924.078177,0.045241
2926.006988,0.035739
2927.935800,0.025907
2929.864611,0.017004
2931.793423,0.009859
2933.722234,0.004841
2935.651046,0.001915
2937.579857,0.000551
2939.508669,0.000063
2941.437480,0.000084
2943.366292,0.000261
2945.295103,0.000336
2947.223915,0.000460
2949.152726,0.000714
2951.081537,0.000943
2953.010349,0.001077
2954.939160,0.001152
2956.867972,0.001268
2958.796783,0.001458
2960.725595,0.001620
2962.654406,0.001790
2964.583218,0.001997
2966.512029,0.002072
2968.440841,0.001937
2970.369652,0.001814
2972.298464,0.001899
2974.227275,0.002020
2976.156086,0.002042
2978.084898,0.001977
2980.013709,0.001807
2981.942521,0.001584
2983.871332,0.001345
2985.800144,0.001115
2987.728955,0.000889
2989.657767,0.000692
2991.586578,0.000554
2993.515390,0.000460
2995.444201,0.000406
2997.373013,0.000281
2999.301824,0.000190
3001.230635,0.000247
3003.159447,0.000197
3005.088258,0.000078
3007.017070,0.000111
3008.945881,0.000224
3010.874693,0.000228
3012.803504,0.000070
3014.732316,-0.000056
3016.661127,-0.000059
3018.589939,-0.000033
3020.518750,-0.000039
3022.447562,-0.000098
3024.376373,-0.000123
3026.305185,-0.000088
3028.233996,-0.000103
3030.162807,-0.000144
3032.091619,-0.000160
3034.020430,-0.000185
3035.949242,-0.000146
3037.878053,0.000015
3039.806865,0.000109
3041.735676,0.000061
3043.664488,0.000055
3045.593299,0.000080
3047.522111,0.000005
3049.450922,-0.000065
3051.379734,0.000003
3053.308545,0.000087
3055.237356,0.000095
3057.166168,0.000125
3059.094979,0.000141
3061.023791,0.000110
3062.952602,0.000101
3064.881414,0.000117
3066.810225,0.000165
3068.739037,0.000207
3070.667848,0.000184
3072.596660,0.000120
3074.525471,0.000083
3076.454283,0.000083
3078.383094,0.000032
3080.311905,0.000027
3082.240717,0.000191
3084.169528,0.000333
3086.098340,0.000341
3088.027151,0.000322
3089.955963,0.000353
3091.884774,0.000458
3093.813586,0.000546
3095.742397,0.000539
3097.671209,0.000595
3099.600020,0.000769
3101.528832,0.000904
3103.457643,0.001044
3105.386454,0.001147
3107.315266,0.001123
3109.244077,0.001197
3111.172889,0.001303
3113.101700,0.001282
3115.030512,0.001284
3116.959323,0.001247
3118.888135,0.001146
3120.816946,0.001099
3122.745758,0.001071
3124.674569,0.001032
3126.603381,0.000960
3128.532192,0.000837
3130.461003,0.000694
3132.389815,0.000584
3134.318626,0.000450
3136.247438,0.000240
3138.176249,0.000158
3140.105061,0.000147
3142.033872,0.000003
3143.962684,-0.000047
3145.891495,0.000053
3147.820307,0.000091
3149.749118,0.000070
3151.677930,0.000056
3153.606741,0.000010
3155.535552,-0.000063
3157.464364,-0.000055
3159.393175,-0.000039
3161.321987,-0.000081
3163.250798,0.000006
3165.179610,0.000180
3167.108421,0.000210
3169.037233,0.000107
3170.966044,0.000038
3172.894856,0.000073
3174.823667,0.000092
3176.752479,0.000021
3178.681290,-0.000044
3180.610102,-0.000044
3182.538913,-0.000036
3184.467724,-0.000036
3186.396536,0.000003
3188.325347,0.000084
3190.254159,0.000138
3192.182970,0.000144
3194.111782,0.000105
3196.040593,0.000008
3197.969405,-0.000075
3199.898216,-0.000099
3201.827028,-0.000114
3203.755839,-0.000108
3205.684651,-0.000050
3207.613462,-0.000039
3209.542273,-0.000055
3211.471085,0.000022
3213.399896,0.000067
3215.328708,0.000099
3217.257519,0.000191
3219.186331,0.000166
3221.115142,0.000103
3223.043954,0.000117
3224.972765,0.000164
3226.901577,0.000233
3228.830388,0.000202
3230.759200,0.000123
3232.688011,0.000174
3234.616822,0.000330
3236.545634,0.000407
3238.474445,0.000328
3240.403257,0.000325
3242.332068,0.000424
3244.260880,0.000385
3246.189691,0.000359
3248.118503,0.000436
3250.047314,0.000356
3251.976126,0.000254
3253.904937,0.000414
3255.833749,0.000611
3257.762560,0.000498
3259.691371,0.000250
3261.620183,0.000312
3263.548994,0.000453
3265.477806,0.000361
3267.406617,0.000337
3269.335429,0.000447
3271.264240,0.000526
3273.193052,0.000472
3275.121863,0.000322
3277.050675,0.000332
3278.979486,0.000448
3280.908298,0.000545
3282.837109,0.000632
3284.765920,0.000581
3286.694732,0.000452
3288.623543,0.000427
3290.552355,0.000437
3292.481166,0.000389
3294.409978,0.000424
3296.338789,0.000478
3298.267601,0.000367
3300.196412,0.000262
3302.125224,0.000290
3304.054035,0.000311
3305.982847,0.000251
3307.911658,0.000216
3309.840469,0.000218
3311.769281,0.000129
3313.698092,0.000126
3315.626904,0.000231
3317.555715,0.000239
3319.484527,0.000166
3321.413338,0.000114
3323.342150,0.000110
3325.270961,0.000153
3327.199773,0.000147
3329.128584,0.000078
3331.057396,0.000031
3332.986207,0.000011
3334.915018,0.000060
3336.843830,0.000114
3338.772641,0.000001
3340.701453,-0.000015
3342.630264,0.000208
3344.559076,0.000268
3346.487887,0.000218
3348.416699,0.000338
3350.345510,0.000445
3352.274322,0.000586
3354.203133,0.000804
3356.131945,0.000730
3358.060756,0.000576
3359.989568,0.000737
3361.918379,0.000803
3363.847190,0.000552
3365.776002,0.000418
3367.704813,0.000476
3369.633625,0.000539
3371.562436,0.000539
3373.491248,0.000386
3375.420059,0.000285
3377.348871,0.000287
3379.277682,0.000312
3381.206494,0.000524
3383.135305,0.000728
3385.064117,0.000865
3386.992928,0.001065
3388.921739,0.001107
3390.850551,0.000935
3392.779362,0.000747
3394.708174,0.000661
3396.636985,0.000586
3398.565797,0.000489
3400.494608,0.000423
3402.423420,0.000336
3404.352231,0.000279
3406.281043,0.000283
3408.209854,0.000370
3410.138666,0.000435
3412.067477,0.000346
3413.996288,0.000250
3415.925100,0.000183
3417.853911,0.000086
3419.782723,-0.000036
3421.711534,-0.000112
3423.640346,-0.000120
3425.569157,-0.000060
3427.497969,-0.000027
3429.426780,0.000082
3431.355592,0.000185
3433.284403,0.000033
3435.213215,0.000117
3437.142026,0.000528
3439.070837,0.000675
3440.999649,0.000879
3442.928460,0.001124
3444.857272,0.000944
3446.786083,0.000767
3448.714895,0.000707
3450.643706,0.000571
3452.572518,0.000465
3454.501329,0.000362
3456.430141,0.000341
3458.358952,0.000418
3460.287764,0.000488
3462.216575,0.000607
3464.145386,0.000612
3466.074198,0.000495
3468.003009,0.000606
3469.931821,0.000668
3471.860632,0.000373
3473.789444,0.000125
3475.718255,0.000035
3477.647067,0.000077
3479.575878,0.000227
3481.504690,0.000138
3483.433501,0.000105
3485.362313,0.000449
3487.291124,0.000681
3489.219935,0.000680
3491.148747,0.000641
3493.077558,0.000522
3495.006370,0.000412
3496.935181,0.000418
3498.863993,0.000490
3500.792804,0.000419
3502.721616,0.000172
3504.650427,0.000200
3506.579239,0.000402
3508.508050,0.000330
3510.436862,0.000334
3512.365673,0.000534
3514.294484,0.000630
3516.223296,0.000773
3518.152107,0.000843
3520.080919,0.000871
3522.009730,0.000973
3523.938542,0.000852
3525.867353,0.000849
3527.796165,0.001187
3529.724976,0.001476
3531.653788,0.001755
3533.582599,0.001931
3535.511411,0.001926
3537.440222,0.002025
3539.369034,0.002084
3541.297845,0.002116
3543.226656,0.002264
3545.155468,0.002279
3547.084279,0.002340
3549.013091,0.002668
3550.941902,0.002887
3552.870714,0.002997
3554.799525,0.003333
3556.728337,0.003697
3558.657148,0.004263
3560.585960,0.005164
3562.514771,0.005769
3564.443583,0.006227
3566.372394,0.006649
3568.301205,0.007252
3570.230017,0.008453
3572.158828,0.009168
3574.087640,0.009184
3576.016451,0.008959
3577.945263,0.008529
3579.874074,0.007856
3581.802886,0.006598
3583.731697,0.005347
3585.660509,0.004507
3587.589320,0.005422
3589.518132,0.007530
3591.446943,0.006208
3593.375754,0.003492
3595.304566,0.003835
3597.233377,0.005567
3599.162189,0.007019
3601.091000,0.008178
3603.019812,0.008754
3604.948623,0.008696
3606.877435,0.007805
3608.806246,0.006752
3610.735058,0.005900
3612.663869,0.004902
3614.592681,0.003973
3616.521492,0.002918
3618.450303,0.001695
3620.379115,0.001078
3622.307926,0.000962
3624.236738,0.000712
3626.165549,-0.000212
3628.094361,-0.001295
3630.023172,-0.001129
3631.951984,0.000042
3633.880795,0.000673
3635.809607,0.001155
3637.738418,0.001672
3639.667230,0.001922
3641.596041,0.001995
3643.524852,0.001969
3645.453664,0.001540
3647.382475,0.000307
3649.311287,-0.000471
3651.240098,0.000150
3653.168910,0.001185
3655.097721,0.001162
3657.026533,0.000830
3658.955344,0.001167
3660.884156,0.001457
3662.812967,0.001535
3664.741779,0.001480
3666.670590,0.000969
3668.599401,-0.000216
3670.528213,-0.001058
3672.457024,-0.000893
3674.385836,-0.001330
3676.314647,-0.001581
3678.243459,-0.000534
3680.172270,0.000226
3682.101082,0.000628
3684.029893,0.000825
3685.958705,0.000325
3687.887516,-0.000607
3689.816328,-0.001009
3691.745139,-0.000537
3693.673951,0.000124
3695.602762,0.000587
3697.531573,0.000724
3699.460385,0.000483
3701.389196,0.000091
3703.318008,0.000152
3705.246819,0.000520
3707.175631,0.000221
3709.104442,-0.000698
3711.033254,-0.001358
3712.962065,-0.001012
3714.890877,-0.000116
3716.819688,0.000234
3718.748500,0.000131
3720.677311,0.000019
3722.606122,-0.000025
3724.534934,-0.000090
3726.463745,-0.000120
3728.392557,0.000018
3730.321368,-0.000207
3732.250180,-0.000840
3734.178991,-0.001205
3736.107803,-0.001172
3738.036614,-0.000702
3739.965426,-0.000121
3741.894237,-0.000465
3743.823049,-0.001758
3745.751860,-0.002026
3747.680671,-0.001523
3749.609483,-0.001919
3751.538294,-0.001868
3753.467106,-0.000766
3755.395917,0.000035
3757.324729,0.000208
3759.253540,0.000092
3761.182352,0.000486
3763.111163,0.000891
3765.039975,0.000679
3766.968786,0.000521
3768.897598,0.000336
3770.826409,0.000312
3772.755220,0.000849
3774.684032,0.001229
3776.612843,0.001140
3778.541655,0.000795
3780.470466,0.000796
3782.399278,0.001116
3784.328089,0.001052
3786.256901,0.001024
3788.185712,0.001302
3790.114524,0.001368
3792.043335,0.001307
3793.972147,0.001119
3795.900958,0.000586
3797.829769,0.000255
3799.758581,-0.000119
3801.687392,-0.000602
3803.616204,-0.000083
3805.545015,0.000236
3807.473827,0.000196
3809.402638,0.000931
3811.331450,0.001319
3813.260261,0.000871
3815.189073,0.000078
3817.117884,-0.000193
3819.046696,-0.000086
3820.975507,-0.000549
3822.904318,-0.000139
3824.833130,0.000774
3826.761941,0.000924
3828.690753,0.001118
3830.619564,0.001060
3832.548376,0.000625
3834.477187,0.000402
3836.405999,-0.000040
3838.334810,-0.000334
3840.263622,0.000032
3842.192433,0.000512
3844.121245,0.000862
3846.050056,0.001109
3847.978867,0.001081
3849.907679,0.000557
3851.836490,-0.000751
3853.765302,-0.001759
3855.694113,-0.000740
3857.622925,0.000499
3859.551736,0.000719
3861.480548,0.000454
3863.409359,-0.000003
3865.338171,-0.000146
3867.266982,-0.000018
3869.195794,-0.000415
3871.124605,-0.000449
3873.053417,0.000047
3874.982228,0.000250
3876.911039,0.000618
3878.839851,0.000519
3880.768662,-0.000053
3882.697474,0.000034
3884.626285,-0.000143
3886.555097,-0.000343
3888.483908,0.000212
3890.412720,0.000227
3892.341531,0.000007
3894.270343,0.000374
3896.199154,0.000416
3898.127966,-0.000107
3900.056777,-0.000675
3901.985588,-0.001078
3903.914400,-0.001067
3905.843211,-0.000539
3907.772023,0.000117
3909.700834,0.000513
3911.629646,0.000504
3913.558457,0.000279
3915.487269,0.000039
3917.416080,-0.000206
3919.344892,-0.000175
3921.273703,0.000067
3923.202515,0.000070
3925.131326,-0.000050
3927.060137,-0.000081
3928.988949,-0.000104
3930.917760,-0.000220
3932.846572,-0.000297
3934.775383,-0.000128
3936.704195,-0.000057
3938.633006,-0.000194
3940.561818,-0.000276
3942.490629,-0.000419
3944.419441,-0.000396
3946.348252,-0.000166
3948.277064,-0.000301
3950.205875,-0.000570
3952.134686,-0.000444
3954.063498,-0.000303
3955.992309,-0.000295
3957.921121,-0.000239
3959.849932,-0.000227
3961.778744,-0.000231
3963.707555,-0.000207
3965.636367,-0.000183
3967.565178,-0.000118
3969.493990,-0.000080
3971.422801,-0.000141
3973.351613,-0.000216
3975.280424,-0.000154
3977.209235,-0.000024
3979.138047,-0.000036
3981.066858,-0.000101
3982.995670,-0.000067
3984.924481,-0.000038
3986.853293,-0.000069
3988.782104,-0.000104
3990.710916,-0.000195
3992.639727,-0.000323
3994.568539,-0.000290
3996.497350,-0.000134
3998.426162,-0.000069
4000.354973,-0.000116
