898.826141,0.001784
900.754953,-0.000075
902.683764,-0.000380
904.612576,0.000136
906.541387,0.001613
908.470199,0.002027
910.399010,0.001302
912.327822,0.000430
914.256633,-0.000057
916.185445,0.000684
918.114256,0.001062
920.043068,0.000598
921.971879,0.000951
923.900690,0.001375
925.829502,0.000791
927.758313,0.000519
929.687125,0.000199
931.615936,0.000012
933.544748,0.000305
935.473559,0.000432
937.402371,0.000006
939.331182,-0.000186
941.259994,0.000113
943.188805,0.000159
945.117617,-0.000021
947.046428,-0.000211
948.975240,-0.000122
950.904051,0.000396
952.832862,0.000537
954.761674,0.000316
956.690485,0.000283
958.619297,0.000255
960.548108,0.000070
962.476920,-0.000037
964.405731,0.000120
966.334543,0.000057
968.263354,-0.000242
970.192166,-0.000077
972.120977,0.000257
974.049789,0.000148
975.978600,-0.000074
977.907411,0.000035
979.836223,0.000232
981.765034,0.000129
983.693846,-0.000230
985.622657,-0.000445
987.551469,-0.000174
989.480280,0.000227
991.409092,0.000276
993.337903,0.000259
995.266715,0.000314
997.195526,0.000291
999.124338,0.000260
1001.053149,0.000233
1002.981960,0.000239
1004.910772,0.000305
1006.839583,0.000350
1008.768395,0.000443
1010.697206,0.000606
1012.626018,0.000593
1014.554829,0.000371
1016.483641,0.000343
1018.412452,0.000551
1020.341264,0.000612
1022.270075,0.000618
1024.198887,0.000717
1026.127698,0.000793
1028.056509,0.000976
1029.985321,0.001220
1031.914132,0.001380
1033.842944,0.001519
1035.771755,0.001626
1037.700567,0.001736
1039.629378,0.001802
1041.558190,0.001784
1043.487001,0.001653
1045.415813,0.001333
1047.344624,0.001121
1049.273436,0.000994
1051.202247,0.000764
1053.131058,0.000680
1055.059870,0.000636
1056.988681,0.000478
1058.917493,0.000368
1060.846304,0.000302
1062.775116,0.000199
1064.703927,0.000113
1066.632739,0.000053
1068.561550,0.000070
1070.490362,0.000156
1072.419173,0.000269
1074.347985,0.000370
1076.276796,0.000446
1078.205607,0.000488
1080.134419,0.000461
1082.063230,0.000408
1083.992042,0.000400
1085.920853,0.000449
1087.849665,0.000549
1089.778476,0.000539
1091.707288,0.000356
1093.636099,0.000280
1095.564911,0.000338
1097.493722,0.000367
1099.422534,0.000408
1101.351345,0.000386
1103.280156,0.000364
1105.208968,0.000436
1107.137779,0.000337
1109.066591,0.000157
1110.995402,0.000187
1112.924214,0.000265
1114.853025,0.000209
1116.781837,0.000133
1118.710648,0.000153
1120.639460,0.000178
1122.568271,0.000189
1124.497083,0.000294
1126.425894,0.000361
1128.354706,0.000280
1130.283517,0.000184
1132.212328,0.000054
1134.141140,-0.000081
1136.069951,-0.000028
1137.998763,0.000081
1139.927574,0.000126
1141.856386,0.000165
1143.785197,0.000130
1145.714009,0.000105
1147.642820,0.000219
1149.571632,0.000336
1151.500443,0.000447
1153.429255,0.000578
1155.358066,0.000712
1157.286877,0.000812
1159.215689,0.000892
1161.144500,0.000995
1163.073312,0.001125
1165.002123,0.001281
1166.930935,0.001428
1168.859746,0.001553
1170.788558,0.001707
1172.717369,0.001797
1174.646181,0.001853
1176.574992,0.002119
1178.503804,0.002426
1180.432615,0.002626
1182.361426,0.002785
1184.290238,0.002860
1186.219049,0.003048
1188.147861,0.003423
1190.076672,0.003824
1192.005484,0.004175
1193.934295,0.004375
1195.863107,0.004466
1197.791918,0.004400
1199.720730,0.004197
1201.649541,0.004287
1203.578353,0.004593
1205.507164,0.004705
1207.435975,0.004773
1209.364787,0.005094
1211.293598,0.005698
1213.222410,0.006285
1215.151221,0.006968
1217.080033,0.007859
1219.008844,0.008573
1220.937656,0.009656
1222.866467,0.010885
1224.795279,0.011876
1226.724090,0.013869
1228.652902,0.016289
1230.581713,0.018954
1232.510524,0.023118
1234.439336,0.028178
1236.368147,0.035098
1238.296959,0.045640
1240.225770,0.060000
1242.154582,0.080724
1244.083393,0.110590
1246.012205,0.149043
1247.941016,0.193949
1249.869828,0.239415
1251.798639,0.275503
1253.727451,0.292329
1255.656262,0.287727
1257.585073,0.286275
1259.513885,0.312707
1261.442696,0.336366
1263.371508,0.314590
1265.300319,0.284357
1267.229131,0.289296
1269.157942,0.312592
1271.086754,0.313444
1273.015565,0.276282
1274.944377,0.216117
1276.873188,0.157018
1278.802000,0.113761
1280.730811,0.087181
1282.659622,0.070685
1284.588434,0.059784
1286.517245,0.053150
1288.446057,0.048300
1290.374868,0.044543
1292.303680,0.042063
1294.232491,0.039516
1296.161303,0.037406
1298.090114,0.036487
1300.018926,0.036512
1301.947737,0.036523
1303.876549,0.035896
1305.805360,0.035855
1307.734172,0.036852
1309.662983,0.037977
1311.591794,0.038134
1313.520606,0.037313
1315.449417,0.035505
1317.378229,0.032791
1319.307040,0.029885
1321.235852,0.027089
1323.164663,0.027983
1325.093475,0.029848
1327.022286,0.025094
1328.951098,0.020152
1330.879909,0.019885
1332.808721,0.019607
1334.737532,0.019496
1336.666343,0.019589
1338.595155,0.018812
1340.523966,0.018249
1342.452778,0.017061
1344.381589,0.014618
1346.310401,0.011783
1348.239212,0.009198
1350.168024,0.007021
1352.096835,0.005274
1354.025647,0.003927
1355.954458,0.003104
1357.883270,0.002528
1359.812081,0.001395
1361.740892,0.000087
1363.669704,0.000211
1365.598515,0.001172
1367.527327,0.001298
1369.456138,0.001265
1371.384950,0.001175
1373.313761,0.000232
1375.242573,0.000049
1377.171384,0.000966
1379.100196,0.001403
1381.029007,0.001517
1382.957819,0.001692
1384.886630,0.001199
1386.815441,0.000344
1388.744253,0.000927
1390.673064,0.001931
1392.601876,0.000875
1394.530687,-0.000490
1396.459499,-0.000193
1398.388310,0.000049
1400.317122,0.001035
1402.245933,0.002296
1404.174745,0.001980
1406.103556,0.002043
1408.032368,0.002963
1409.961179,0.003405
1411.889990,0.003610
1413.818802,0.003908
1415.747613,0.003424
1417.676425,0.001249
1419.605236,0.000959
1421.534048,0.003492
1423.462859,0.004752
1425.391671,0.005578
1427.320482,0.006237
1429.249294,0.005664
1431.178105,0.006244
1433.106917,0.007122
1435.035728,0.004971
1436.964539,0.003753
1438.893351,0.006913
1440.822162,0.008960
1442.750974,0.009168
1444.679785,0.009161
1446.608597,0.008518
1448.537408,0.008598
1450.466220,0.009403
1452.395031,0.009403
1454.323843,0.007016
1456.252654,0.002342
1458.181466,0.003233
1460.110277,0.008792
1462.039089,0.010574
1463.967900,0.009085
1465.896711,0.009440
1467.825523,0.011443
1469.754334,0.010187
1471.683146,0.006431
1473.611957,0.006199
1475.540769,0.008751
1477.469580,0.010893
1479.398392,0.012098
1481.327203,0.012445
1483.256015,0.012670
1485.184826,0.011922
1487.113638,0.009800
1489.042449,0.008047
1490.971260,0.009006
1492.900072,0.010915
1494.828883,0.009620
1496.757695,0.007257
1498.686506,0.008046
1500.615318,0.009959
1502.544129,0.009990
1504.472941,0.005020
1506.401752,-0.001182
1508.330564,0.001908
1510.259375,0.006367
1512.188187,0.007684
1514.116998,0.007193
1516.045809,0.005173
1517.974621,0.003895
1519.903432,0.002131
1521.832244,0.001101
1523.761055,0.003691
1525.689867,0.005226
1527.618678,0.006352
1529.547490,0.008242
1531.476301,0.007209
1533.405113,0.005474
1535.333924,0.007180
1537.262736,0.005873
1539.191547,-0.000232
1541.120358,0.000106
1543.049170,0.004867
1544.977981,0.009201
1546.906793,0.012814
1548.835604,0.014710
1550.764416,0.016550
1552.693227,0.018259
1554.622039,0.020376
1556.550850,0.021211
1558.479662,0.022655
1560.408473,0.038494
1562.337285,0.057258
1564.266096,0.073729
1566.194907,0.093587
1568.123719,0.115898
1570.052530,0.148293
1571.981342,0.190595
1573.910153,0.233616
1575.838965,0.292062
1577.767776,0.367149
1579.696588,0.442623
1581.625399,0.523738
1583.554211,0.604181
1585.483022,0.685753
1587.411834,0.777525
1589.340645,0.878587
1591.269456,0.987378
1593.198268,1.084657
1595.127079,1.144331
1597.055891,1.157107
1598.984702,1.145280
1600.913514,1.108154
1602.842325,1.064431
1604.771137,1.037131
1606.699948,1.011592
1608.628760,0.984964
1610.557571,0.922370
1612.486383,0.840453
1614.415194,0.747081
1616.344005,0.666205
1618.272817,0.757002
1620.201628,1.039077
1622.130440,1.332726
1624.059251,1.468406
1625.988063,1.569370
1627.916874,1.644703
1629.845686,1.636502
1631.774497,1.497208
1633.703309,1.301674
1635.632120,1.067977
1637.560932,0.886722
1639.489743,0.745005
1641.418555,0.593197
1643.347366,0.453774
1645.276177,0.331722
1647.204989,0.218130
1649.133800,0.142003
1651.062612,0.088255
1652.991423,0.038051
1654.920235,0.019087
1656.849046,0.015370
1658.777858,0.009258
1660.706669,0.003731
1662.635481,-0.000104
1664.564292,0.000344
1666.493104,0.000963
1668.421915,-0.001243
1670.350726,0.000409
1672.279538,0.004725
1674.208349,0.007298
1676.137161,0.012430
1678.065972,0.019776
1679.994784,0.024824
1681.923595,0.026265
1683.852407,0.026777
1685.781218,0.033072
1687.710030,0.038780
1689.638841,0.039600
1691.567653,0.039780
1693.496464,0.035655
1695.425275,0.035546
1697.354087,0.052162
1699.282898,0.055792
1701.211710,0.040013
1703.140521,0.039067
1705.069333,0.047925
1706.998144,0.057118
1708.926956,0.069346
1710.855767,0.083299
1712.784579,0.090790
1714.713390,0.091563
1716.642202,0.094195
1718.571013,0.102365
1720.499824,0.112675
1722.428636,0.121467
1724.357447,0.130596
1726.286259,0.141061
1728.215070,0.153635
1730.143882,0.170595
1732.072693,0.188174
1734.001505,0.215490
1735.930316,0.252047
1737.859128,0.279683
1739.787939,0.301974
1741.716751,0.318335
1743.645562,0.324660
1745.574373,0.321743
1747.503185,0.313872
1749.431996,0.307251
1751.360808,0.307429
1753.289619,0.311790
1755.218431,0.312224
1757.147242,0.305784
1759.076054,0.287717
1761.004865,0.250409
1762.933677,0.202074
1764.862488,0.160552
1766.791300,0.121410
1768.720111,0.086867
1770.648922,0.061049
1772.577734,0.041442
1774.506545,0.031305
1776.435357,0.025429
1778.364168,0.020134
1780.292980,0.016752
1782.221791,0.015496
1784.150603,0.014949
1786.079414,0.014845
1788.008226,0.015619
1789.937037,0.014438
1791.865849,0.011778
1793.794660,0.011904
1795.723471,0.013142
1797.652283,0.012414
1799.581094,0.010279
1801.509906,0.009235
1803.438717,0.010069
1805.367529,0.010701
1807.296340,0.010063
1809.225152,0.008806
1811.153963,0.008071
1813.082775,0.008421
1815.011586,0.008840
1816.940398,0.008958
1818.869209,0.009169
1820.798021,0.009321
1822.726832,0.008784
1824.655643,0.008148
1826.584455,0.008618
1828.513266,0.008679
1830.442078,0.008667
1832.370889,0.010362
1834.299701,0.011960
1836.228512,0.012677
1838.157324,0.013366
1840.086135,0.013851
1842.014947,0.013190
1843.943758,0.012011
1845.872570,0.012487
1847.801381,0.013353
1849.730192,0.013357
1851.659004,0.013180
1853.587815,0.012746
1855.516627,0.012156
1857.445438,0.011434
1859.374250,0.010606
1861.303061,0.009491
1863.231873,0.008039
1865.160684,0.005971
1867.089496,0.002743
1869.018307,0.000280
1870.947119,-0.000388
1872.875930,0.002640
1874.804741,0.007966
1876.733553,0.005957
1878.662364,0.000215
1880.591176,0.000616
1882.519987,0.003495
1884.448799,0.005978
1886.377610,0.008589
1888.306422,0.010346
1890.235233,0.012412
1892.164045,0.014641
1894.092856,0.016303
1896.021668,0.017701
1897.950479,0.018868
1899.879290,0.019713
1901.808102,0.020124
1903.736913,0.020345
1905.665725,0.020293
1907.594536,0.019822
1909.523348,0.019207
1911.452159,0.018634
1913.380971,0.017935
1915.309782,0.016318
1917.238594,0.014133
1919.167405,0.013195
1921.096217,0.012794
1923.025028,0.011661
1924.953839,0.010699
1926.882651,0.009803
1928.811462,0.008574
1930.740274,0.007395
1932.669085,0.006266
1934.597897,0.005194
1936.526708,0.004238
1938.455520,0.003427
1940.384331,0.002322
1942.313143,0.001201
1944.241954,0.000971
1946.170766,0.001032
1948.099577,0.000839
1950.028388,0.000634
1951.957200,0.000432
1953.886011,0.000267
1955.814823,0.000258
1957.743634,0.000319
1959.672446,0.000308
1961.601257,0.000333
1963.530069,0.000324
1965.458880,0.000009
1967.387692,-0.000156
1969.316503,0.000017
1971.245315,0.000194
1973.174126,0.000277
1975.102938,0.000275
1977.031749,0.000151
1978.960560,0.000136
1980.889372,0.000200
1982.818183,0.000179
1984.746995,0.000103
1986.675806,-0.000001
1988.604618,-0.000098
1990.533429,-0.000286
1992.462241,-0.000345
1994.391052,-0.000086
1996.319864,0.000054
1998.248675,0.000054
2000.177487,0.000151
2002.106298,0.000177
2004.035109,0.000096
2005.963921,0.000043
2007.892732,0.000034
2009.821544,0.000012
2011.750355,0.000009
2013.679167,0.000023
2015.607978,-0.000116
2017.536790,-0.000244
2019.465601,-0.000175
2021.394413,-0.000129
2023.323224,-0.000111
2025.252036,-0.000048
2027.180847,-0.000007
2029.109658,-0.000032
2031.038470,-0.000139
2032.967281,-0.000140
2034.896093,-0.000048
2036.824904,-0.000081
2038.753716,-0.000129
2040.682527,-0.000062
2042.611339,0.000005
2044.540150,-0.000017
2046.468962,-0.000052
2048.397773,-0.000106
2050.326585,-0.000195
2052.255396,-0.000145
2054.184207,-0.000008
2056.113019,-0.000002
2058.041830,-0.000092
2059.970642,-0.000151
2061.899453,-0.000217
2063.828265,-0.000346
2065.757076,-0.000398
2067.685888,-0.000347
2069.614699,-0.000275
2071.543511,-0.000153
2073.472322,-0.000101
2075.401134,-0.000145
2077.329945,-0.000154
2079.258756,-0.000135
2081.187568,-0.000136
2083.116379,-0.000184
2085.045191,-0.000210
2086.974002,-0.000197
2088.902814,-0.000231
2090.831625,-0.000265
2092.760437,-0.000259
2094.689248,-0.000262
2096.618060,-0.000251
2098.546871,-0.000175
2100.475683,-0.000108
2102.404494,-0.000064
2104.333305,-0.000034
2106.262117,-0.000091
2108.190928,-0.000155
2110.119740,-0.000175
2112.048551,-0.000157
2113.977363,-0.000083
2115.906174,-0.000058
2117.834986,-0.000050
2119.763797,0.000040
2121.692609,0.000115
2123.621420,0.000076
2125.550232,-0.000019
2127.479043,-0.000098
2129.407854,-0.000131
2131.336666,-0.000121
2133.265477,-0.000147
2135.194289,-0.000219
2137.123100,-0.000242
2139.051912,-0.000203
2140.980723,-0.000204
2142.909535,-0.000251
2144.838346,-0.000275
2146.767158,-0.000289
2148.695969,-0.000225
2150.624781,-0.000119
2152.553592,-0.000131
2154.482404,-0.000118
2156.411215,-0.000001
2158.340026,0.000040
2160.268838,-0.000007
2162.197649,-0.000024
2164.126461,0.000020
2166.055272,0.000060
2167.984084,0.000047
2169.912895,0.000034
2171.841707,0.000055
2173.770518,0.000110
2175.699330,0.000152
2177.628141,0.000197
2179.556953,0.000294
2181.485764,0.000325
2183.414575,0.000282
2185.343387,0.000287
2187.272198,0.000299
2189.201010,0.000319
2191.129821,0.000439
2193.058633,0.000631
2194.987444,0.000791
2196.916256,0.000910
2198.845067,0.001043
2200.773879,0.001178
2202.702690,0.001277
2204.631502,0.001334
2206.560313,0.001388
2208.489124,0.001462
2210.417936,0.001500
2212.346747,0.001475
2214.275559,0.001416
2216.204370,0.001321
2218.133182,0.001159
2220.061993,0.000879
2221.990805,0.000557
2223.919616,0.000463
2225.848428,0.000711
2227.777239,0.001139
2229.706051,0.001556
2231.634862,0.001846
2233.563673,0.002009
2235.492485,0.002100
2237.421296,0.002117
2239.350108,0.002045
2241.278919,0.001871
2243.207731,0.001583
2245.136542,0.001229
2247.065354,0.000955
2248.994165,0.000775
2250.922977,0.000508
2252.851788,0.000226
2254.780600,0.000104
2256.709411,0.000086
2258.638222,0.000094
2260.567034,0.000082
2262.495845,0.000065
2264.424657,0.000125
2266.353468,0.000221
2268.282280,0.000247
2270.211091,0.000255
2272.139903,0.000317
2274.068714,0.000332
2275.997526,0.000311
2277.926337,0.000351
2279.855149,0.000348
2281.783960,0.000276
2283.712771,0.000312
2285.641583,0.000462
2287.570394,0.000524
2289.499206,0.000438
2291.428017,0.000310
2293.356829,0.000234
2295.285640,0.000306
2297.214452,0.000536
2299.143263,0.000683
2301.072075,0.000617
2303.000886,0.000612
2304.929698,0.000778
2306.858509,0.000907
2308.787320,0.000968
2310.716132,0.001077
2312.644943,0.001210
2314.573755,0.001231
2316.502566,0.001128
2318.431378,0.001059
2320.360189,0.001062
2322.289001,0.001100
2324.217812,0.001128
2326.146624,0.001109
2328.075435,0.001094
2330.004247,0.001025
2331.933058,0.000905
2333.861870,0.000882
2335.790681,0.000882
2337.719492,0.000849
2339.648304,0.000783
2341.577115,0.000638
2343.505927,0.000582
2345.434738,0.000638
2347.363550,0.000623
2349.292361,0.000619
2351.221173,0.000683
2353.149984,0.000724
2355.078796,0.000796
2357.007607,0.000821
2358.936419,0.000725
2360.865230,0.000722
2362.794041,0.000761
2364.722853,0.000760
2366.651664,0.000778
2368.580476,0.000737
2370.509287,0.000637
2372.438099,0.000514
2374.366910,0.000492
2376.295722,0.000581
2378.224533,0.000523
2380.153345,0.000309
2382.082156,0.000181
2384.010968,0.000143
2385.939779,0.000062
2387.868590,-0.000020
2389.797402,-0.000054
2391.726213,-0.000094
2393.655025,-0.000126
2395.583836,-0.000119
2397.512648,-0.000089
2399.441459,-0.000068
2401.370271,-0.000018
2403.299082,0.000039
2405.227894,-0.000003
2407.156705,-0.000029
2409.085517,0.000021
2411.014328,0.000054
2412.943139,0.000091
2414.871951,0.000141
2416.800762,0.000097
2418.729574,0.000014
2420.658385,0.000041
2422.587197,0.000080
2424.516008,0.000041
2426.444820,0.000050
2428.373631,0.000151
2430.302443,0.000184
2432.231254,0.000092
2434.160066,0.000034
2436.088877,0.000019
2438.017688,0.000025
2439.946500,0.000104
2441.875311,0.000144
2443.804123,0.000122
2445.732934,0.000091
2447.661746,0.000047
2449.590557,0.000056
2451.519369,0.000144
2453.448180,0.000254
2455.376992,0.000253
2457.305803,0.000203
2459.234615,0.000307
2461.163426,0.000384
2463.092237,0.000380
2465.021049,0.000507
2466.949860,0.000617
2468.878672,0.000626
2470.807483,0.000718
2472.736295,0.000854
2474.665106,0.000892
2476.593918,0.000826
2478.522729,0.000784
2480.451541,0.000812
2482.380352,0.000781
2484.309164,0.000742
2486.237975,0.000788
2488.166786,0.000760
2490.095598,0.000760
2492.024409,0.000959
2493.953221,0.000992
2495.882032,0.000798
2497.810844,0.000782
2499.739655,0.000898
2501.668467,0.000967
2503.597278,0.001069
2505.526090,0.001179
2507.454901,0.001212
2509.383713,0.001168
2511.312524,0.001081
2513.241336,0.000969
2515.170147,0.000834
2517.098958,0.000717
2519.027770,0.000655
2520.956581,0.000626
2522.885393,0.000605
2524.814204,0.000585
2526.743016,0.000532
2528.671827,0.000480
2530.600639,0.000501
2532.529450,0.000484
2534.458262,0.000439
2536.387073,0.000511
2538.315885,0.000535
2540.244696,0.000441
2542.173507,0.000396
2544.102319,0.000382
2546.031130,0.000392
2547.959942,0.000434
2549.888753,0.000433
2551.817565,0.000447
2553.746376,0.000502
2555.675188,0.000528
2557.603999,0.000534
2559.532811,0.000575
2561.461622,0.000705
2563.390434,0.000837
2565.319245,0.000844
2567.248056,0.000813
2569.176868,0.000858
2571.105679,0.000967
2573.034491,0.001073
2574.963302,0.001102
2576.892114,0.001095
2578.820925,0.001131
2580.749737,0.001154
2582.678548,0.001112
2584.607360,0.001038
2586.536171,0.001032
2588.464983,0.001185
2590.393794,0.001293
2592.322605,0.001137
2594.251417,0.000939
2596.180228,0.000829
2598.109040,0.000718
2600.037851,0.000759
2601.966663,0.000951
2603.895474,0.001060
2605.824286,0.001103
2607.753097,0.001212
2609.681909,0.001420
2611.610720,0.001714
2613.539532,0.002133
2615.468343,0.002692
2617.397154,0.003188
2619.325966,0.003487
2621.254777,0.003779
2623.183589,0.004125
2625.112400,0.004287
2627.041212,0.004309
2628.970023,0.004421
2630.898835,0.004448
2632.827646,0.004285
2634.756458,0.004251
2636.685269,0.004349
2638.614081,0.004221
2640.542892,0.003744
2642.471703,0.002952
2644.400515,0.002013
2646.329326,0.001307
2648.258138,0.000925
2650.186949,0.000727
2652.115761,0.000663
2654.044572,0.000611
2655.973384,0.000560
2657.902195,0.000546
2659.831007,0.000493
2661.759818,0.000429
2663.688630,0.000380
2665.617441,0.000351
2667.546253,0.000301
2669.475064,0.000171
2671.403875,0.000069
2673.332687,0.000089
2675.261498,0.000188
2677.190310,0.000220
2679.119121,0.000164
2681.047933,0.000147
2682.976744,0.000177
2684.905556,0.000214
2686.834367,0.000151
2688.763179,0.000042
2690.691990,0.000042
2692.620802,0.000058
2694.549613,0.000102
2696.478424,0.000176
2698.407236,0.000159
2700.336047,0.000176
2702.264859,0.000241
2704.193670,0.000202
2706.122482,0.000145
2708.051293,0.000152
2709.980105,0.000159
2711.908916,0.000163
2713.837728,0.000120
2715.766539,0.000054
2717.695351,0.000125
2719.624162,0.000210
2721.552973,0.000173
2723.481785,0.000180
2725.410596,0.000223
2727.339408,0.000174
2729.268219,0.000137
2731.197031,0.000214
2733.125842,0.000265
2735.054654,0.000225
2736.983465,0.000192
2738.912277,0.000116
2740.841088,0.000043
2742.769900,0.000116
2744.698711,0.000191
2746.627522,0.000150
2748.556334,0.000110
2750.485145,0.000121
2752.413957,0.000159
2754.342768,0.000199
2756.271580,0.000170
2758.200391,0.000136
2760.129203,0.000125
2762.058014,0.000051
2763.986826,0.000078
2765.915637,0.000186
2767.844449,0.000137
2769.773260,0.000061
2771.702071,0.000104
2773.630883,0.000147
2775.559694,0.000140
2777.488506,0.000139
2779.417317,0.000086
2781.346129,0.000028
2783.274940,0.000113
2785.203752,0.000183
2787.132563,0.000128
2789.061375,0.000082
2790.990186,0.000090
2792.918998,0.000063
2794.847809,0.000016
2796.776620,0.000056
2798.705432,0.000088
2800.634243,0.000088
2802.563055,0.000127
2804.491866,0.000149
2806.420678,0.000134
2808.349489,0.000069
2810.278301,-0.000035
2812.207112,-0.000006
2814.135924,0.000115
2816.064735,0.000111
2817.993547,0.000081
2819.922358,0.000125
2821.851169,0.000121
2823.779981,0.000118
2825.708792,0.000209
2827.637604,0.000366
2829.566415,0.000482
2831.495227,0.000505
2833.424038,0.000598
2835.352850,0.000781
2837.281661,0.000973
2839.210473,0.001179
2841.139284,0.001343
2843.068096,0.001591
2844.996907,0.002014
2846.925719,0.002509
2848.854530,0.003166
2850.783341,0.003981
2852.712153,0.004846
2854.640964,0.005964
2856.569776,0.007400
2858.498587,0.009055
2860.427399,0.011085
2862.356210,0.013556
2864.285022,0.016512
2866.213833,0.019991
2868.142645,0.023930
2870.071456,0.028507
2872.000268,0.033657
2873.929079,0.039193
2875.857890,0.045088
2877.786702,0.051144
2879.715513,0.057315
2881.644325,0.063317
2883.573136,0.068597
2885.501948,0.072825
2887.430759,0.075929
2889.359571,0.077931
2891.288382,0.078621
2893.217194,0.077660
2895.146005,0.074590
2897.074817,0.069862
2899.003628,0.064153
2900.932439,0.057997
2902.861251,0.050755
2904.790062,0.041081
2906.718874,0.037846
2908.647685,0.051720
2910.576497,0.075510
2912.505308,0.096703
2914.434120,0.112412
2916.362931,0.121503
2918.291743,0.122873
2920.220554,0.117141
2922.149366,0.105669
2924.078177,0.089761
2926.006988,0.070724
2927.935800,0.051339
2929.864611,0.033918
2931.793423,0.019697
2933.722234,0.009514
2935.651046,0.003410
2937.579857,0.000630
2939.508669,-0.000132
2941.437480,-0.000015
2943.366292,0.000237
2945.295103,0.000477
2947.223915,0.000836
2949.152726,0.001455
2951.081537,0.002262
2953.010349,0.002927
2954.939160,0.003517
2956.867972,0.004231
2958.796783,0.004973
2960.725595,0.005668
2962.654406,0.006317
2964.583218,0.006798
2966.512029,0.006957
2968.440841,0.006790
2970.369652,0.006521
2972.298464,0.006546
2974.227275,0.006937
2976.156086,0.007314
2978.084898,0.007272
2980.013709,0.006707
2981.942521,0.005773
2983.871332,0.004629
2985.800144,0.003515
2987.728955,0.002648
2989.657767,0.002016
2991.586578,0.001490
2993.515390,0.001036
2995.444201,0.000708
2997.373013,0.000505
2999.301824,0.000401
3001.230635,0.000319
3003.159447,0.000228
3005.088258,0.000192
3007.017070,0.000228
3008.945881,0.000288
3010.874693,0.000251
3012.803504,0.000139
3014.732316,0.000077
3016.661127,0.000088
3018.589939,0.000122
3020.518750,0.000022
3022.447562,-0.000071
3024.376373,0.000018
3026.305185,0.000042
3028.233996,-0.000002
3030.162807,0.000027
3032.091619,0.000069
3034.020430,0.000111
3035.949242,0.000184
3037.878053,0.000339
3039.806865,0.000434
3041.735676,0.000433
3043.664488,0.000559
3045.593299,0.000633
3047.522111,0.000554
3049.450922,0.000611
3051.379734,0.000806
3053.308545,0.000924
3055.237356,0.000878
3057.166168,0.000824
3059.094979,0.000866
3061.023791,0.000927
3062.952602,0.000986
3064.881414,0.000987
3066.810225,0.001001
3068.739037,0.001123
3070.667848,0.001183
3072.596660,0.001160
3074.525471,0.001165
3076.454283,0.001173
3078.383094,0.001178
3080.311905,0.001248
3082.240717,0.001435
3084.169528,0.001661
3086.098340,0.001806
3088.027151,0.001918
3089.955963,0.002094
3091.884774,0.002307
3093.813586,0.002554
3095.742397,0.002886
3097.671209,0.003279
3099.600020,0.003741
3101.528832,0.004260
3103.457643,0.004714
3105.386454,0.005150
3107.315266,0.005554
3109.244077,0.005746
3111.172889,0.005800
3113.101700,0.005772
3115.030512,0.005656
3116.959323,0.005571
3118.888135,0.005458
3120.816946,0.005301
3122.745758,0.005132
3124.674569,0.004885
3126.603381,0.004578
3128.532192,0.004117
3130.461003,0.003504
3132.389815,0.002923
3134.318626,0.002398
3136.247438,0.001932
3138.176249,0.001600
3140.105061,0.001458
3142.033872,0.001319
3143.962684,0.001020
3145.891495,0.000807
3147.820307,0.000777
3149.749118,0.000750
3151.677930,0.000670
3153.606741,0.000643
3155.535552,0.000743
3157.464364,0.000823
3159.393175,0.000778
3161.321987,0.000643
3163.250798,0.000500
3165.179610,0.000506
3167.108421,0.000570
3169.037233,0.000538
3170.966044,0.000537
3172.894856,0.000548
3174.823667,0.000461
3176.752479,0.000379
3178.681290,0.000354
3180.610102,0.000358
3182.538913,0.000362
3184.467724,0.000309
3186.396536,0.000236
3188.325347,0.000187
3190.254159,0.000188
3192.182970,0.000258
3194.111782,0.000286
3196.040593,0.000215
3197.969405,0.000183
3199.898216,0.000229
3201.827028,0.000200
3203.755839,0.000097
3205.684651,0.000093
3207.613462,0.000138
3209.542273,0.000063
3211.471085,-0.000034
3213.399896,0.000053
3215.328708,0.000158
3217.257519,0.000033
3219.186331,-0.000150
3221.115142,-0.000100
3223.043954,0.000065
3224.972765,0.000009
3226.901577,-0.000103
3228.830388,-0.000000
3230.759200,0.000086
3232.688011,0.000070
3234.616822,0.000130
3236.545634,0.000267
3238.474445,0.000351
3240.403257,0.000357
3242.332068,0.000266
3244.260880,0.000107
3246.189691,0.000164
3248.118503,0.000282
3250.047314,0.000159
3251.976126,0.000042
3253.904937,0.000088
3255.833749,0.000239
3257.762560,0.000214
3259.691371,-0.000056
3261.620183,-0.000082
3263.548994,0.000142
3265.477806,0.000266
3267.406617,0.000273
3269.335429,0.000274
3271.264240,0.000392
3273.193052,0.000525
3275.121863,0.000446
3277.050675,0.000308
3278.979486,0.000322
3280.908298,0.000314
3282.837109,0.000239
3284.765920,0.000174
3286.694732,0.000023
3288.623543,-0.000130
3290.552355,-0.000187
3292.481166,-0.000161
3294.409978,-0.000054
3296.338789,-0.000033
3298.267601,-0.000094
3300.196412,-0.000050
3302.125224,-0.000092
3304.054035,-0.000223
3305.982847,-0.000189
3307.911658,-0.000182
3309.840469,-0.000190
3311.769281,-0.000082
3313.698092,-0.000046
3315.626904,0.000030
3317.555715,0.000034
3319.484527,-0.000239
3321.413338,-0.000376
3323.342150,-0.000172
3325.270961,0.000045
3327.199773,-0.000037
3329.128584,-0.000207
3331.057396,-0.000126
3332.986207,-0.000007
3334.915018,-0.000101
3336.843830,-0.000172
3338.772641,-0.000109
3340.701453,-0.000013
3342.630264,0.000074
3344.559076,0.000218
3346.487887,0.000435
3348.416699,0.000567
3350.345510,0.000576
3352.274322,0.000617
3354.203133,0.000684
3356.131945,0.000701
3358.060756,0.000794
3359.989568,0.000911
3361.918379,0.000741
3363.847190,0.000386
3365.776002,0.000207
3367.704813,0.000300
3369.633625,0.000658
3371.562436,0.000861
3373.491248,0.000534
3375.420059,0.000224
3377.348871,0.000216
3379.277682,0.000293
3381.206494,0.000620
3383.135305,0.001044
3385.064117,0.001262
3386.992928,0.001432
3388.921739,0.001482
3390.850551,0.001305
3392.779362,0.001185
3394.708174,0.001110
3396.636985,0.000968
3398.565797,0.001039
3400.494608,0.001166
3402.423420,0.001094
3404.352231,0.000965
3406.281043,0.000772
3408.209854,0.000776
3410.138666,0.000984
3412.067477,0.001074
3413.996288,0.001286
3415.925100,0.001361
3417.853911,0.001049
3419.782723,0.000891
3421.711534,0.000927
3423.640346,0.000964
3425.569157,0.001077
3427.497969,0.001173
3429.426780,0.001259
3431.355592,0.001504
3433.284403,0.001779
3435.213215,0.002007
3437.142026,0.002260
3439.070837,0.002250
3440.999649,0.002132
3442.928460,0.002215
3444.857272,0.002212
3446.786083,0.002159
3448.714895,0.002162
3450.643706,0.002047
3452.572518,0.001825
3454.501329,0.001591
3456.430141,0.001403
3458.358952,0.001150
3460.287764,0.000926
3462.216575,0.000918
3464.145386,0.000879
3466.074198,0.000685
3468.003009,0.000564
3469.931821,0.000599
3471.860632,0.000587
3473.789444,0.000393
3475.718255,0.000172
3477.647067,0.000079
3479.575878,0.000093
3481.504690,0.000138
3483.433501,0.000128
3485.362313,0.000052
3487.291124,0.000161
3489.219935,0.000427
3491.148747,0.000534
3493.077558,0.000535
3495.006370,0.000557
3496.935181,0.000542
3498.863993,0.000419
3500.792804,0.000209
3502.721616,0.000182
3504.650427,0.000441
3506.579239,0.000646
3508.508050,0.000637
3510.436862,0.000677
3512.365673,0.000960
3514.294484,0.001278
3516.223296,0.001447
3518.152107,0.001623
3520.080919,0.001817
3522.009730,0.002008
3523.938542,0.002381
3525.867353,0.002916
3527.796165,0.003543
3529.724976,0.004321
3531.653788,0.005307
3533.582599,0.006244
3535.511411,0.006762
3537.440222,0.007104
3539.369034,0.007293
3541.297845,0.006975
3543.226656,0.006513
3545.155468,0.006364
3547.084279,0.006804
3549.013091,0.007856
3550.941902,0.008658
3552.870714,0.008857
3554.799525,0.009298
3556.728337,0.010268
3558.657148,0.011427
3560.585960,0.012560
3562.514771,0.013301
3564.443583,0.013728
3566.372394,0.014225
3568.301205,0.015305
3570.230017,0.017062
3572.158828,0.018152
3574.087640,0.018024
3576.016451,0.017431
3577.945263,0.016735
3579.874074,0.015550
3581.802886,0.013489
3583.731697,0.011307
3585.660509,0.010076
3587.589320,0.011449
3589.518132,0.013907
3591.446943,0.012325
3593.375754,0.009152
3595.304566,0.009759
3597.233377,0.012639
3599.162189,0.015044
3601.091000,0.016640
3603.019812,0.017633
3604.948623,0.017659
3606.877435,0.016072
3608.806246,0.014136
3610.735058,0.012845
3612.663869,0.011505
3614.592681,0.010252
3616.521492,0.009037
3618.450303,0.007551
3620.379115,0.007008
3622.307926,0.007236
3624.236738,0.006766
3626.165549,0.004993
3628.094361,0.002452
3630.023172,0.002251
3631.951984,0.004231
3633.880795,0.005278
3635.809607,0.005676
3637.738418,0.006038
3639.667230,0.006147
3641.596041,0.005991
3643.524852,0.005184
3645.453664,0.003424
3647.382475,0.001187
3649.311287,0.000026
3651.240098,0.001329
3653.168910,0.003472
3655.097721,0.003986
3657.026533,0.004179
3658.955344,0.005534
3660.884156,0.006352
3662.812967,0.006251
3664.741779,0.005733
3666.670590,0.004594
3668.599401,0.002563
3670.528213,0.000980
3672.457024,0.000922
3674.385836,0.000073
3676.314647,-0.000103
3678.243459,0.002508
3680.172270,0.004745
3682.101082,0.005604
3684.029893,0.005525
3685.958705,0.004313
3687.887516,0.002445
3689.816328,0.001798
3691.745139,0.003451
3693.673951,0.005441
3695.602762,0.006235
3697.531573,0.006231
3699.460385,0.005918
3701.389196,0.005420
3703.318008,0.005532
3705.246819,0.005906
3707.175631,0.005037
3709.104442,0.003412
3711.033254,0.002393
3712.962065,0.003038
3714.890877,0.004866
3716.819688,0.005708
3718.748500,0.005425
3720.677311,0.004966
3722.606122,0.004685
3724.534934,0.004735
3726.463745,0.004858
3728.392557,0.004897
3730.321368,0.004122
3732.250180,0.002314
3734.178991,0.001163
3736.107803,0.001626
3738.036614,0.002819
3739.965426,0.003501
3741.894237,0.002584
3743.823049,0.000293
3745.751860,-0.000341
3747.680671,0.000512
3749.609483,-0.000128
3751.538294,-0.000011
3753.467106,0.002440
3755.395917,0.004404
3757.324729,0.004928
3759.253540,0.004841
3761.182352,0.005442
3763.111163,0.006171
3765.039975,0.005857
3766.968786,0.005409
3768.897598,0.005273
3770.826409,0.005710
3772.755220,0.006778
3774.684032,0.007208
3776.612843,0.006760
3778.541655,0.006054
3780.470466,0.005947
3782.399278,0.006519
3784.328089,0.006740
3786.256901,0.006785
3788.185712,0.007157
3790.114524,0.007231
3792.043335,0.006941
3793.972147,0.006450
3795.900958,0.005350
3797.829769,0.004527
3799.758581,0.003846
3801.687392,0.002858
3803.616204,0.003558
3805.545015,0.004378
3807.473827,0.004508
3809.402638,0.005793
3811.331450,0.006608
3813.260261,0.005710
3815.189073,0.003730
3817.117884,0.002636
3819.046696,0.002779
3820.975507,0.002336
3822.904318,0.003317
3824.833130,0.005182
3826.761941,0.005599
3828.690753,0.005759
3830.619564,0.005391
3832.548376,0.004251
3834.477187,0.003487
3836.405999,0.002641
3838.334810,0.002078
3840.263622,0.002920
3842.192433,0.004177
3844.121245,0.005088
3846.050056,0.005944
3847.978867,0.005868
3849.907679,0.004048
3851.836490,0.001126
3853.765302,-0.000695
3855.694113,0.001403
3857.622925,0.004259
3859.551736,0.004725
3861.480548,0.003944
3863.409359,0.003107
3865.338171,0.002632
3867.266982,0.002692
3869.195794,0.002171
3871.124605,0.002192
3873.053417,0.003331
3874.982228,0.003814
3876.911039,0.004014
3878.839851,0.003520
3880.768662,0.002400
3882.697474,0.002521
3884.626285,0.002362
3886.555097,0.001939
3888.483908,0.002713
3890.412720,0.002687
3892.341531,0.002222
3894.270343,0.002704
3896.199154,0.002607
3898.127966,0.001478
3900.056777,0.000241
3901.985588,-0.000399
3903.914400,-0.000013
3905.843211,0.001236
3907.772023,0.002523
3909.700834,0.003074
3911.629646,0.003012
3913.558457,0.002614
3915.487269,0.001883
3917.416080,0.001282
3919.344892,0.001225
3921.273703,0.001469
3923.202515,0.001451
3925.131326,0.001157
3927.060137,0.001051
3928.988949,0.000960
3930.917760,0.000638
3932.846572,0.000550
3934.775383,0.000807
3936.704195,0.000943
3938.633006,0.000893
3940.561818,0.000578
3942.490629,0.000114
3944.419441,0.000114
3946.348252,0.000188
3948.277064,-0.000056
3950.205875,-0.000138
3952.134686,-0.000120
3954.063498,-0.000212
3955.992309,-0.000323
3957.921121,-0.000359
3959.849932,-0.000258
3961.778744,-0.000273
3963.707555,-0.000233
3965.636367,-0.000252
3967.565178,-0.000423
3969.493990,-0.000460
3971.422801,-0.000321
3973.351613,-0.000237
3975.280424,-0.000230
3977.209235,-0.000200
3979.138047,-0.000216
3981.066858,-0.000194
3982.995670,-0.000183
3984.924481,-0.000256
3986.853293,-0.000176
3988.782104,-0.000182
3990.710916,-0.000292
3992.639727,-0.000208
3994.568539,-0.000204
3996.497350,-0.000301
3998.426162,-0.000277
4000.354973,-0.000172
