898.826141,0.002529
900.754953,0.000698
902.683764,-0.000120
904.612576,-0.000447
906.541387,0.000291
908.470199,0.000661
910.399010,0.000701
912.327822,0.000796
914.256633,0.000646
916.185445,0.000863
918.114256,0.000964
920.043068,0.000573
921.971879,0.000557
923.900690,0.000595
925.829502,0.000255
927.758313,0.000429
929.687125,0.000649
931.615936,0.000859
933.544748,0.000953
935.473559,0.000801
937.402371,0.000183
939.331182,-0.000093
941.259994,0.000427
943.188805,0.000898
945.117617,0.000811
947.046428,0.000554
948.975240,0.000482
950.904051,0.000566
952.832862,0.000695
954.761674,0.000777
956.690485,0.000725
958.619297,0.000635
960.548108,0.000463
962.476920,0.000205
964.405731,0.000198
966.334543,0.000243
968.263354,0.000031
970.192166,-0.000058
972.120977,0.000197
974.049789,0.000470
975.978600,0.000497
977.907411,0.000348
979.836223,0.000197
981.765034,0.000062
983.693846,-0.000070
985.622657,-0.000194
987.551469,-0.000089
989.480280,0.000297
991.409092,0.000433
993.337903,0.000229
995.266715,0.000117
997.195526,0.000192
999.124338,0.000265
1001.053149,0.000177
1002.981960,0.000132
1004.910772,0.000271
1006.839583,0.000292
1008.768395,0.000178
1010.697206,0.000193
1012.626018,0.000234
1014.554829,0.000276
1016.483641,0.000459
1018.412452,0.000555
1020.341264,0.000488
1022.270075,0.000462
1024.198887,0.000471
1026.127698,0.000548
1028.056509,0.000749
1029.985321,0.000983
1031.914132,0.001162
1033.842944,0.001243
1035.771755,0.001315
1037.700567,0.001460
1039.629378,0.001524
1041.558190,0.001405
1043.487001,0.001197
1045.415813,0.000998
1047.344624,0.000910
1049.273436,0.000856
1051.202247,0.000703
1053.131058,0.000548
1055.059870,0.000423
1056.988681,0.000310
1058.917493,0.000244
1060.846304,0.000182
1062.775116,0.000111
1064.703927,0.000078
1066.632739,0.000059
1068.561550,-0.000024
1070.490362,-0.000056
1072.419173,-0.000050
1074.347985,-0.000038
1076.276796,0.000083
1078.205607,0.000213
1080.134419,0.000208
1082.063230,0.000148
1083.992042,0.000060
1085.920853,0.000040
1087.849665,0.000187
1089.778476,0.000238
1091.707288,0.000097
1093.636099,0.000015
1095.564911,0.000016
1097.493722,0.000103
1099.422534,0.000241
1101.351345,0.000228
1103.280156,0.000171
1105.208968,0.000170
1107.137779,0.000122
1109.066591,0.000092
1110.995402,0.000125
1112.924214,0.000128
1114.853025,0.000055
1116.781837,0.000058
1118.710648,0.000138
1120.639460,0.000079
1122.568271,0.000035
1124.497083,0.000117
1126.425894,0.000083
1128.354706,-0.000052
1130.283517,-0.000091
1132.212328,-0.000123
1134.141140,-0.000223
1136.069951,-0.000215
1137.998763,-0.000123
1139.927574,-0.000087
1141.856386,-0.000035
1143.785197,0.000014
1145.714009,-0.000019
1147.642820,-0.000070
1149.571632,-0.000058
1151.500443,0.000012
1153.429255,0.000100
1155.358066,0.000165
1157.286877,0.000195
1159.215689,0.000314
1161.144500,0.000455
1163.073312,0.000514
1165.002123,0.000602
1166.930935,0.000799
1168.859746,0.000946
1170.788558,0.001053
1172.717369,0.001142
1174.646181,0.001214
1176.574992,0.001392
1178.503804,0.001654
1180.432615,0.001968
1182.361426,0.002176
1184.290238,0.002247
1186.219049,0.002512
1188.147861,0.002842
1190.076672,0.003090
1192.005484,0.003430
1193.934295,0.003676
1195.863107,0.003717
1197.791918,0.003637
1199.720730,0.003513
1201.649541,0.003637
1203.578353,0.003942
1205.507164,0.004023
1207.435975,0.004015
1209.364787,0.004253
1211.293598,0.004656
1213.222410,0.005079
1215.151221,0.005692
1217.080033,0.006370
1219.008844,0.006833
1220.937656,0.007515
1222.866467,0.008233
1224.795279,0.008788
1226.724090,0.010042
1228.652902,0.011601
1230.581713,0.013302
1232.510524,0.015989
1234.439336,0.019428
1236.368147,0.024367
1238.296959,0.032049
1240.225770,0.042881
1242.154582,0.058784
1244.083393,0.081930
1246.012205,0.112221
1247.941016,0.147927
1249.869828,0.184347
1251.798639,0.213448
1253.727451,0.227752
1255.656262,0.225509
1257.585073,0.225524
1259.513885,0.247872
1261.442696,0.265044
1263.371508,0.244397
1265.300319,0.221421
1267.229131,0.228161
1269.157942,0.246576
1271.086754,0.246191
1273.015565,0.216097
1274.944377,0.167546
1276.873188,0.120088
1278.802000,0.085779
1280.730811,0.065217
1282.659622,0.053090
1284.588434,0.045658
1286.517245,0.041588
1288.446057,0.039015
1290.374868,0.037219
1292.303680,0.036224
1294.232491,0.035331
1296.161303,0.034682
1298.090114,0.034771
1300.018926,0.035704
1301.947737,0.036550
1303.876549,0.036948
1305.805360,0.037640
1307.734172,0.038612
1309.662983,0.039782
1311.591794,0.040263
1313.520606,0.039844
1315.449417,0.038486
1317.378229,0.036014
1319.307040,0.033125
1321.235852,0.030206
1323.164663,0.031742
1325.093475,0.034284
1327.022286,0.028347
1328.951098,0.022288
1330.879909,0.022183
1332.808721,0.021994
1334.737532,0.021944
1336.666343,0.022075
1338.595155,0.021194
1340.523966,0.020908
1342.452778,0.019915
1344.381589,0.017048
1346.310401,0.013589
1348.239212,0.010565
1350.168024,0.008049
1352.096835,0.005980
1354.025647,0.004360
1355.954458,0.003323
1357.883270,0.002571
1359.812081,0.001047
1361.740892,-0.000773
1363.669704,-0.000227
1365.598515,0.001565
1367.527327,0.001921
1369.456138,0.002063
1371.384950,0.002088
1373.313761,0.000857
1375.242573,0.000944
1377.171384,0.002504
1379.100196,0.003181
1381.029007,0.003399
1382.957819,0.003646
1384.886630,0.002788
1386.815441,0.001331
1388.744253,0.002133
1390.673064,0.003669
1392.601876,0.002063
1394.530687,0.000003
1396.459499,0.000499
1398.388310,0.000946
1400.317122,0.002513
1402.245933,0.004357
1404.174745,0.003852
1406.103556,0.004176
1408.032368,0.005668
1409.961179,0.006197
1411.889990,0.006336
1413.818802,0.006614
1415.747613,0.005678
1417.676425,0.002141
1419.605236,0.001734
1421.534048,0.005937
1423.462859,0.007934
1425.391671,0.008992
1427.320482,0.009981
1429.249294,0.009149
1431.178105,0.009898
1433.106917,0.011051
1435.035728,0.007767
1436.964539,0.006193
1438.893351,0.011107
1440.822162,0.014136
1442.750974,0.014606
1444.679785,0.014729
1446.608597,0.013518
1448.537408,0.013449
1450.466220,0.014774
1452.395031,0.014912
1454.323843,0.011238
1456.252654,0.004032
1458.181466,0.005469
1460.110277,0.013986
1462.039089,0.016733
1463.967900,0.014646
1465.896711,0.015315
1467.825523,0.018411
1469.754334,0.016633
1471.683146,0.011018
1473.611957,0.010633
1475.540769,0.014632
1477.469580,0.018121
1479.398392,0.020006
1481.327203,0.020462
1483.256015,0.020743
1485.184826,0.019605
1487.113638,0.016393
1489.042449,0.013708
1490.971260,0.015267
1492.900072,0.018268
1494.828883,0.016221
1496.757695,0.012680
1498.686506,0.013934
1500.615318,0.016731
1502.544129,0.016844
1504.472941,0.009414
1506.401752,0.000014
1508.330564,0.004605
1510.259375,0.011366
1512.188187,0.013470
1514.116998,0.012792
1516.045809,0.009874
1517.974621,0.008082
1519.903432,0.005337
1521.832244,0.003691
1523.761055,0.007649
1525.689867,0.010055
1527.618678,0.011701
1529.547490,0.014394
1531.476301,0.012623
1533.405113,0.009802
1535.333924,0.012226
1537.262736,0.009999
1539.191547,0.000376
1541.120358,-0.000137
1543.049170,0.006745
1544.977981,0.012763
1546.906793,0.017631
1548.835604,0.019530
1550.764416,0.020856
1552.693227,0.021611
1554.622039,0.022156
1556.550850,0.020259
1558.479662,0.017534
1560.408473,0.034187
1562.337285,0.055598
1564.266096,0.071106
1566.194907,0.088414
1568.123719,0.107054
1570.052530,0.134790
1571.981342,0.173359
1573.910153,0.210658
1575.838965,0.259840
1577.767776,0.327101
1579.696588,0.396002
1581.625399,0.469136
1583.554211,0.542842
1585.483022,0.618353
1587.411834,0.702210
1589.340645,0.794060
1591.269456,0.892759
1593.198268,0.980597
1595.127079,1.034943
1597.055891,1.049968
1598.984702,1.043591
1600.913514,1.013080
1602.842325,0.975455
1604.771137,0.951348
1606.699948,0.926288
1608.628760,0.898140
1610.557571,0.838330
1612.486383,0.760689
1614.415194,0.670567
1616.344005,0.591454
1618.272817,0.673296
1620.201628,0.927977
1622.130440,1.189609
1624.059251,1.322629
1625.988063,1.421066
1627.916874,1.491040
1629.845686,1.483940
1631.774497,1.360943
1633.703309,1.184340
1635.632120,0.973665
1637.560932,0.806056
1639.489743,0.674926
1641.418555,0.537530
1643.347366,0.410346
1645.276177,0.296091
1647.204989,0.191662
1649.133800,0.123836
1651.062612,0.073027
1652.991423,0.024730
1654.920235,0.011651
1656.849046,0.012646
1658.777858,0.008718
1660.706669,0.003827
1662.635481,0.000412
1664.564292,0.001706
1666.493104,0.002242
1668.421915,-0.001587
1670.350726,-0.000410
1672.279538,0.004311
1674.208349,0.005659
1676.137161,0.009998
1678.065972,0.017543
1679.994784,0.021765
1681.923595,0.020974
1683.852407,0.019436
1685.781218,0.028173
1687.710030,0.037420
1689.638841,0.040429
1691.567653,0.042976
1693.496464,0.039939
1695.425275,0.037387
1697.354087,0.046975
1699.282898,0.047202
1701.211710,0.039367
1703.140521,0.043361
1705.069333,0.049378
1706.998144,0.054413
1708.926956,0.064175
1710.855767,0.076971
1712.784579,0.082538
1714.713390,0.080119
1716.642202,0.080764
1718.571013,0.089703
1720.499824,0.101995
1722.428636,0.110941
1724.357447,0.118370
1726.286259,0.126440
1728.215070,0.134967
1730.143882,0.146433
1732.072693,0.157078
1734.001505,0.175732
1735.930316,0.206478
1737.859128,0.229683
1739.787939,0.246657
1741.716751,0.260120
1743.645562,0.265584
1745.574373,0.262924
1747.503185,0.255971
1749.431996,0.249553
1751.360808,0.249961
1753.289619,0.255112
1755.218431,0.255674
1757.147242,0.250220
1759.076054,0.236053
1761.004865,0.205826
1762.933677,0.167705
1764.862488,0.135223
1766.791300,0.103076
1768.720111,0.074328
1770.648922,0.052347
1772.577734,0.036130
1774.506545,0.029787
1776.435357,0.026528
1778.364168,0.022427
1780.292980,0.019733
1782.221791,0.019091
1784.150603,0.018977
1786.079414,0.019412
1788.008226,0.020504
1789.937037,0.018426
1791.865849,0.014601
1793.794660,0.014895
1795.723471,0.016652
1797.652283,0.015768
1799.581094,0.013120
1801.509906,0.012122
1803.438717,0.013682
1805.367529,0.014861
1807.296340,0.014245
1809.225152,0.012558
1811.153963,0.011313
1813.082775,0.011221
1815.011586,0.010823
1816.940398,0.009824
1818.869209,0.009084
1820.798021,0.008546
1822.726832,0.007028
1824.655643,0.005367
1826.584455,0.005194
1828.513266,0.004270
1830.442078,0.003965
1832.370889,0.006337
1834.299701,0.007771
1836.228512,0.007718
1838.157324,0.007998
1840.086135,0.008230
1842.014947,0.006421
1843.943758,0.004093
1845.872570,0.005475
1847.801381,0.007654
1849.730192,0.008165
1851.659004,0.008375
1853.587815,0.008315
1855.516627,0.008042
1857.445438,0.007601
1859.374250,0.007136
1861.303061,0.006682
1863.231873,0.005997
1865.160684,0.004565
1867.089496,0.001715
1869.018307,-0.000028
1870.947119,0.001047
1872.875930,0.003436
1874.804741,0.005720
1876.733553,0.004911
1878.662364,0.002546
1880.591176,0.002700
1882.519987,0.003817
1884.448799,0.004756
1886.377610,0.005665
1888.306422,0.005674
1890.235233,0.006378
1892.164045,0.007939
1894.092856,0.008672
1896.021668,0.009208
1897.950479,0.009952
1899.879290,0.010351
1901.808102,0.010469
1903.736913,0.010496
1905.665725,0.010314
1907.594536,0.009793
1909.523348,0.009303
1911.452159,0.009143
1913.380971,0.009034
1915.309782,0.007891
1917.238594,0.006019
1919.167405,0.005714
1921.096217,0.005982
1923.025028,0.005451
1924.953839,0.005397
1926.882651,0.005316
1928.811462,0.004749
1930.740274,0.004238
1932.669085,0.003700
1934.597897,0.003192
1936.526708,0.002719
1938.455520,0.002251
1940.384331,0.001243
1942.313143,0.000218
1944.241954,0.000456
1946.170766,0.000994
1948.099577,0.001042
1950.028388,0.000969
1951.957200,0.000789
1953.886011,0.000611
1955.814823,0.000599
1957.743634,0.000631
1959.672446,0.000541
1961.601257,0.000495
1963.530069,0.000424
1965.458880,0.000006
1967.387692,-0.000219
1969.316503,0.000148
1971.245315,0.000471
1973.174126,0.000495
1975.102938,0.000447
1977.031749,0.000409
1978.960560,0.000446
1980.889372,0.000468
1982.818183,0.000460
1984.746995,0.000377
1986.675806,0.000213
1988.604618,0.000077
1990.533429,-0.000244
1992.462241,-0.000323
1994.391052,0.000162
1996.319864,0.000400
1998.248675,0.000351
2000.177487,0.000442
2002.106298,0.000488
2004.035109,0.000450
2005.963921,0.000402
2007.892732,0.000336
2009.821544,0.000319
2011.750355,0.000399
2013.679167,0.000365
2015.607978,0.000051
2017.536790,-0.000105
2019.465601,0.000103
2021.394413,0.000260
2023.323224,0.000268
2025.252036,0.000306
2027.180847,0.000336
2029.109658,0.000282
2031.038470,0.000240
2032.967281,0.000287
2034.896093,0.000310
2036.824904,0.000254
2038.753716,0.000189
2040.682527,0.000190
2042.611339,0.000244
2044.540150,0.000249
2046.468962,0.000245
2048.397773,0.000247
2050.326585,0.000203
2052.255396,0.000189
2054.184207,0.000205
2056.113019,0.000198
2058.041830,0.000170
2059.970642,0.000158
2061.899453,0.000086
2063.828265,-0.000106
2065.757076,-0.000145
2067.685888,0.000006
2069.614699,0.000120
2071.543511,0.000205
2073.472322,0.000206
2075.401134,0.000122
2077.329945,0.000087
2079.258756,0.000138
2081.187568,0.000191
2083.116379,0.000156
2085.045191,0.000125
2086.974002,0.000163
2088.902814,0.000151
2090.831625,0.000070
2092.760437,0.000046
2094.689248,0.000076
2096.618060,0.000061
2098.546871,0.000077
2100.475683,0.000145
2102.404494,0.000209
2104.333305,0.000252
2106.262117,0.000223
2108.190928,0.000185
2110.119740,0.000188
2112.048551,0.000193
2113.977363,0.000204
2115.906174,0.000225
2117.834986,0.000268
2119.763797,0.000348
2121.692609,0.000396
2123.621420,0.000340
2125.550232,0.000238
2127.479043,0.000196
2129.407854,0.000257
2131.336666,0.000257
2133.265477,0.000099
2135.194289,0.000016
2137.123100,0.000064
2139.051912,0.000074
2140.980723,0.000012
2142.909535,-0.000049
2144.838346,-0.000064
2146.767158,-0.000056
2148.695969,0.000012
2150.624781,0.000088
2152.553592,0.000072
2154.482404,0.000094
2156.411215,0.000199
2158.340026,0.000219
2160.268838,0.000168
2162.197649,0.000217
2164.126461,0.000315
2166.055272,0.000293
2167.984084,0.000228
2169.912895,0.000244
2171.841707,0.000290
2173.770518,0.000315
2175.699330,0.000347
2177.628141,0.000394
2179.556953,0.000449
2181.485764,0.000524
2183.414575,0.000621
2185.343387,0.000670
2187.272198,0.000669
2189.201010,0.000722
2191.129821,0.000854
2193.058633,0.001021
2194.987444,0.001179
2196.916256,0.001344
2198.845067,0.001577
2200.773879,0.001780
2202.702690,0.001871
2204.631502,0.001981
2206.560313,0.002110
2208.489124,0.002168
2210.417936,0.002199
2212.346747,0.002179
2214.275559,0.002086
2216.204370,0.001944
2218.133182,0.001688
2220.061993,0.001273
2221.990805,0.000850
2223.919616,0.000784
2225.848428,0.001143
2227.777239,0.001652
2229.706051,0.002151
2231.634862,0.002538
2233.563673,0.002803
2235.492485,0.002970
2237.421296,0.002977
2239.350108,0.002843
2241.278919,0.002601
2243.207731,0.002230
2245.136542,0.001798
2247.065354,0.001427
2248.994165,0.001062
2250.922977,0.000667
2252.851788,0.000348
2254.780600,0.000141
2256.709411,0.000080
2258.638222,0.000114
2260.567034,0.000133
2262.495845,0.000122
2264.424657,0.000114
2266.353468,0.000159
2268.282280,0.000224
2270.211091,0.000286
2272.139903,0.000323
2274.068714,0.000266
2275.997526,0.000209
2277.926337,0.000231
2279.855149,0.000247
2281.783960,0.000249
2283.712771,0.000303
2285.641583,0.000363
2287.570394,0.000371
2289.499206,0.000321
2291.428017,0.000253
2293.356829,0.000253
2295.285640,0.000296
2297.214452,0.000378
2299.143263,0.000494
2301.072075,0.000529
2303.000886,0.000552
2304.929698,0.000636
2306.858509,0.000693
2308.787320,0.000736
2310.716132,0.000832
2312.644943,0.000987
2314.573755,0.001132
2316.502566,0.001191
2318.431378,0.001200
2320.360189,0.001275
2322.289001,0.001365
2324.217812,0.001343
2326.146624,0.001349
2328.075435,0.001489
2330.004247,0.001545
2331.933058,0.001440
2333.861870,0.001419
2335.790681,0.001566
2337.719492,0.001665
2339.648304,0.001589
2341.577115,0.001468
2343.505927,0.001431
2345.434738,0.001310
2347.363550,0.001040
2349.292361,0.000906
2351.221173,0.001017
2353.149984,0.001244
2355.078796,0.001460
2357.007607,0.001574
2358.936419,0.001619
2360.865230,0.001681
2362.794041,0.001775
2364.722853,0.001791
2366.651664,0.001686
2368.580476,0.001637
2370.509287,0.001550
2372.438099,0.001310
2374.366910,0.001133
2376.295722,0.000962
2378.224533,0.000678
2380.153345,0.000417
2382.082156,0.000260
2384.010968,0.000137
2385.939779,-0.000007
2387.868590,-0.000069
2389.797402,-0.000069
2391.726213,-0.000121
2393.655025,-0.000149
2395.583836,-0.000121
2397.512648,-0.000113
2399.441459,-0.000126
2401.370271,-0.000069
2403.299082,-0.000020
2405.227894,-0.000116
2407.156705,-0.000184
2409.085517,-0.000126
2411.014328,-0.000086
2412.943139,-0.000109
2414.871951,-0.000130
2416.800762,-0.000122
2418.729574,-0.000127
2420.658385,-0.000125
2422.587197,-0.000141
2424.516008,-0.000168
2426.444820,-0.000100
2428.373631,-0.000012
2430.302443,-0.000007
2432.231254,-0.000073
2434.160066,-0.000119
2436.088877,-0.000087
2438.017688,-0.000085
2439.946500,-0.000091
2441.875311,-0.000045
2443.804123,-0.000060
2445.732934,-0.000102
2447.661746,-0.000087
2449.590557,-0.000072
2451.519369,-0.000043
2453.448180,0.000012
2455.376992,0.000030
2457.305803,0.000027
2459.234615,0.000046
2461.163426,0.000067
2463.092237,0.000107
2465.021049,0.000171
2466.949860,0.000200
2468.878672,0.000230
2470.807483,0.000332
2472.736295,0.000449
2474.665106,0.000497
2476.593918,0.000481
2478.522729,0.000469
2480.451541,0.000471
2482.380352,0.000384
2484.309164,0.000329
2486.237975,0.000459
2488.166786,0.000518
2490.095598,0.000478
2492.024409,0.000563
2493.953221,0.000588
2495.882032,0.000466
2497.810844,0.000427
2499.739655,0.000457
2501.668467,0.000486
2503.597278,0.000607
2505.526090,0.000759
2507.454901,0.000786
2509.383713,0.000728
2511.312524,0.000666
2513.241336,0.000600
2515.170147,0.000559
2517.098958,0.000526
2519.027770,0.000433
2520.956581,0.000350
2522.885393,0.000354
2524.814204,0.000367
2526.743016,0.000369
2528.671827,0.000376
2530.600639,0.000321
2532.529450,0.000253
2534.458262,0.000269
2536.387073,0.000330
2538.315885,0.000296
2540.244696,0.000195
2542.173507,0.000231
2544.102319,0.000298
2546.031130,0.000263
2547.959942,0.000248
2549.888753,0.000238
2551.817565,0.000252
2553.746376,0.000335
2555.675188,0.000399
2557.603999,0.000399
2559.532811,0.000380
2561.461622,0.000451
2563.390434,0.000513
2565.319245,0.000481
2567.248056,0.000541
2569.176868,0.000672
2571.105679,0.000764
2573.034491,0.000840
2574.963302,0.000892
2576.892114,0.000931
2578.820925,0.000948
2580.749737,0.000935
2582.678548,0.000885
2584.607360,0.000817
2586.536171,0.000849
2588.464983,0.000984
2590.393794,0.001038
2592.322605,0.000937
2594.251417,0.000783
2596.180228,0.000594
2598.109040,0.000468
2600.037851,0.000554
2601.966663,0.000691
2603.895474,0.000759
2605.824286,0.000802
2607.753097,0.000901
2609.681909,0.001100
2611.610720,0.001291
2613.539532,0.001587
2615.468343,0.002063
2617.397154,0.002441
2619.325966,0.002666
2621.254777,0.002888
2623.183589,0.003117
2625.112400,0.003262
2627.041212,0.003342
2628.970023,0.003430
2630.898835,0.003401
2632.827646,0.003265
2634.756458,0.003232
2636.685269,0.003289
2638.614081,0.003244
2640.542892,0.002907
2642.471703,0.002245
2644.400515,0.001479
2646.329326,0.000887
2648.258138,0.000540
2650.186949,0.000377
2652.115761,0.000359
2654.044572,0.000343
2655.973384,0.000237
2657.902195,0.000183
2659.831007,0.000258
2661.759818,0.000276
2663.688630,0.000182
2665.617441,0.000119
2667.546253,0.000059
2669.475064,-0.000080
2671.403875,-0.000196
2673.332687,-0.000179
2675.261498,-0.000055
2677.190310,0.000004
2679.119121,-0.000059
2681.047933,-0.000114
2682.976744,-0.000103
2684.905556,-0.000062
2686.834367,-0.000066
2688.763179,-0.000103
2690.691990,-0.000106
2692.620802,-0.000085
2694.549613,-0.000049
2696.478424,0.000001
2698.407236,0.000079
2700.336047,0.000115
2702.264859,0.000017
2704.193670,-0.000109
2706.122482,-0.000127
2708.051293,-0.000045
2709.980105,0.000006
2711.908916,-0.000014
2713.837728,-0.000006
2715.766539,0.000023
2717.695351,0.000023
2719.624162,0.000007
2721.552973,0.000063
2723.481785,0.000173
2725.410596,0.000141
2727.339408,0.000042
2729.268219,0.000063
2731.197031,0.000114
2733.125842,0.000095
2735.054654,0.000068
2736.983465,0.000065
2738.912277,0.000019
2740.841088,-0.000014
2742.769900,0.000029
2744.698711,0.000073
2746.627522,0.000114
2748.556334,0.000163
2750.485145,0.000147
2752.413957,0.000123
2754.342768,0.000154
2756.271580,0.000147
2758.200391,0.000147
2760.129203,0.000211
2762.058014,0.000225
2763.986826,0.000205
2765.915637,0.000165
2767.844449,0.000063
2769.773260,-0.000010
2771.702071,-0.000024
2773.630883,-0.000016
2775.559694,0.000032
2777.488506,0.000045
2779.417317,-0.000013
2781.346129,0.000019
2783.274940,0.000123
2785.203752,0.000137
2787.132563,0.000096
2789.061375,0.000079
2790.990186,0.000073
2792.918998,0.000047
2794.847809,0.000032
2796.776620,0.000038
2798.705432,0.000015
2800.634243,0.000002
2802.563055,-0.000015
2804.491866,-0.000077
2806.420678,-0.000080
2808.349489,-0.000028
2810.278301,-0.000008
2812.207112,0.000023
2814.135924,0.000086
2816.064735,0.000105
2817.993547,0.000075
2819.922358,0.000031
2821.851169,0.000019
2823.779981,0.000089
2825.708792,0.000154
2827.637604,0.000195
2829.566415,0.000285
2831.495227,0.000360
2833.424038,0.000451
2835.352850,0.000590
2837.281661,0.000708
2839.210473,0.000879
2841.139284,0.001101
2843.068096,0.001339
2844.996907,0.001664
2846.925719,0.002115
2848.854530,0.002722
2850.783341,0.003411
2852.712153,0.004185
2854.640964,0.005183
2856.569776,0.006424
2858.498587,0.007854
2860.427399,0.009568
2862.356210,0.011758
2864.285022,0.014381
2866.213833,0.017397
2868.142645,0.020934
2870.071456,0.024955
2872.000268,0.029372
2873.929079,0.034211
2875.857890,0.039379
2877.786702,0.044679
2879.715513,0.050025
2881.644325,0.055288
2883.573136,0.060099
2885.501948,0.063900
2887.430759,0.066585
2889.359571,0.068353
2891.288382,0.068959
2893.217194,0.068078
2895.146005,0.065445
2897.074817,0.061380
2899.003628,0.056364
2900.932439,0.050957
2902.861251,0.044614
2904.790062,0.036096
2906.718874,0.033202
2908.647685,0.045372
2910.576497,0.066242
2912.505308,0.084832
2914.434120,0.098668
2916.362931,0.106734
2918.291743,0.108050
2920.220554,0.103092
2922.149366,0.092937
2924.078177,0.078844
2926.006988,0.062091
2927.935800,0.045081
2929.864611,0.029773
2931.793423,0.017208
2933.722234,0.008208
2935.651046,0.002881
2937.579857,0.000369
2939.508669,-0.000484
2941.437480,-0.000502
2943.366292,-0.000236
2945.295103,0.000086
2947.223915,0.000526
2949.152726,0.000963
2951.081537,0.001492
2953.010349,0.002121
2954.939160,0.002714
2956.867972,0.003241
2958.796783,0.003717
2960.725595,0.004222
2962.654406,0.004780
2964.583218,0.005264
2966.512029,0.005480
2968.440841,0.005369
2970.369652,0.005183
2972.298464,0.005246
2974.227275,0.005568
2976.156086,0.005907
2978.084898,0.005978
2980.013709,0.005623
2981.942521,0.004887
2983.871332,0.003958
2985.800144,0.003086
2987.728955,0.002462
2989.657767,0.002037
2991.586578,0.001550
2993.515390,0.001100
2995.444201,0.000920
2997.373013,0.000859
2999.301824,0.000814
3001.230635,0.000706
3003.159447,0.000567
3005.088258,0.000576
3007.017070,0.000599
3008.945881,0.000572
3010.874693,0.000520
3012.803504,0.000428
3014.732316,0.000404
3016.661127,0.000433
3018.589939,0.000391
3020.518750,0.000213
3022.447562,0.000095
3024.376373,0.000222
3026.305185,0.000360
3028.233996,0.000360
3030.162807,0.000302
3032.091619,0.000330
3034.020430,0.000405
3035.949242,0.000471
3037.878053,0.000650
3039.806865,0.000791
3041.735676,0.000804
3043.664488,0.000857
3045.593299,0.000948
3047.522111,0.000973
3049.450922,0.000968
3051.379734,0.001091
3053.308545,0.001195
3055.237356,0.001184
3057.166168,0.001276
3059.094979,0.001341
3061.023791,0.001312
3062.952602,0.001315
3064.881414,0.001294
3066.810225,0.001350
3068.739037,0.001509
3070.667848,0.001622
3072.596660,0.001691
3074.525471,0.001734
3076.454283,0.001735
3078.383094,0.001732
3080.311905,0.001782
3082.240717,0.001877
3084.169528,0.002046
3086.098340,0.002267
3088.027151,0.002329
3089.955963,0.002333
3091.884774,0.002524
3093.813586,0.002761
3095.742397,0.002988
3097.671209,0.003294
3099.600020,0.003672
3101.528832,0.004095
3103.457643,0.004464
3105.386454,0.004826
3107.315266,0.005194
3109.244077,0.005346
3111.172889,0.005286
3113.101700,0.005198
3115.030512,0.005134
3116.959323,0.005060
3118.888135,0.004964
3120.816946,0.004873
3122.745758,0.004716
3124.674569,0.004492
3126.603381,0.004359
3128.532192,0.004137
3130.461003,0.003616
3132.389815,0.003053
3134.318626,0.002602
3136.247438,0.002232
3138.176249,0.002006
3140.105061,0.001837
3142.033872,0.001613
3143.962684,0.001421
3145.891495,0.001275
3147.820307,0.001182
3149.749118,0.001166
3151.677930,0.001112
3153.606741,0.001160
3155.535552,0.001328
3157.464364,0.001249
3159.393175,0.001065
3161.321987,0.000998
3163.250798,0.000912
3165.179610,0.000938
3167.108421,0.001044
3169.037233,0.000999
3170.966044,0.000940
3172.894856,0.000929
3174.823667,0.000859
3176.752479,0.000793
3178.681290,0.000733
3180.610102,0.000656
3182.538913,0.000572
3184.467724,0.000443
3186.396536,0.000412
3188.325347,0.000517
3190.254159,0.000577
3192.182970,0.000552
3194.111782,0.000468
3196.040593,0.000392
3197.969405,0.000371
3199.898216,0.000384
3201.827028,0.000357
3203.755839,0.000298
3205.684651,0.000349
3207.613462,0.000325
3209.542273,0.000075
3211.471085,-0.000044
3213.399896,0.000125
3215.328708,0.000223
3217.257519,0.000034
3219.186331,-0.000157
3221.115142,-0.000146
3223.043954,-0.000071
3224.972765,-0.000126
3226.901577,-0.000238
3228.830388,-0.000220
3230.759200,-0.000204
3232.688011,-0.000237
3234.616822,-0.000168
3236.545634,-0.000095
3238.474445,-0.000126
3240.403257,-0.000157
3242.332068,-0.000128
3244.260880,-0.000084
3246.189691,-0.000016
3248.118503,-0.000001
3250.047314,-0.000076
3251.976126,-0.000182
3253.904937,-0.000284
3255.833749,-0.000206
3257.762560,-0.000110
3259.691371,-0.000192
3261.620183,-0.000178
3263.548994,-0.000059
3265.477806,-0.000030
3267.406617,-0.000051
3269.335429,0.000005
3271.264240,0.000118
3273.193052,0.000140
3275.121863,0.000090
3277.050675,0.000069
3278.979486,0.000045
3280.908298,-0.000057
3282.837109,-0.000113
3284.765920,-0.000059
3286.694732,-0.000078
3288.623543,-0.000184
3290.552355,-0.000258
3292.481166,-0.000138
3294.409978,0.000104
3296.338789,0.000050
3298.267601,-0.000105
3300.196412,-0.000052
3302.125224,-0.000148
3304.054035,-0.000304
3305.982847,-0.000295
3307.911658,-0.000311
3309.840469,-0.000229
3311.769281,-0.000108
3313.698092,-0.000074
3315.626904,0.000022
3317.555715,-0.000004
3319.484527,-0.000222
3321.413338,-0.000353
3323.342150,-0.000295
3325.270961,-0.000172
3327.199773,-0.000156
3329.128584,-0.000166
3331.057396,-0.000078
3332.986207,-0.000034
3334.915018,-0.000147
3336.843830,-0.000263
3338.772641,-0.000190
3340.701453,-0.000062
3342.630264,-0.000012
3344.559076,0.000139
3346.487887,0.000336
3348.416699,0.000404
3350.345510,0.000453
3352.274322,0.000489
3354.203133,0.000446
3356.131945,0.000454
3358.060756,0.000584
3359.989568,0.000701
3361.918379,0.000647
3363.847190,0.000558
3365.776002,0.000536
3367.704813,0.000391
3369.633625,0.000387
3371.562436,0.000446
3373.491248,0.000305
3375.420059,0.000161
3377.348871,0.000092
3379.277682,0.000148
3381.206494,0.000425
3383.135305,0.000615
3385.064117,0.000603
3386.992928,0.000548
3388.921739,0.000505
3390.850551,0.000371
3392.779362,0.000097
3394.708174,-0.000035
3396.636985,0.000065
3398.565797,0.000267
3400.494608,0.000365
3402.423420,0.000218
3404.352231,0.000108
3406.281043,-0.000008
3408.209854,-0.000153
3410.138666,-0.000036
3412.067477,0.000087
3413.996288,0.000172
3415.925100,0.000253
3417.853911,0.000008
3419.782723,-0.000195
3421.711534,-0.000026
3423.640346,0.000146
3425.569157,0.000178
3427.497969,0.000186
3429.426780,0.000305
3431.355592,0.000585
3433.284403,0.000788
3435.213215,0.000904
3437.142026,0.001121
3439.070837,0.001110
3440.999649,0.000800
3442.928460,0.000615
3444.857272,0.000532
3446.786083,0.000559
3448.714895,0.000795
3450.643706,0.000964
3452.572518,0.000929
3454.501329,0.000839
3456.430141,0.000727
3458.358952,0.000500
3460.287764,0.000355
3462.216575,0.000423
3464.145386,0.000398
3466.074198,0.000197
3468.003009,0.000130
3469.931821,0.000263
3471.860632,0.000273
3473.789444,0.000126
3475.718255,0.000058
3477.647067,0.000028
3479.575878,0.000009
3481.504690,0.000066
3483.433501,0.000079
3485.362313,0.000020
3487.291124,0.000102
3489.219935,0.000304
3491.148747,0.000414
3493.077558,0.000494
3495.006370,0.000540
3496.935181,0.000458
3498.863993,0.000334
3500.792804,0.000176
3502.721616,0.000106
3504.650427,0.000291
3506.579239,0.000537
3508.508050,0.000629
3510.436862,0.000760
3512.365673,0.001169
3514.294484,0.001555
3516.223296,0.001707
3518.152107,0.001857
3520.080919,0.001927
3522.009730,0.002026
3523.938542,0.002492
3525.867353,0.003166
3527.796165,0.004055
3529.724976,0.005249
3531.653788,0.006443
3533.582599,0.007358
3535.511411,0.007918
3537.440222,0.008289
3539.369034,0.008451
3541.297845,0.008074
3543.226656,0.007300
3545.155468,0.006850
3547.084279,0.007338
3549.013091,0.008522
3550.941902,0.009329
3552.870714,0.009461
3554.799525,0.009797
3556.728337,0.010528
3558.657148,0.011159
3560.585960,0.011633
3562.514771,0.011793
3564.443583,0.011211
3566.372394,0.010411
3568.301205,0.011113
3570.230017,0.013134
3572.158828,0.014142
3574.087640,0.013764
3576.016451,0.013147
3577.945263,0.012500
3579.874074,0.011423
3581.802886,0.009746
3583.731697,0.007785
3585.660509,0.006025
3587.589320,0.006095
3589.518132,0.008100
3591.446943,0.008300
3593.375754,0.006781
3595.304566,0.007066
3597.233377,0.008980
3599.162189,0.010686
3601.091000,0.011838
3603.019812,0.012499
3604.948623,0.012128
3606.877435,0.010350
3608.806246,0.008718
3610.735058,0.008183
3612.663869,0.007555
3614.592681,0.007018
3616.521492,0.006462
3618.450303,0.005246
3620.379115,0.005527
3622.307926,0.006957
3624.236738,0.006875
3626.165549,0.004746
3628.094361,0.001549
3630.023172,0.001714
3631.951984,0.005228
3633.880795,0.007221
3635.809607,0.008046
3637.738418,0.008839
3639.667230,0.008949
3641.596041,0.008608
3643.524852,0.007561
3645.453664,0.004899
3647.382475,0.001343
3649.311287,-0.000239
3651.240098,0.002191
3653.168910,0.005843
3655.097721,0.007017
3657.026533,0.007526
3658.955344,0.009485
3660.884156,0.010674
3662.812967,0.010668
3664.741779,0.010027
3666.670590,0.008154
3668.599401,0.004827
3670.528213,0.002554
3672.457024,0.002967
3674.385836,0.002171
3676.314647,0.002035
3678.243459,0.005832
3680.172270,0.008946
3682.101082,0.010099
3684.029893,0.010141
3685.958705,0.008338
3687.887516,0.005536
3689.816328,0.004735
3691.745139,0.007081
3693.673951,0.009856
3695.602762,0.011131
3697.531573,0.011290
3699.460385,0.010712
3701.389196,0.009759
3703.318008,0.009896
3705.246819,0.010441
3707.175631,0.009149
3709.104442,0.006781
3711.033254,0.005306
3712.962065,0.006278
3714.890877,0.008943
3716.819688,0.010279
3718.748500,0.009981
3720.677311,0.009200
3722.606122,0.008624
3724.534934,0.008483
3726.463745,0.008505
3728.392557,0.008554
3730.321368,0.007185
3732.250180,0.004154
3734.178991,0.002172
3736.107803,0.002709
3738.036614,0.004667
3739.965426,0.005849
3741.894237,0.004306
3743.823049,0.000630
3745.751860,-0.000395
3747.680671,0.000999
3749.609483,0.000343
3751.538294,0.000704
3753.467106,0.004327
3755.395917,0.007253
3757.324729,0.008037
3759.253540,0.007905
3761.182352,0.008839
3763.111163,0.009821
3765.039975,0.009281
3766.968786,0.008786
3768.897598,0.008742
3770.826409,0.009404
3772.755220,0.010941
3774.684032,0.011529
3776.612843,0.010943
3778.541655,0.010069
3780.470466,0.009923
3782.399278,0.010648
3784.328089,0.011020
3786.256901,0.011346
3788.185712,0.011966
3790.114524,0.011869
3792.043335,0.011311
3793.972147,0.010397
3795.900958,0.008545
3797.829769,0.007416
3799.758581,0.006428
3801.687392,0.004839
3803.616204,0.005931
3805.545015,0.007243
3807.473827,0.007519
3809.402638,0.009355
3811.331450,0.010411
3813.260261,0.009227
3815.189073,0.006531
3817.117884,0.004876
3819.046696,0.005007
3820.975507,0.004393
3822.904318,0.005939
3824.833130,0.008772
3826.761941,0.009256
3828.690753,0.009178
3830.619564,0.008445
3832.548376,0.006832
3834.477187,0.005926
3836.405999,0.004776
3838.334810,0.003825
3840.263622,0.004972
3842.192433,0.006989
3844.121245,0.008563
3846.050056,0.009625
3847.978867,0.009094
3849.907679,0.006345
3851.836490,0.002126
3853.765302,-0.000317
3855.694113,0.002892
3857.622925,0.007287
3859.551736,0.008193
3861.480548,0.007076
3863.409359,0.005639
3865.338171,0.004917
3867.266982,0.004989
3869.195794,0.003988
3871.124605,0.004047
3873.053417,0.005903
3874.982228,0.006580
3876.911039,0.006762
3878.839851,0.006055
3880.768662,0.004598
3882.697474,0.004780
3884.626285,0.004567
3886.555097,0.004161
3888.483908,0.005207
3890.412720,0.005103
3892.341531,0.004547
3894.270343,0.005272
3896.199154,0.005071
3898.127966,0.003094
3900.056777,0.001038
3901.985588,0.000285
3903.914400,0.001050
3905.843211,0.002976
3907.772023,0.004919
3909.700834,0.005634
3911.629646,0.005402
3913.558457,0.004910
3915.487269,0.003992
3917.416080,0.003108
3919.344892,0.003059
3921.273703,0.003365
3923.202515,0.003197
3925.131326,0.002771
3927.060137,0.002634
3928.988949,0.002575
3930.917760,0.002279
3932.846572,0.002222
3934.775383,0.002686
3936.704195,0.002883
3938.633006,0.002549
3940.561818,0.001914
3942.490629,0.001117
3944.419441,0.000970
3946.348252,0.001210
3948.277064,0.001031
3950.205875,0.000923
3952.134686,0.000990
3954.063498,0.000933
3955.992309,0.000752
3957.921121,0.000566
3959.849932,0.000501
3961.778744,0.000354
3963.707555,0.000175
3965.636367,0.000041
3967.565178,-0.000302
3969.493990,-0.000495
3971.422801,-0.000430
3973.351613,-0.000280
3975.280424,-0.000258
3977.209235,-0.000201
3979.138047,-0.000125
3981.066858,-0.000107
3982.995670,-0.000032
3984.924481,0.000006
3986.853293,-0.000001
3988.782104,0.000047
3990.710916,0.000015
3992.639727,-0.000062
3994.568539,-0.000047
3996.497350,-0.000086
3998.426162,-0.000100
4000.354973,0.000061
