898.826141,0.001448
900.754953,0.000766
902.683764,0.000661
904.612576,0.000249
906.541387,0.000920
908.470199,0.001519
910.399010,0.000793
912.327822,-0.000180
914.256633,-0.000305
916.185445,0.000336
918.114256,0.000278
920.043068,0.000026
921.971879,0.000654
923.900690,0.000682
925.829502,0.000029
927.758313,-0.000244
929.687125,-0.000264
931.615936,-0.000043
933.544748,0.000320
935.473559,0.000363
937.402371,-0.000132
939.331182,-0.000379
941.259994,0.000281
943.188805,0.000789
945.117617,0.000622
947.046428,0.000256
948.975240,0.000121
950.904051,0.000279
952.832862,0.000337
954.761674,0.000345
956.690485,0.000457
958.619297,0.000534
960.548108,0.000483
962.476920,0.000538
964.405731,0.000688
966.334543,0.000387
968.263354,-0.000031
970.192166,0.000024
972.120977,0.000195
974.049789,0.000300
975.978600,0.000301
977.907411,0.000351
979.836223,0.000481
981.765034,0.000359
983.693846,0.000202
985.622657,0.000166
987.551469,0.000197
989.480280,0.000375
991.409092,0.000431
993.337903,0.000377
995.266715,0.000369
997.195526,0.000203
999.124338,0.000083
1001.053149,0.000155
1002.981960,0.000142
1004.910772,0.000164
1006.839583,0.000297
1008.768395,0.000307
1010.697206,0.000320
1012.626018,0.000386
1014.554829,0.000381
1016.483641,0.000379
1018.412452,0.000325
1020.341264,0.000257
1022.270075,0.000284
1024.198887,0.000269
1026.127698,0.000252
1028.056509,0.000377
1029.985321,0.000544
1031.914132,0.000580
1033.842944,0.000550
1035.771755,0.000635
1037.700567,0.000693
1039.629378,0.000634
1041.558190,0.000658
1043.487001,0.000660
1045.415813,0.000580
1047.344624,0.000625
1049.273436,0.000543
1051.202247,0.000322
1053.131058,0.000258
1055.059870,0.000223
1056.988681,0.000139
1058.917493,0.000083
1060.846304,0.000007
1062.775116,-0.000001
1064.703927,0.000088
1066.632739,0.000080
1068.561550,-0.000014
1070.490362,0.000019
1072.419173,0.000155
1074.347985,0.000249
1076.276796,0.000289
1078.205607,0.000301
1080.134419,0.000266
1082.063230,0.000150
1083.992042,0.000048
1085.920853,0.000075
1087.849665,0.000137
1089.778476,0.000089
1091.707288,0.000019
1093.636099,0.000045
1095.564911,0.000034
1097.493722,-0.000020
1099.422534,0.000003
1101.351345,0.000037
1103.280156,0.000092
1105.208968,0.000133
1107.137779,0.000035
1109.066591,-0.000076
1110.995402,-0.000089
1112.924214,-0.000027
1114.853025,0.000055
1116.781837,0.000071
1118.710648,0.000035
1120.639460,-0.000004
1122.568271,0.000014
1124.497083,0.000054
1126.425894,-0.000029
1128.354706,-0.000143
1130.283517,-0.000126
1132.212328,-0.000097
1134.141140,-0.000161
1136.069951,-0.000197
1137.998763,-0.000167
1139.927574,-0.000169
1141.856386,-0.000184
1143.785197,-0.000129
1145.714009,-0.000118
1147.642820,-0.000209
1149.571632,-0.000210
1151.500443,-0.000123
1153.429255,-0.000033
1155.358066,0.000057
1157.286877,0.000074
1159.215689,0.000067
1161.144500,0.000083
1163.073312,0.000111
1165.002123,0.000173
1166.930935,0.000210
1168.859746,0.000241
1170.788558,0.000295
1172.717369,0.000233
1174.646181,0.000121
1176.574992,0.000159
1178.503804,0.000302
1180.432615,0.000447
1182.361426,0.000468
1184.290238,0.000410
1186.219049,0.000482
1188.147861,0.000610
1190.076672,0.000791
1192.005484,0.001016
1193.934295,0.001033
1195.863107,0.000919
1197.791918,0.000817
1199.720730,0.000683
1201.649541,0.000662
1203.578353,0.000715
1205.507164,0.000705
1207.435975,0.000725
1209.364787,0.000815
1211.293598,0.001064
1213.222410,0.001292
1215.151221,0.001518
1217.080033,0.001922
1219.008844,0.002225
1220.937656,0.002754
1222.866467,0.003406
1224.795279,0.003882
1226.724090,0.004953
1228.652902,0.006292
1230.581713,0.007612
1232.510524,0.009536
1234.439336,0.011570
1236.368147,0.013940
1238.296959,0.017299
1240.225770,0.021017
1242.154582,0.025778
1244.083393,0.032055
1246.012205,0.038984
1247.941016,0.046595
1249.869828,0.053874
1251.798639,0.059219
1253.727451,0.060222
1255.656262,0.056890
1257.585073,0.054372
1259.513885,0.056089
1261.442696,0.063596
1263.371508,0.068545
1265.300319,0.061505
1267.229131,0.056025
1269.157942,0.060365
1271.086754,0.063489
1273.015565,0.060273
1274.944377,0.052887
1276.873188,0.044179
1278.802000,0.037111
1280.730811,0.031976
1282.659622,0.027623
1284.588434,0.023716
1286.517245,0.020623
1288.446057,0.017629
1290.374868,0.014924
1292.303680,0.012947
1294.232491,0.011021
1296.161303,0.009611
1298.090114,0.008788
1300.018926,0.008182
1301.947737,0.007839
1303.876549,0.007471
1305.805360,0.007273
1307.734172,0.007461
1309.662983,0.007652
1311.591794,0.007556
1313.520606,0.007275
1315.449417,0.006779
1317.378229,0.006175
1319.307040,0.005557
1321.235852,0.004819
1323.164663,0.004771
1325.093475,0.005119
1327.022286,0.004443
1328.951098,0.003619
1330.879909,0.003492
1332.808721,0.003314
1334.737532,0.003184
1336.666343,0.003253
1338.595155,0.003225
1340.523966,0.003019
1342.452778,0.002564
1344.381589,0.002033
1346.310401,0.001490
1348.239212,0.000991
1350.168024,0.000546
1352.096835,0.000191
1354.025647,0.000034
1355.954458,-0.000011
1357.883270,-0.000054
1359.812081,-0.000129
1361.740892,-0.000189
1363.669704,-0.000195
1365.598515,-0.000208
1367.527327,-0.000229
1369.456138,-0.000213
1371.384950,-0.000088
1373.313761,-0.000061
1375.242573,-0.000120
1377.171384,0.000024
1379.100196,0.000146
1381.029007,0.000114
1382.957819,0.000211
1384.886630,0.000487
1386.815441,0.000733
1388.744253,0.000916
1390.673064,0.001098
1392.601876,0.001180
1394.530687,0.001131
1396.459499,0.001105
1398.388310,0.001093
1400.317122,0.001020
1402.245933,0.001025
1404.174745,0.000980
1406.103556,0.000785
1408.032368,0.000736
1409.961179,0.000791
1411.889990,0.000774
1413.818802,0.000739
1415.747613,0.000815
1417.676425,0.000940
1419.605236,0.000904
1421.534048,0.000899
1423.462859,0.000993
1425.391671,0.000961
1427.320482,0.000828
1429.249294,0.000692
1431.178105,0.000640
1433.106917,0.000757
1435.035728,0.000853
1436.964539,0.000701
1438.893351,0.000580
1440.822162,0.000602
1442.750974,0.000549
1444.679785,0.000520
1446.608597,0.000586
1448.537408,0.000578
1450.466220,0.000469
1452.395031,0.000403
1454.323843,0.000471
1456.252654,0.000490
1458.181466,0.000383
1460.110277,0.000444
1462.039089,0.000534
1463.967900,0.000491
1465.896711,0.000433
1467.825523,0.000393
1469.754334,0.000263
1471.683146,0.000115
1473.611957,0.000191
1475.540769,0.000312
1477.469580,0.000282
1479.398392,0.000170
1481.327203,0.000138
1483.256015,0.000198
1485.184826,0.000138
1487.113638,0.000080
1489.042449,0.000176
1490.971260,0.000169
1492.900072,0.000112
1494.828883,0.000105
1496.757695,0.000038
1498.686506,0.000021
1500.615318,0.000140
1502.544129,0.000198
1504.472941,0.000146
1506.401752,0.000123
1508.330564,0.000240
1510.259375,0.000308
1512.188187,0.000274
1514.116998,0.000274
1516.045809,0.000195
1517.974621,0.000085
1519.903432,0.000076
1521.832244,0.000044
1523.761055,0.000114
1525.689867,0.000199
1527.618678,0.000171
1529.547490,0.000184
1531.476301,0.000231
1533.405113,0.000215
1535.333924,0.000300
1537.262736,0.000261
1539.191547,0.000170
1541.120358,0.000217
1543.049170,0.000548
1544.977981,0.001060
1546.906793,0.001457
1548.835604,0.001970
1550.764416,0.002759
1552.693227,0.003665
1554.622039,0.005087
1556.550850,0.006969
1558.479662,0.009899
1560.408473,0.014332
1562.337285,0.018828
1564.266096,0.024630
1566.194907,0.032270
1568.123719,0.041450
1570.052530,0.054461
1571.981342,0.069957
1573.910153,0.086813
1575.838965,0.110977
1577.767776,0.140352
1579.696588,0.170570
1581.625399,0.205714
1583.554211,0.244054
1585.483022,0.285487
1587.411834,0.330622
1589.340645,0.378964
1591.269456,0.429384
1593.198268,0.474013
1595.127079,0.506249
1597.055891,0.523455
1598.984702,0.529879
1600.913514,0.524415
1602.842325,0.510886
1604.771137,0.497064
1606.699948,0.477431
1608.628760,0.452037
1610.557571,0.413534
1612.486383,0.369067
1614.415194,0.322590
1616.344005,0.280171
1618.272817,0.320580
1620.201628,0.446190
1622.130440,0.580383
1624.059251,0.671066
1625.988063,0.722092
1627.916874,0.747517
1629.845686,0.734838
1631.774497,0.680637
1633.703309,0.605691
1635.632120,0.505730
1637.560932,0.415029
1639.489743,0.342839
1641.418555,0.264856
1643.347366,0.195735
1645.276177,0.141280
1647.204989,0.091166
1649.133800,0.057496
1651.062612,0.037384
1652.991423,0.019998
1654.920235,0.010572
1656.849046,0.007132
1658.777858,0.004284
1660.706669,0.002341
1662.635481,0.000910
1664.564292,-0.000054
1666.493104,-0.000321
1668.421915,-0.000050
1670.350726,0.000826
1672.279538,0.002117
1674.208349,0.003812
1676.137161,0.006035
1678.065972,0.008509
1679.994784,0.010898
1681.923595,0.012870
1683.852407,0.014310
1685.781218,0.014593
1687.710030,0.014116
1689.638841,0.012670
1691.567653,0.010782
1693.496464,0.008230
1695.425275,0.009284
1697.354087,0.019828
1699.282898,0.023235
1701.211710,0.011118
1703.140521,0.006389
1705.069333,0.010636
1706.998144,0.015668
1708.926956,0.020589
1710.855767,0.024951
1712.784579,0.027256
1714.713390,0.027838
1716.642202,0.027679
1718.571013,0.026829
1720.499824,0.025726
1722.428636,0.024912
1724.357447,0.024153
1726.286259,0.023779
1728.215070,0.024213
1730.143882,0.025637
1732.072693,0.027923
1734.001505,0.031790
1735.930316,0.036396
1737.859128,0.040168
1739.787939,0.043613
1741.716751,0.045994
1743.645562,0.046876
1745.574373,0.046476
1747.503185,0.045430
1749.431996,0.044690
1751.360808,0.044687
1753.289619,0.045097
1755.218431,0.045192
1757.147242,0.044320
1759.076054,0.041652
1761.004865,0.036120
1762.933677,0.028495
1764.862488,0.021917
1766.791300,0.015950
1768.720111,0.010624
1770.648922,0.006838
1772.577734,0.003892
1774.506545,0.002110
1776.435357,0.001076
1778.364168,0.000394
1780.292980,0.000063
1782.221791,0.000077
1784.150603,0.000321
1786.079414,0.000576
1788.008226,0.000888
1789.937037,0.001019
1791.865849,0.000711
1793.794660,0.000504
1795.723471,0.000624
1797.652283,0.000673
1799.581094,0.000529
1801.509906,0.000519
1803.438717,0.000918
1805.367529,0.001437
1807.296340,0.001772
1809.225152,0.001939
1811.153963,0.002162
1813.082775,0.002628
1815.011586,0.003166
1816.940398,0.003627
1818.869209,0.004018
1820.798021,0.004430
1822.726832,0.005052
1824.655643,0.005703
1826.584455,0.006242
1828.513266,0.006831
1830.442078,0.007260
1832.370889,0.007684
1834.299701,0.008374
1836.228512,0.009126
1838.157324,0.009717
1840.086135,0.010193
1842.014947,0.011064
1843.943758,0.011829
1845.872570,0.011588
1847.801381,0.011176
1849.730192,0.011026
1851.659004,0.010833
1853.587815,0.010542
1855.516627,0.010130
1857.445438,0.009591
1859.374250,0.009002
1861.303061,0.008078
1863.231873,0.006861
1865.160684,0.005431
1867.089496,0.003725
1869.018307,0.002077
1870.947119,0.000398
1872.875930,0.002077
1874.804741,0.006459
1876.733553,0.004698
1878.662364,-0.000204
1880.591176,0.000128
1882.519987,0.002667
1884.448799,0.004867
1886.377610,0.007273
1888.306422,0.009399
1890.235233,0.011286
1892.164045,0.012706
1894.092856,0.014106
1896.021668,0.015330
1897.950479,0.016113
1899.879290,0.016823
1901.808102,0.017243
1903.736913,0.017417
1905.665725,0.017409
1907.594536,0.017144
1909.523348,0.016656
1911.452159,0.015997
1913.380971,0.015225
1915.309782,0.014174
1917.238594,0.012910
1919.167405,0.011965
1921.096217,0.011304
1923.025028,0.010334
1924.953839,0.009114
1926.882651,0.007975
1928.811462,0.006926
1930.740274,0.005928
1932.669085,0.004979
1934.597897,0.004119
1936.526708,0.003343
1938.455520,0.002662
1940.384331,0.002056
1942.313143,0.001532
1944.241954,0.001132
1946.170766,0.000816
1948.099577,0.000573
1950.028388,0.000358
1951.957200,0.000200
1953.886011,0.000116
1955.814823,0.000095
1957.743634,0.000111
1959.672446,0.000104
1961.601257,0.000149
1963.530069,0.000209
1965.458880,0.000140
1967.387692,0.000094
1969.316503,0.000071
1971.245315,0.000062
1973.174126,0.000048
1975.102938,0.000016
1977.031749,-0.000000
1978.960560,0.000027
1980.889372,0.000048
1982.818183,0.000014
1984.746995,-0.000034
1986.675806,-0.000042
1988.604618,-0.000005
1990.533429,0.000028
1992.462241,0.000044
1994.391052,0.000031
1996.319864,-0.000039
1998.248675,-0.000043
2000.177487,0.000055
2002.106298,0.000074
2004.035109,0.000013
2005.963921,-0.000018
2007.892732,-0.000030
2009.821544,-0.000017
2011.750355,-0.000004
2013.679167,0.000008
2015.607978,0.000047
2017.536790,0.000039
2019.465601,0.000017
2021.394413,0.000034
2023.323224,0.000016
2025.252036,-0.000013
2027.180847,-0.000004
2029.109658,-0.000011
2031.038470,-0.000020
2032.967281,0.000011
2034.896093,-0.000008
2036.824904,-0.000068
2038.753716,-0.000041
2040.682527,0.000036
2042.611339,0.000065
2044.540150,0.000043
2046.468962,0.000011
2048.397773,-0.000023
2050.326585,-0.000086
2052.255396,-0.000105
2054.184207,-0.000002
2056.113019,0.000073
2058.041830,0.000028
2059.970642,-0.000002
2061.899453,-0.000032
2063.828265,-0.000103
2065.757076,-0.000134
2067.685888,-0.000168
2069.614699,-0.000186
2071.543511,-0.000139
2073.472322,-0.000101
2075.401134,-0.000082
2077.329945,-0.000066
2079.258756,-0.000016
2081.187568,0.000015
2083.116379,-0.000037
2085.045191,-0.000028
2086.974002,0.000009
2088.902814,-0.000047
2090.831625,-0.000125
2092.760437,-0.000147
2094.689248,-0.000145
2096.618060,-0.000149
2098.546871,-0.000121
2100.475683,-0.000108
2102.404494,-0.000078
2104.333305,-0.000009
2106.262117,-0.000065
2108.190928,-0.000135
2110.119740,-0.000073
2112.048551,-0.000013
2113.977363,-0.000006
2115.906174,-0.000049
2117.834986,-0.000082
2119.763797,-0.000016
2121.692609,0.000052
2123.621420,0.000023
2125.550232,-0.000055
2127.479043,-0.000112
2129.407854,-0.000125
2131.336666,-0.000114
2133.265477,-0.000113
2135.194289,-0.000139
2137.123100,-0.000151
2139.051912,-0.000119
2140.980723,-0.000113
2142.909535,-0.000135
2144.838346,-0.000130
2146.767158,-0.000129
2148.695969,-0.000117
2150.624781,-0.000057
2152.553592,-0.000037
2154.482404,-0.000037
2156.411215,-0.000002
2158.340026,-0.000024
2160.268838,-0.000092
2162.197649,-0.000145
2164.126461,-0.000161
2166.055272,-0.000115
2167.984084,-0.000093
2169.912895,-0.000100
2171.841707,-0.000063
2173.770518,-0.000014
2175.699330,0.000016
2177.628141,0.000052
2179.556953,0.000074
2181.485764,0.000039
2183.414575,0.000009
2185.343387,-0.000010
2187.272198,-0.000040
2189.201010,-0.000034
2191.129821,-0.000033
2193.058633,-0.000013
2194.987444,0.000018
2196.916256,0.000015
2198.845067,0.000072
2200.773879,0.000127
2202.702690,0.000117
2204.631502,0.000141
2206.560313,0.000183
2208.489124,0.000188
2210.417936,0.000208
2212.346747,0.000209
2214.275559,0.000253
2216.204370,0.000334
2218.133182,0.000388
2220.061993,0.000367
2221.990805,0.000331
2223.919616,0.000383
2225.848428,0.000470
2227.777239,0.000587
2229.706051,0.000792
2231.634862,0.000950
2233.563673,0.001022
2235.492485,0.001077
2237.421296,0.001110
2239.350108,0.001174
2241.278919,0.001241
2243.207731,0.001224
2245.136542,0.001184
2247.065354,0.001197
2248.994165,0.001224
2250.922977,0.001199
2252.851788,0.001161
2254.780600,0.001186
2256.709411,0.001299
2258.638222,0.001401
2260.567034,0.001406
2262.495845,0.001458
2264.424657,0.001557
2266.353468,0.001583
2268.282280,0.001658
2270.211091,0.001781
2272.139903,0.001847
2274.068714,0.001895
2275.997526,0.001953
2277.926337,0.002066
2279.855149,0.002168
2281.783960,0.002197
2283.712771,0.002289
2285.641583,0.002387
2287.570394,0.002380
2289.499206,0.002342
2291.428017,0.002299
2293.356829,0.002278
2295.285640,0.002322
2297.214452,0.002426
2299.143263,0.002527
2301.072075,0.002531
2303.000886,0.002480
2304.929698,0.002463
2306.858509,0.002481
2308.787320,0.002514
2310.716132,0.002494
2312.644943,0.002401
2314.573755,0.002321
2316.502566,0.002181
2318.431378,0.001946
2320.360189,0.001771
2322.289001,0.001605
2324.217812,0.001373
2326.146624,0.001222
2328.075435,0.001195
2330.004247,0.001136
2331.933058,0.001019
2333.861870,0.001004
2335.790681,0.001027
2337.719492,0.000979
2339.648304,0.000981
2341.577115,0.001077
2343.505927,0.001254
2345.434738,0.001634
2347.363550,0.002201
2349.292361,0.002461
2351.221173,0.002031
2353.149984,0.001309
2355.078796,0.000855
2357.007607,0.000592
2358.936419,0.000198
2360.865230,0.000012
2362.794041,-0.000003
2364.722853,0.000039
2366.651664,0.000157
2368.580476,0.000356
2370.509287,0.000586
2372.438099,0.000878
2374.366910,0.001295
2376.295722,0.001667
2378.224533,0.001858
2380.153345,0.001961
2382.082156,0.001987
2384.010968,0.001892
2385.939779,0.001723
2387.868590,0.001552
2389.797402,0.001368
2391.726213,0.001201
2393.655025,0.001084
2395.583836,0.000923
2397.512648,0.000747
2399.441459,0.000604
2401.370271,0.000502
2403.299082,0.000450
2405.227894,0.000277
2407.156705,0.000039
2409.085517,-0.000062
2411.014328,0.000009
2412.943139,0.000032
2414.871951,0.000055
2416.800762,0.000040
2418.729574,0.000007
2420.658385,0.000021
2422.587197,-0.000006
2424.516008,-0.000080
2426.444820,-0.000063
2428.373631,0.000035
2430.302443,0.000071
2432.231254,0.000023
2434.160066,-0.000006
2436.088877,-0.000024
2438.017688,-0.000045
2439.946500,0.000007
2441.875311,0.000078
2443.804123,0.000060
2445.732934,0.000000
2447.661746,-0.000007
2449.590557,0.000038
2451.519369,0.000103
2453.448180,0.000139
2455.376992,0.000104
2457.305803,0.000087
2459.234615,0.000142
2461.163426,0.000171
2463.092237,0.000147
2465.021049,0.000147
2466.949860,0.000190
2468.878672,0.000237
2470.807483,0.000297
2472.736295,0.000383
2474.665106,0.000445
2476.593918,0.000456
2478.522729,0.000456
2480.451541,0.000467
2482.380352,0.000415
2484.309164,0.000326
2486.237975,0.000326
2488.166786,0.000354
2490.095598,0.000391
2492.024409,0.000481
2493.953221,0.000429
2495.882032,0.000270
2497.810844,0.000296
2499.739655,0.000402
2501.668467,0.000445
2503.597278,0.000551
2505.526090,0.000642
2507.454901,0.000590
2509.383713,0.000548
2511.312524,0.000549
2513.241336,0.000449
2515.170147,0.000310
2517.098958,0.000228
2519.027770,0.000166
2520.956581,0.000103
2522.885393,0.000072
2524.814204,0.000093
2526.743016,0.000128
2528.671827,0.000132
2530.600639,0.000110
2532.529450,0.000052
2534.458262,-0.000000
2536.387073,0.000010
2538.315885,0.000013
2540.244696,-0.000012
2542.173507,-0.000009
2544.102319,-0.000020
2546.031130,-0.000053
2547.959942,-0.000066
2549.888753,-0.000097
2551.817565,-0.000109
2553.746376,-0.000028
2555.675188,0.000026
2557.603999,-0.000043
2559.532811,-0.000082
2561.461622,0.000007
2563.390434,0.000082
2565.319245,0.000054
2567.248056,0.000032
2569.176868,0.000054
2571.105679,0.000067
2573.034491,0.000058
2574.963302,0.000058
2576.892114,0.000116
2578.820925,0.000166
2580.749737,0.000109
2582.678548,0.000030
2584.607360,0.000044
2586.536171,0.000101
2588.464983,0.000125
2590.393794,0.000159
2592.322605,0.000186
2594.251417,0.000082
2596.180228,-0.000103
2598.109040,-0.000152
2600.037851,0.000010
2601.966663,0.000164
2603.895474,0.000182
2605.824286,0.000156
2607.753097,0.000112
2609.681909,0.000105
2611.610720,0.000136
2613.539532,0.000176
2615.468343,0.000287
2617.397154,0.000332
2619.325966,0.000337
2621.254777,0.000492
2623.183589,0.000623
2625.112400,0.000637
2627.041212,0.000666
2628.970023,0.000709
2630.898835,0.000708
2632.827646,0.000659
2634.756458,0.000621
2636.685269,0.000612
2638.614081,0.000596
2640.542892,0.000535
2642.471703,0.000395
2644.400515,0.000265
2646.329326,0.000227
2648.258138,0.000175
2650.186949,0.000065
2652.115761,0.000010
2654.044572,0.000001
2655.973384,0.000021
2657.902195,0.000088
2659.831007,0.000120
2661.759818,0.000097
2663.688630,0.000033
2665.617441,0.000001
2667.546253,-0.000008
2669.475064,-0.000062
2671.403875,-0.000073
2673.332687,-0.000068
2675.261498,-0.000053
2677.190310,-0.000008
2679.119121,-0.000016
2681.047933,-0.000039
2682.976744,-0.000029
2684.905556,0.000034
2686.834367,0.000036
2688.763179,-0.000021
2690.691990,0.000015
2692.620802,-0.000002
2694.549613,-0.000039
2696.478424,0.000020
2698.407236,0.000048
2700.336047,0.000075
2702.264859,0.000086
2704.193670,0.000052
2706.122482,0.000041
2708.051293,-0.000017
2709.980105,-0.000062
2711.908916,-0.000010
2713.837728,0.000022
2715.766539,0.000038
2717.695351,0.000060
2719.624162,0.000009
2721.552973,0.000018
2723.481785,0.000119
2725.410596,0.000112
2727.339408,0.000012
2729.268219,-0.000048
2731.197031,0.000004
2733.125842,0.000084
2735.054654,0.000110
2736.983465,0.000101
2738.912277,-0.000016
2740.841088,-0.000098
2742.769900,-0.000004
2744.698711,0.000069
2746.627522,0.000090
2748.556334,0.000119
2750.485145,0.000095
2752.413957,0.000082
2754.342768,0.000116
2756.271580,0.000097
2758.200391,0.000072
2760.129203,0.000106
2762.058014,0.000098
2763.986826,0.000117
2765.915637,0.000201
2767.844449,0.000160
2769.773260,0.000011
2771.702071,-0.000061
2773.630883,0.000004
2775.559694,0.000136
2777.488506,0.000141
2779.417317,-0.000009
2781.346129,-0.000049
2783.274940,0.000089
2785.203752,0.000141
2787.132563,0.000038
2789.061375,-0.000006
2790.990186,0.000045
2792.918998,0.000011
2794.847809,-0.000039
2796.776620,0.000024
2798.705432,0.000068
2800.634243,0.000097
2802.563055,0.000137
2804.491866,0.000047
2806.420678,-0.000042
2808.349489,0.000010
2810.278301,0.000024
2812.207112,0.000019
2814.135924,0.000108
2816.064735,0.000136
2817.993547,0.000089
2819.922358,0.000074
2821.851169,0.000119
2823.779981,0.000196
2825.708792,0.000141
2827.637604,0.000082
2829.566415,0.000185
2831.495227,0.000255
2833.424038,0.000299
2835.352850,0.000346
2837.281661,0.000346
2839.210473,0.000460
2841.139284,0.000625
2843.068096,0.000704
2844.996907,0.000793
2846.925719,0.000974
2848.854530,0.001259
2850.783341,0.001579
2852.712153,0.001894
2854.640964,0.002338
2856.569776,0.002935
2858.498587,0.003585
2860.427399,0.004359
2862.356210,0.005293
2864.285022,0.006398
2866.213833,0.007760
2868.142645,0.009296
2870.071456,0.011054
2872.000268,0.013087
2873.929079,0.015250
2875.857890,0.017539
2877.786702,0.019893
2879.715513,0.022271
2881.644325,0.024630
2883.573136,0.026679
2885.501948,0.028287
2887.430759,0.029567
2889.359571,0.030442
2891.288382,0.030687
2893.217194,0.030208
2895.146005,0.028996
2897.074817,0.027268
2899.003628,0.025088
2900.932439,0.022632
2902.861251,0.019880
2904.790062,0.016244
2906.718874,0.014972
2908.647685,0.020403
2910.576497,0.029708
2912.505308,0.037934
2914.434120,0.044041
2916.362931,0.047655
2918.291743,0.048266
2920.220554,0.046122
2922.149366,0.041680
2924.078177,0.035304
2926.006988,0.027741
2927.935800,0.020182
2929.864611,0.013358
2931.793423,0.007755
2933.722234,0.003732
2935.651046,0.001336
2937.579857,0.000323
2939.508669,0.000069
2941.437480,0.000037
2943.366292,-0.000012
2945.295103,-0.000032
2947.223915,0.000022
2949.152726,0.000112
2951.081537,0.000281
2953.010349,0.000421
2954.939160,0.000465
2956.867972,0.000568
2958.796783,0.000690
2960.725595,0.000729
2962.654406,0.000857
2964.583218,0.001075
2966.512029,0.001121
2968.440841,0.001036
2970.369652,0.001010
2972.298464,0.001073
2974.227275,0.001200
2976.156086,0.001211
2978.084898,0.001115
2980.013709,0.001143
2981.942521,0.001090
2983.871332,0.000812
2985.800144,0.000563
2987.728955,0.000423
2989.657767,0.000341
2991.586578,0.000222
2993.515390,0.000129
2995.444201,0.000138
2997.373013,0.000145
2999.301824,0.000180
3001.230635,0.000137
3003.159447,0.000069
3005.088258,0.000157
3007.017070,0.000187
3008.945881,0.000120
3010.874693,0.000084
3012.803504,0.000056
3014.732316,0.000039
3016.661127,0.000022
3018.589939,0.000027
3020.518750,-0.000012
3022.447562,-0.000020
3024.376373,0.000038
3026.305185,0.000030
3028.233996,0.000035
3030.162807,0.000028
3032.091619,-0.000023
3034.020430,-0.000025
3035.949242,-0.000018
3037.878053,-0.000007
3039.806865,-0.000048
3041.735676,-0.000066
3043.664488,0.000069
3045.593299,0.000094
3047.522111,-0.000051
3049.450922,-0.000032
3051.379734,0.000105
3053.308545,0.000096
3055.237356,0.000010
3057.166168,0.000024
3059.094979,0.000066
3061.023791,0.000075
3062.952602,0.000128
3064.881414,0.000108
3066.810225,0.000031
3068.739037,0.000043
3070.667848,0.000011
3072.596660,-0.000013
3074.525471,0.000069
3076.454283,0.000108
3078.383094,0.000068
3080.311905,0.000007
3082.240717,0.000058
3084.169528,0.000209
3086.098340,0.000229
3088.027151,0.000123
3089.955963,0.000038
3091.884774,0.000052
3093.813586,0.000143
3095.742397,0.000239
3097.671209,0.000353
3099.600020,0.000469
3101.528832,0.000545
3103.457643,0.000623
3105.386454,0.000747
3107.315266,0.000847
3109.244077,0.000812
3111.172889,0.000729
3113.101700,0.000717
3115.030512,0.000766
3116.959323,0.000798
3118.888135,0.000695
3120.816946,0.000593
3122.745758,0.000601
3124.674569,0.000593
3126.603381,0.000602
3128.532192,0.000588
3130.461003,0.000449
3132.389815,0.000270
3134.318626,0.000133
3136.247438,0.000113
3138.176249,0.000182
3140.105061,0.000228
3142.033872,0.000199
3143.962684,0.000056
3145.891495,-0.000094
3147.820307,-0.000085
3149.749118,0.000008
3151.677930,-0.000014
3153.606741,-0.000074
3155.535552,0.000049
3157.464364,0.000160
3159.393175,0.000038
3161.321987,-0.000026
3163.250798,0.000015
3165.179610,0.000028
3167.108421,0.000105
3169.037233,0.000080
3170.966044,0.000059
3172.894856,0.000204
3174.823667,0.000194
3176.752479,0.000122
3178.681290,0.000078
3180.610102,-0.000003
3182.538913,0.000049
3184.467724,0.000046
3186.396536,-0.000027
3188.325347,0.000039
3190.254159,0.000113
3192.182970,0.000161
3194.111782,0.000239
3196.040593,0.000258
3197.969405,0.000197
3199.898216,0.000179
3201.827028,0.000157
3203.755839,0.000097
3205.684651,0.000182
3207.613462,0.000277
3209.542273,0.000175
3211.471085,0.000092
3213.399896,0.000180
3215.328708,0.000250
3217.257519,0.000195
3219.186331,0.000144
3221.115142,0.000120
3223.043954,0.000092
3224.972765,0.000062
3226.901577,-0.000008
3228.830388,-0.000013
3230.759200,0.000087
3232.688011,0.000132
3234.616822,0.000158
3236.545634,0.000253
3238.474445,0.000264
3240.403257,0.000248
3242.332068,0.000295
3244.260880,0.000300
3246.189691,0.000405
3248.118503,0.000523
3250.047314,0.000340
3251.976126,0.000112
3253.904937,0.000211
3255.833749,0.000382
3257.762560,0.000229
3259.691371,-0.000006
3261.620183,0.000039
3263.548994,0.000233
3265.477806,0.000305
3267.406617,0.000213
3269.335429,0.000193
3271.264240,0.000317
3273.193052,0.000400
3275.121863,0.000362
3277.050675,0.000273
3278.979486,0.000265
3280.908298,0.000275
3282.837109,0.000142
3284.765920,-0.000078
3286.694732,-0.000244
3288.623543,-0.000280
3290.552355,-0.000158
3292.481166,0.000006
3294.409978,0.000068
3296.338789,-0.000004
3298.267601,-0.000088
3300.196412,-0.000069
3302.125224,-0.000067
3304.054035,-0.000148
3305.982847,-0.000159
3307.911658,-0.000161
3309.840469,-0.000078
3311.769281,0.000097
3313.698092,0.000133
3315.626904,0.000231
3317.555715,0.000283
3319.484527,0.000017
3321.413338,-0.000156
3323.342150,-0.000038
3325.270961,0.000079
3327.199773,0.000016
3329.128584,0.000005
3331.057396,0.000218
3332.986207,0.000371
3334.915018,0.000447
3336.843830,0.000555
3338.772641,0.000508
3340.701453,0.000352
3342.630264,0.000373
3344.559076,0.000665
3346.487887,0.000945
3348.416699,0.000951
3350.345510,0.000954
3352.274322,0.001134
3354.203133,0.001222
3356.131945,0.001282
3358.060756,0.001512
3359.989568,0.001597
3361.918379,0.001438
3363.847190,0.001376
3365.776002,0.001381
3367.704813,0.001378
3369.633625,0.001582
3371.562436,0.001740
3373.491248,0.001563
3375.420059,0.001371
3377.348871,0.001316
3379.277682,0.001426
3381.206494,0.001751
3383.135305,0.002001
3385.064117,0.002125
3386.992928,0.002190
3388.921739,0.002115
3390.850551,0.002082
3392.779362,0.002096
3394.708174,0.002010
3396.636985,0.001947
3398.565797,0.001997
3400.494608,0.002053
3402.423420,0.002020
3404.352231,0.001946
3406.281043,0.001747
3408.209854,0.001550
3410.138666,0.001611
3412.067477,0.001707
3413.996288,0.001814
3415.925100,0.001873
3417.853911,0.001655
3419.782723,0.001468
3421.711534,0.001347
3423.640346,0.001248
3425.569157,0.001341
3427.497969,0.001386
3429.426780,0.001432
3431.355592,0.001553
3433.284403,0.001497
3435.213215,0.001501
3437.142026,0.001651
3439.070837,0.001626
3440.999649,0.001543
3442.928460,0.001469
3444.857272,0.001390
3446.786083,0.001509
3448.714895,0.001576
3450.643706,0.001493
3452.572518,0.001430
3454.501329,0.001306
3456.430141,0.001252
3458.358952,0.001146
3460.287764,0.000967
3462.216575,0.001067
3464.145386,0.001126
3466.074198,0.000896
3468.003009,0.000648
3469.931821,0.000542
3471.860632,0.000542
3473.789444,0.000520
3475.718255,0.000482
3477.647067,0.000354
3479.575878,0.000208
3481.504690,0.000256
3483.433501,0.000213
3485.362313,0.000048
3487.291124,0.000128
3489.219935,0.000273
3491.148747,0.000245
3493.077558,0.000204
3495.006370,0.000170
3496.935181,0.000096
3498.863993,-0.000026
3500.792804,-0.000032
3502.721616,0.000110
3504.650427,0.000112
3506.579239,0.000116
3508.508050,0.000307
3510.436862,0.000387
3512.365673,0.000503
3514.294484,0.000573
3516.223296,0.000409
3518.152107,0.000426
3520.080919,0.000477
3522.009730,0.000512
3523.938542,0.000758
3525.867353,0.000910
3527.796165,0.001057
3529.724976,0.001270
3531.653788,0.001408
3533.582599,0.001540
3535.511411,0.001604
3537.440222,0.001724
3539.369034,0.001834
3541.297845,0.001808
3543.226656,0.001871
3545.155468,0.001998
3547.084279,0.002278
3549.013091,0.002649
3550.941902,0.002823
3552.870714,0.003020
3554.799525,0.003306
3556.728337,0.003707
3558.657148,0.004474
3560.585960,0.005252
3562.514771,0.005817
3564.443583,0.006637
3566.372394,0.007577
3568.301205,0.008263
3570.230017,0.009016
3572.158828,0.009610
3574.087640,0.009597
3576.016451,0.009419
3577.945263,0.009322
3579.874074,0.008739
3581.802886,0.007563
3583.731697,0.006582
3585.660509,0.006593
3587.589320,0.007998
3589.518132,0.008991
3591.446943,0.007345
3593.375754,0.005441
3595.304566,0.005896
3597.233377,0.007356
3599.162189,0.008671
3601.091000,0.009693
3603.019812,0.010183
3604.948623,0.010302
3606.877435,0.009887
3608.806246,0.009095
3610.735058,0.008242
3612.663869,0.007276
3614.592681,0.006278
3616.521492,0.005358
3618.450303,0.004623
3620.379115,0.003965
3622.307926,0.003311
3624.236738,0.002881
3626.165549,0.002575
3628.094361,0.002129
3630.023172,0.001699
3631.951984,0.001437
3633.880795,0.001239
3635.809607,0.001132
3637.738418,0.001160
3639.667230,0.001333
3641.596041,0.001414
3643.524852,0.001208
3645.453664,0.001092
3647.382475,0.001123
3649.311287,0.000911
3651.240098,0.000663
3653.168910,0.000604
3655.097721,0.000535
3657.026533,0.000506
3658.955344,0.000620
3660.884156,0.000606
3662.812967,0.000402
3664.741779,0.000286
3666.670590,0.000351
3668.599401,0.000442
3670.528213,0.000357
3672.457024,0.000242
3674.385836,0.000173
3676.314647,-0.000043
3678.243459,-0.000171
3680.172270,-0.000075
3682.101082,-0.000005
3684.029893,0.000074
3685.958705,0.000195
3687.887516,0.000118
3689.816328,-0.000086
3691.745139,-0.000025
3693.673951,0.000143
3695.602762,0.000082
3697.531573,-0.000008
3699.460385,0.000048
3701.389196,0.000013
3703.318008,-0.000115
3705.246819,-0.000145
3707.175631,-0.000122
3709.104442,-0.000001
3711.033254,0.000032
3712.962065,-0.000200
3714.890877,-0.000231
3716.819688,-0.000124
3718.748500,-0.000074
3720.677311,0.000091
3722.606122,0.000062
3724.534934,-0.000144
3726.463745,-0.000120
3728.392557,0.000007
3730.321368,0.000084
3732.250180,0.000124
3734.178991,0.000205
3736.107803,0.000340
3738.036614,0.000253
3739.965426,0.000117
3741.894237,0.000400
3743.823049,0.000653
3745.751860,0.000367
3747.680671,0.000302
3749.609483,0.000355
3751.538294,0.000141
3753.467106,0.000213
3755.395917,0.000422
3757.324729,0.000428
3759.253540,0.000359
3761.182352,0.000292
3763.111163,0.000306
3765.039975,0.000385
3766.968786,0.000330
3768.897598,0.000163
3770.826409,0.000180
3772.755220,0.000262
3774.684032,0.000156
3776.612843,0.000084
3778.541655,0.000119
3780.470466,0.000154
3782.399278,0.000143
3784.328089,0.000065
3786.256901,0.000135
3788.185712,0.000258
3790.114524,0.000158
3792.043335,0.000070
3793.972147,0.000064
3795.900958,-0.000022
3797.829769,-0.000002
3799.758581,0.000040
3801.687392,-0.000085
3803.616204,-0.000016
3805.545015,0.000213
3807.473827,0.000232
3809.402638,0.000127
3811.331450,0.000142
3813.260261,0.000277
3815.189073,0.000281
3817.117884,0.000092
3819.046696,0.000052
3820.975507,0.000175
3822.904318,0.000203
3824.833130,0.000134
3826.761941,0.000187
3828.690753,0.000385
3830.619564,0.000404
3832.548376,0.000314
3834.477187,0.000458
3836.405999,0.000467
3838.334810,0.000145
3840.263622,0.000077
3842.192433,0.000212
3844.121245,0.000186
3846.050056,0.000111
3847.978867,0.000093
3849.907679,0.000226
3851.836490,0.000418
3853.765302,0.000239
3855.694113,-0.000020
3857.622925,0.000074
3859.551736,0.000050
3861.480548,-0.000154
3863.409359,-0.000090
3865.338171,0.000107
3867.266982,0.000202
3869.195794,0.000276
3871.124605,0.000330
3873.053417,0.000423
3874.982228,0.000459
3876.911039,0.000295
3878.839851,0.000204
3880.768662,0.000229
3882.697474,0.000216
3884.626285,0.000177
3886.555097,0.000008
3888.483908,-0.000019
3890.412720,0.000177
3892.341531,0.000182
3894.270343,0.000158
3896.199154,0.000231
3898.127966,0.000198
3900.056777,0.000129
3901.985588,0.000093
3903.914400,0.000088
3905.843211,0.000042
3907.772023,-0.000040
3909.700834,-0.000049
3911.629646,-0.000006
3913.558457,0.000040
3915.487269,0.000115
3917.416080,0.000189
3919.344892,0.000178
3921.273703,0.000115
3923.202515,-0.000005
3925.131326,-0.000101
3927.060137,-0.000109
3928.988949,-0.000178
3930.917760,-0.000187
3932.846572,-0.000119
3934.775383,-0.000103
3936.704195,0.000025
3938.633006,0.000123
3940.561818,-0.000031
3942.490629,-0.000150
3944.419441,-0.000043
3946.348252,0.000098
3948.277064,0.000155
3950.205875,0.000068
3952.134686,-0.000090
3954.063498,-0.000127
3955.992309,-0.000060
3957.921121,0.000002
3959.849932,-0.000024
3961.778744,0.000006
3963.707555,0.000113
3965.636367,0.000007
3967.565178,-0.000221
3969.493990,-0.000198
3971.422801,0.000060
3973.351613,0.000120
3975.280424,-0.000036
3977.209235,-0.000092
3979.138047,-0.000081
3981.066858,0.000032
3982.995670,0.000082
3984.924481,-0.000106
3986.853293,-0.000149
3988.782104,-0.000011
3990.710916,-0.000004
3992.639727,-0.000073
3994.568539,-0.000096
3996.497350,-0.000135
3998.426162,-0.000187
4000.354973,-0.000164
