898.826141,0.001703
900.754953,0.000862
902.683764,0.000154
904.612576,0.000323
906.541387,0.001008
908.470199,0.000613
910.399010,-0.000067
912.327822,-0.000231
914.256633,-0.000534
916.185445,-0.000347
918.114256,0.000057
920.043068,0.000178
921.971879,0.000288
923.900690,-0.000089
925.829502,-0.000310
927.758313,-0.000030
929.687125,0.000169
931.615936,0.000340
933.544748,0.000474
935.473559,0.000696
937.402371,0.000392
939.331182,-0.000379
941.259994,-0.000065
943.188805,0.000655
945.117617,0.000757
947.046428,0.000516
948.975240,0.000118
950.904051,-0.000021
952.832862,0.000219
954.761674,0.000468
956.690485,0.000545
958.619297,0.000451
960.548108,0.000424
962.476920,0.000551
964.405731,0.000631
966.334543,0.000555
968.263354,0.000160
970.192166,-0.000184
972.120977,0.000076
974.049789,0.000504
975.978600,0.000545
977.907411,0.000422
979.836223,0.000374
981.765034,0.000414
983.693846,0.000335
985.622657,0.000120
987.551469,0.000126
989.480280,0.000405
991.409092,0.000647
993.337903,0.000535
995.266715,0.000292
997.195526,0.000304
999.124338,0.000385
1001.053149,0.000445
1002.981960,0.000419
1004.910772,0.000259
1006.839583,0.000233
1008.768395,0.000236
1010.697206,0.000197
1012.626018,0.000259
1014.554829,0.000393
1016.483641,0.000495
1018.412452,0.000406
1020.341264,0.000377
1022.270075,0.000481
1024.198887,0.000425
1026.127698,0.000430
1028.056509,0.000611
1029.985321,0.000750
1031.914132,0.000837
1033.842944,0.000859
1035.771755,0.000766
1037.700567,0.000721
1039.629378,0.000822
1041.558190,0.000924
1043.487001,0.000917
1045.415813,0.000823
1047.344624,0.000723
1049.273436,0.000557
1051.202247,0.000368
1053.131058,0.000343
1055.059870,0.000360
1056.988681,0.000342
1058.917493,0.000309
1060.846304,0.000255
1062.775116,0.000153
1064.703927,0.000049
1066.632739,0.000052
1068.561550,0.000097
1070.490362,0.000110
1072.419173,0.000169
1074.347985,0.000216
1076.276796,0.000242
1078.205607,0.000332
1080.134419,0.000377
1082.063230,0.000289
1083.992042,0.000210
1085.920853,0.000270
1087.849665,0.000344
1089.778476,0.000295
1091.707288,0.000191
1093.636099,0.000080
1095.564911,0.000007
1097.493722,0.000069
1099.422534,0.000185
1101.351345,0.000235
1103.280156,0.000197
1105.208968,0.000112
1107.137779,0.000057
1109.066591,0.000016
1110.995402,-0.000032
1112.924214,-0.000040
1114.853025,-0.000009
1116.781837,0.000048
1118.710648,0.000059
1120.639460,-0.000028
1122.568271,-0.000069
1124.497083,0.000013
1126.425894,0.000077
1128.354706,0.000055
1130.283517,-0.000004
1132.212328,-0.000127
1134.141140,-0.000253
1136.069951,-0.000226
1137.998763,-0.000146
1139.927574,-0.000160
1141.856386,-0.000163
1143.785197,-0.000109
1145.714009,-0.000073
1147.642820,-0.000078
1149.571632,-0.000064
1151.500443,-0.000009
1153.429255,0.000091
1155.358066,0.000202
1157.286877,0.000256
1159.215689,0.000287
1161.144500,0.000341
1163.073312,0.000413
1165.002123,0.000480
1166.930935,0.000519
1168.859746,0.000563
1170.788558,0.000639
1172.717369,0.000620
1174.646181,0.000545
1176.574992,0.000645
1178.503804,0.000827
1180.432615,0.000970
1182.361426,0.001028
1184.290238,0.001021
1186.219049,0.001137
1188.147861,0.001348
1190.076672,0.001585
1192.005484,0.001800
1193.934295,0.001855
1195.863107,0.001757
1197.791918,0.001618
1199.720730,0.001531
1201.649541,0.001548
1203.578353,0.001602
1205.507164,0.001595
1207.435975,0.001605
1209.364787,0.001791
1211.293598,0.002147
1213.222410,0.002417
1215.151221,0.002750
1217.080033,0.003290
1219.008844,0.003706
1220.937656,0.004386
1222.866467,0.005213
1224.795279,0.005863
1226.724090,0.007144
1228.652902,0.008709
1230.581713,0.010343
1232.510524,0.012767
1234.439336,0.015415
1236.368147,0.018626
1238.296959,0.023293
1240.225770,0.028842
1242.154582,0.036159
1244.083393,0.046067
1246.012205,0.057596
1247.941016,0.070503
1249.869828,0.083276
1251.798639,0.092947
1253.727451,0.095837
1255.656262,0.092017
1257.585073,0.089528
1259.513885,0.094531
1261.442696,0.104834
1263.371508,0.107237
1265.300319,0.096438
1267.229131,0.091545
1269.157942,0.098759
1271.086754,0.102108
1273.015565,0.094553
1274.944377,0.080041
1276.873188,0.064234
1278.802000,0.051878
1280.730811,0.043510
1282.659622,0.037275
1284.588434,0.032182
1286.517245,0.028335
1288.446057,0.024850
1290.374868,0.021792
1292.303680,0.019517
1294.232491,0.017341
1296.161303,0.015812
1298.090114,0.014983
1300.018926,0.014452
1301.947737,0.014108
1303.876549,0.013568
1305.805360,0.013349
1307.734172,0.013787
1309.662983,0.014217
1311.591794,0.014133
1313.520606,0.013715
1315.449417,0.012966
1317.378229,0.011923
1319.307040,0.010806
1321.235852,0.009679
1323.164663,0.009791
1325.093475,0.010376
1327.022286,0.009025
1328.951098,0.007512
1330.879909,0.007259
1332.808721,0.007006
1334.737532,0.006971
1336.666343,0.007033
1338.595155,0.006644
1340.523966,0.006159
1342.452778,0.005578
1344.381589,0.004786
1346.310401,0.003841
1348.239212,0.002960
1350.168024,0.002222
1352.096835,0.001565
1354.025647,0.001143
1355.954458,0.000958
1357.883270,0.000734
1359.812081,0.000384
1361.740892,0.000122
1363.669704,0.000103
1365.598515,0.000211
1367.527327,0.000203
1369.456138,0.000139
1371.384950,0.000225
1373.313761,0.000140
1375.242573,-0.000020
1377.171384,0.000197
1379.100196,0.000440
1381.029007,0.000546
1382.957819,0.000675
1384.886630,0.000804
1386.815441,0.000905
1388.744253,0.001172
1390.673064,0.001522
1392.601876,0.001572
1394.530687,0.001494
1396.459499,0.001557
1398.388310,0.001532
1400.317122,0.001628
1402.245933,0.001846
1404.174745,0.001703
1406.103556,0.001503
1408.032368,0.001572
1409.961179,0.001678
1411.889990,0.001733
1413.818802,0.001772
1415.747613,0.001825
1417.676425,0.001660
1419.605236,0.001543
1421.534048,0.001843
1423.462859,0.002005
1425.391671,0.002070
1427.320482,0.002219
1429.249294,0.002185
1431.178105,0.002180
1433.106917,0.002287
1435.035728,0.002052
1436.964539,0.001827
1438.893351,0.002178
1440.822162,0.002435
1442.750974,0.002425
1444.679785,0.002402
1446.608597,0.002353
1448.537408,0.002386
1450.466220,0.002395
1452.395031,0.002280
1454.323843,0.001956
1456.252654,0.001241
1458.181466,0.001260
1460.110277,0.002195
1462.039089,0.002563
1463.967900,0.002265
1465.896711,0.002230
1467.825523,0.002477
1469.754334,0.002197
1471.683146,0.001493
1473.611957,0.001417
1475.540769,0.001810
1477.469580,0.002080
1479.398392,0.002230
1481.327203,0.002302
1483.256015,0.002416
1485.184826,0.002311
1487.113638,0.001935
1489.042449,0.001697
1490.971260,0.001834
1492.900072,0.002091
1494.828883,0.001881
1496.757695,0.001446
1498.686506,0.001548
1500.615318,0.001942
1502.544129,0.001967
1504.472941,0.001164
1506.401752,0.000179
1508.330564,0.000666
1510.259375,0.001336
1512.188187,0.001490
1514.116998,0.001407
1516.045809,0.001008
1517.974621,0.000677
1519.903432,0.000296
1521.832244,0.000009
1523.761055,0.000463
1525.689867,0.000786
1527.618678,0.000890
1529.547490,0.001115
1531.476301,0.000970
1533.405113,0.000704
1535.333924,0.001073
1537.262736,0.001047
1539.191547,0.000216
1541.120358,0.000494
1543.049170,0.001438
1544.977981,0.002472
1546.906793,0.003386
1548.835604,0.004148
1550.764416,0.005180
1552.693227,0.006405
1554.622039,0.008142
1556.550850,0.009953
1558.479662,0.012865
1560.408473,0.019453
1562.337285,0.026464
1564.266096,0.034447
1566.194907,0.044694
1568.123719,0.056696
1570.052530,0.073959
1571.981342,0.095021
1573.910153,0.117293
1575.838965,0.148976
1577.767776,0.188328
1579.696588,0.228455
1581.625399,0.274305
1583.554211,0.323434
1585.483022,0.375629
1587.411834,0.432642
1589.340645,0.494214
1591.269456,0.559145
1593.198268,0.616254
1595.127079,0.655031
1597.055891,0.672705
1598.984702,0.677019
1600.913514,0.666089
1602.842325,0.646451
1604.771137,0.629787
1606.699948,0.608006
1608.628760,0.580283
1610.557571,0.534048
1612.486383,0.478533
1614.415194,0.419573
1616.344005,0.366896
1618.272817,0.419736
1620.201628,0.582351
1622.130440,0.754233
1624.059251,0.862885
1625.988063,0.926492
1627.916874,0.962225
1629.845686,0.948322
1631.774497,0.875136
1633.703309,0.773763
1635.632120,0.642957
1637.560932,0.529152
1639.489743,0.439160
1641.418555,0.342065
1643.347366,0.255420
1645.276177,0.185160
1647.204989,0.120146
1649.133800,0.076498
1651.062612,0.049223
1652.991423,0.025041
1654.920235,0.013122
1656.849046,0.009303
1658.777858,0.005770
1660.706669,0.003120
1662.635481,0.001125
1664.564292,0.000187
1666.493104,-0.000007
1668.421915,-0.000035
1670.350726,0.001061
1672.279538,0.002872
1674.208349,0.004797
1676.137161,0.007627
1678.065972,0.011001
1679.994784,0.013920
1681.923595,0.015921
1683.852407,0.017294
1685.781218,0.018463
1687.710030,0.018845
1689.638841,0.017564
1691.567653,0.015729
1693.496464,0.012608
1695.425275,0.013582
1697.354087,0.026049
1699.282898,0.029684
1701.211710,0.015670
1703.140521,0.010900
1705.069333,0.016110
1706.998144,0.022211
1708.926956,0.028634
1710.855767,0.034689
1712.784579,0.037818
1714.713390,0.038303
1716.642202,0.038330
1718.571013,0.038515
1720.499824,0.038715
1722.428636,0.038901
1724.357447,0.039177
1726.286259,0.040010
1728.215070,0.041867
1730.143882,0.045168
1732.072693,0.049254
1734.001505,0.056199
1735.930316,0.065198
1737.859128,0.072255
1739.787939,0.078323
1741.716751,0.082611
1743.645562,0.084265
1745.574373,0.083523
1747.503185,0.081429
1749.431996,0.079783
1751.360808,0.079735
1753.289619,0.080704
1755.218431,0.080884
1757.147242,0.079139
1759.076054,0.074218
1761.004865,0.064189
1762.933677,0.050723
1764.862488,0.039109
1766.791300,0.028370
1768.720111,0.018834
1770.648922,0.011820
1772.577734,0.006409
1774.506545,0.003431
1776.435357,0.001740
1778.364168,0.000457
1780.292980,-0.000134
1782.221791,-0.000127
1784.150603,0.000116
1786.079414,0.000415
1788.008226,0.000865
1789.937037,0.000841
1791.865849,0.000204
1793.794660,0.000044
1795.723471,0.000389
1797.652283,0.000410
1799.581094,-0.000024
1801.509906,-0.000169
1803.438717,0.000417
1805.367529,0.001104
1807.296340,0.001446
1809.225152,0.001572
1811.153963,0.001750
1813.082775,0.002196
1815.011586,0.002760
1816.940398,0.003262
1818.869209,0.003701
1820.798021,0.004121
1822.726832,0.004580
1824.655643,0.005106
1826.584455,0.005716
1828.513266,0.006227
1830.442078,0.006640
1832.370889,0.007336
1834.299701,0.008226
1836.228512,0.009083
1838.157324,0.009826
1840.086135,0.010423
1842.014947,0.011102
1843.943758,0.011590
1845.872570,0.011522
1847.801381,0.011326
1849.730192,0.011187
1851.659004,0.010986
1853.587815,0.010700
1855.516627,0.010337
1857.445438,0.009816
1859.374250,0.009200
1861.303061,0.008237
1863.231873,0.007003
1865.160684,0.005533
1867.089496,0.003602
1869.018307,0.001797
1870.947119,0.000250
1872.875930,0.002195
1874.804741,0.006907
1876.733553,0.005042
1878.662364,-0.000223
1880.591176,0.000074
1882.519987,0.002745
1884.448799,0.005107
1886.377610,0.007639
1888.306422,0.009719
1890.235233,0.011661
1892.164045,0.013304
1894.092856,0.014877
1896.021668,0.016184
1897.950479,0.016981
1899.879290,0.017687
1901.808102,0.018099
1903.736913,0.018261
1905.665725,0.018253
1907.594536,0.017979
1909.523348,0.017491
1911.452159,0.016872
1913.380971,0.016097
1915.309782,0.014874
1917.238594,0.013367
1919.167405,0.012390
1921.096217,0.011789
1923.025028,0.010771
1924.953839,0.009556
1926.882651,0.008420
1928.811462,0.007253
1930.740274,0.006141
1932.669085,0.005111
1934.597897,0.004156
1936.526708,0.003315
1938.455520,0.002649
1940.384331,0.001993
1942.313143,0.001332
1944.241954,0.000899
1946.170766,0.000600
1948.099577,0.000346
1950.028388,0.000136
1951.957200,-0.000047
1953.886011,-0.000149
1955.814823,-0.000136
1957.743634,-0.000086
1959.672446,-0.000075
1961.601257,-0.000018
1963.530069,0.000016
1965.458880,-0.000013
1967.387692,-0.000071
1969.316503,-0.000061
1971.245315,-0.000012
1973.174126,0.000019
1975.102938,-0.000061
1977.031749,-0.000160
1978.960560,-0.000106
1980.889372,-0.000050
1982.818183,-0.000125
1984.746995,-0.000167
1986.675806,-0.000174
1988.604618,-0.000177
1990.533429,-0.000144
1992.462241,-0.000119
1994.391052,-0.000081
1996.319864,-0.000080
1998.248675,-0.000114
2000.177487,-0.000100
2002.106298,-0.000096
2004.035109,-0.000081
2005.963921,-0.000039
2007.892732,-0.000060
2009.821544,-0.000083
2011.750355,-0.000058
2013.679167,-0.000051
2015.607978,-0.000082
2017.536790,-0.000094
2019.465601,-0.000074
2021.394413,-0.000070
2023.323224,-0.000059
2025.252036,-0.000063
2027.180847,-0.000095
2029.109658,-0.000122
2031.038470,-0.000147
2032.967281,-0.000103
2034.896093,-0.000074
2036.824904,-0.000124
2038.753716,-0.000084
2040.682527,0.000009
2042.611339,-0.000000
2044.540150,-0.000038
2046.468962,-0.000026
2048.397773,-0.000031
2050.326585,-0.000067
2052.255396,-0.000059
2054.184207,-0.000023
2056.113019,-0.000028
2058.041830,-0.000058
2059.970642,-0.000069
2061.899453,-0.000084
2063.828265,-0.000142
2065.757076,-0.000205
2067.685888,-0.000218
2069.614699,-0.000158
2071.543511,-0.000076
2073.472322,-0.000050
2075.401134,-0.000064
2077.329945,-0.000102
2079.258756,-0.000093
2081.187568,-0.000015
2083.116379,-0.000011
2085.045191,-0.000035
2086.974002,-0.000023
2088.902814,-0.000047
2090.831625,-0.000071
2092.760437,-0.000103
2094.689248,-0.000147
2096.618060,-0.000127
2098.546871,-0.000072
2100.475683,-0.000054
2102.404494,-0.000038
2104.333305,0.000008
2106.262117,-0.000012
2108.190928,-0.000047
2110.119740,-0.000011
2112.048551,-0.000014
2113.977363,-0.000019
2115.906174,0.000033
2117.834986,0.000064
2119.763797,0.000093
2121.692609,0.000094
2123.621420,0.000029
2125.550232,-0.000017
2127.479043,-0.000011
2129.407854,0.000034
2131.336666,0.000049
2133.265477,-0.000005
2135.194289,-0.000035
2137.123100,-0.000027
2139.051912,-0.000013
2140.980723,-0.000032
2142.909535,-0.000075
2144.838346,-0.000066
2146.767158,-0.000057
2148.695969,-0.000054
2150.624781,-0.000003
2152.553592,0.000030
2154.482404,0.000053
2156.411215,0.000104
2158.340026,0.000116
2160.268838,0.000078
2162.197649,0.000049
2164.126461,0.000070
2166.055272,0.000112
2167.984084,0.000115
2169.912895,0.000108
2171.841707,0.000117
2173.770518,0.000127
2175.699330,0.000176
2177.628141,0.000233
2179.556953,0.000222
2181.485764,0.000203
2183.414575,0.000218
2185.343387,0.000194
2187.272198,0.000145
2189.201010,0.000141
2191.129821,0.000171
2193.058633,0.000212
2194.987444,0.000240
2196.916256,0.000269
2198.845067,0.000343
2200.773879,0.000411
2202.702690,0.000428
2204.631502,0.000494
2206.560313,0.000596
2208.489124,0.000649
2210.417936,0.000651
2212.346747,0.000678
2214.275559,0.000730
2216.204370,0.000787
2218.133182,0.000786
2220.061993,0.000697
2221.990805,0.000641
2223.919616,0.000698
2225.848428,0.000788
2227.777239,0.000920
2229.706051,0.001130
2231.634862,0.001292
2233.563673,0.001389
2235.492485,0.001478
2237.421296,0.001529
2239.350108,0.001532
2241.278919,0.001513
2243.207731,0.001501
2245.136542,0.001448
2247.065354,0.001407
2248.994165,0.001464
2250.922977,0.001446
2252.851788,0.001317
2254.780600,0.001281
2256.709411,0.001367
2258.638222,0.001457
2260.567034,0.001501
2262.495845,0.001526
2264.424657,0.001600
2266.353468,0.001699
2268.282280,0.001734
2270.211091,0.001791
2272.139903,0.001913
2274.068714,0.001977
2275.997526,0.002030
2277.926337,0.002109
2279.855149,0.002130
2281.783960,0.002156
2283.712771,0.002268
2285.641583,0.002381
2287.570394,0.002399
2289.499206,0.002303
2291.428017,0.002157
2293.356829,0.002115
2295.285640,0.002218
2297.214452,0.002340
2299.143263,0.002392
2301.072075,0.002402
2303.000886,0.002426
2304.929698,0.002461
2306.858509,0.002496
2308.787320,0.002497
2310.716132,0.002448
2312.644943,0.002384
2314.573755,0.002271
2316.502566,0.002070
2318.431378,0.001832
2320.360189,0.001644
2322.289001,0.001521
2324.217812,0.001404
2326.146624,0.001268
2328.075435,0.001174
2330.004247,0.001104
2331.933058,0.001026
2333.861870,0.001032
2335.790681,0.001070
2337.719492,0.001055
2339.648304,0.000997
2341.577115,0.000968
2343.505927,0.001188
2345.434738,0.001625
2347.363550,0.002029
2349.292361,0.002152
2351.221173,0.001791
2353.149984,0.001155
2355.078796,0.000683
2357.007607,0.000272
2358.936419,-0.000023
2360.865230,-0.000117
2362.794041,-0.000078
2364.722853,-0.000021
2366.651664,0.000133
2368.580476,0.000315
2370.509287,0.000458
2372.438099,0.000747
2374.366910,0.001210
2376.295722,0.001604
2378.224533,0.001783
2380.153345,0.001824
2382.082156,0.001853
2384.010968,0.001846
2385.939779,0.001725
2387.868590,0.001580
2389.797402,0.001433
2391.726213,0.001247
2393.655025,0.001139
2395.583836,0.001100
2397.512648,0.001002
2399.441459,0.000862
2401.370271,0.000821
2403.299082,0.000823
2405.227894,0.000676
2407.156705,0.000504
2409.085517,0.000451
2411.014328,0.000472
2412.943139,0.000471
2414.871951,0.000367
2416.800762,0.000196
2418.729574,0.000009
2420.658385,-0.000006
2422.587197,0.000030
2424.516008,-0.000020
2426.444820,-0.000042
2428.373631,0.000036
2430.302443,0.000078
2432.231254,0.000065
2434.160066,0.000052
2436.088877,0.000051
2438.017688,0.000063
2439.946500,0.000083
2441.875311,0.000061
2443.804123,-0.000009
2445.732934,-0.000066
2447.661746,-0.000078
2449.590557,-0.000033
2451.519369,0.000049
2453.448180,0.000089
2455.376992,0.000054
2457.305803,0.000044
2459.234615,0.000142
2461.163426,0.000191
2463.092237,0.000143
2465.021049,0.000194
2466.949860,0.000311
2468.878672,0.000353
2470.807483,0.000372
2472.736295,0.000432
2474.665106,0.000504
2476.593918,0.000521
2478.522729,0.000513
2480.451541,0.000499
2482.380352,0.000414
2484.309164,0.000370
2486.237975,0.000430
2488.166786,0.000428
2490.095598,0.000442
2492.024409,0.000623
2493.953221,0.000699
2495.882032,0.000530
2497.810844,0.000426
2499.739655,0.000454
2501.668467,0.000460
2503.597278,0.000537
2505.526090,0.000671
2507.454901,0.000707
2509.383713,0.000691
2511.312524,0.000625
2513.241336,0.000479
2515.170147,0.000343
2517.098958,0.000251
2519.027770,0.000185
2520.956581,0.000161
2522.885393,0.000192
2524.814204,0.000201
2526.743016,0.000166
2528.671827,0.000157
2530.600639,0.000137
2532.529450,0.000080
2534.458262,0.000069
2536.387073,0.000078
2538.315885,-0.000016
2540.244696,-0.000107
2542.173507,-0.000048
2544.102319,0.000021
2546.031130,0.000029
2547.959942,0.000006
2549.888753,-0.000033
2551.817565,-0.000007
2553.746376,0.000033
2555.675188,0.000022
2557.603999,-0.000002
2559.532811,-0.000000
2561.461622,0.000080
2563.390434,0.000157
2565.319245,0.000111
2567.248056,0.000040
2569.176868,0.000081
2571.105679,0.000170
2573.034491,0.000191
2574.963302,0.000191
2576.892114,0.000232
2578.820925,0.000283
2580.749737,0.000257
2582.678548,0.000175
2584.607360,0.000187
2586.536171,0.000240
2588.464983,0.000276
2590.393794,0.000335
2592.322605,0.000325
2594.251417,0.000264
2596.180228,0.000189
2598.109040,0.000090
2600.037851,0.000114
2601.966663,0.000247
2603.895474,0.000322
2605.824286,0.000271
2607.753097,0.000183
2609.681909,0.000198
2611.610720,0.000291
2613.539532,0.000463
2615.468343,0.000699
2617.397154,0.000858
2619.325966,0.000914
2621.254777,0.000942
2623.183589,0.001034
2625.112400,0.001140
2627.041212,0.001177
2628.970023,0.001236
2630.898835,0.001254
2632.827646,0.001185
2634.756458,0.001172
2636.685269,0.001178
2638.614081,0.001089
2640.542892,0.000955
2642.471703,0.000795
2644.400515,0.000590
2646.329326,0.000418
2648.258138,0.000311
2650.186949,0.000239
2652.115761,0.000177
2654.044572,0.000088
2655.973384,0.000049
2657.902195,0.000099
2659.831007,0.000156
2661.759818,0.000172
2663.688630,0.000121
2665.617441,0.000071
2667.546253,0.000029
2669.475064,-0.000046
2671.403875,-0.000084
2673.332687,-0.000106
2675.261498,-0.000099
2677.190310,-0.000035
2679.119121,-0.000002
2681.047933,-0.000011
2682.976744,-0.000041
2684.905556,-0.000027
2686.834367,0.000003
2688.763179,-0.000054
2690.691990,-0.000086
2692.620802,-0.000104
2694.549613,-0.000133
2696.478424,-0.000026
2698.407236,0.000061
2700.336047,0.000046
2702.264859,0.000065
2704.193670,0.000041
2706.122482,-0.000013
2708.051293,-0.000019
2709.980105,-0.000000
2711.908916,0.000069
2713.837728,0.000080
2715.766539,0.000001
2717.695351,-0.000004
2719.624162,0.000036
2721.552973,0.000030
2723.481785,0.000013
2725.410596,0.000003
2727.339408,-0.000001
2729.268219,0.000033
2731.197031,0.000104
2733.125842,0.000112
2735.054654,0.000041
2736.983465,0.000028
2738.912277,0.000003
2740.841088,-0.000082
2742.769900,0.000004
2744.698711,0.000108
2746.627522,-0.000039
2748.556334,-0.000158
2750.485145,-0.000091
2752.413957,-0.000010
2754.342768,0.000026
2756.271580,0.000041
2758.200391,0.000038
2760.129203,0.000001
2762.058014,0.000005
2763.986826,0.000085
2765.915637,0.000107
2767.844449,0.000052
2769.773260,0.000004
2771.702071,-0.000040
2773.630883,-0.000091
2775.559694,-0.000097
2777.488506,-0.000042
2779.417317,-0.000061
2781.346129,-0.000127
2783.274940,-0.000083
2785.203752,-0.000036
2787.132563,-0.000053
2789.061375,-0.000024
2790.990186,-0.000002
2792.918998,-0.000038
2794.847809,-0.000035
2796.776620,0.000029
2798.705432,0.000069
2800.634243,0.000033
2802.563055,-0.000033
2804.491866,-0.000074
2806.420678,-0.000099
2808.349489,-0.000151
2810.278301,-0.000211
2812.207112,-0.000134
2814.135924,0.000000
2816.064735,0.000003
2817.993547,-0.000016
2819.922358,-0.000051
2821.851169,-0.000062
2823.779981,0.000053
2825.708792,0.000070
2827.637604,0.000055
2829.566415,0.000151
2831.495227,0.000213
2833.424038,0.000307
2835.352850,0.000381
2837.281661,0.000367
2839.210473,0.000475
2841.139284,0.000650
2843.068096,0.000759
2844.996907,0.000938
2846.925719,0.001258
2848.854530,0.001647
2850.783341,0.002038
2852.712153,0.002463
2854.640964,0.003054
2856.569776,0.003813
2858.498587,0.004663
2860.427399,0.005692
2862.356210,0.006951
2864.285022,0.008462
2866.213833,0.010250
2868.142645,0.012317
2870.071456,0.014777
2872.000268,0.017452
2873.929079,0.020186
2875.857890,0.023234
2877.786702,0.026505
2879.715513,0.029680
2881.644325,0.032746
2883.573136,0.035543
2885.501948,0.037716
2887.430759,0.039358
2889.359571,0.040531
2891.288382,0.040885
2893.217194,0.040278
2895.146005,0.038702
2897.074817,0.036390
2899.003628,0.033477
2900.932439,0.030210
2902.861251,0.026418
2904.790062,0.021433
2906.718874,0.019827
2908.647685,0.027157
2910.576497,0.039553
2912.505308,0.050541
2914.434120,0.058626
2916.362931,0.063363
2918.291743,0.064266
2920.220554,0.061451
2922.149366,0.055456
2924.078177,0.047024
2926.006988,0.037019
2927.935800,0.026883
2929.864611,0.017778
2931.793423,0.010321
2933.722234,0.004982
2935.651046,0.001891
2937.579857,0.000514
2939.508669,0.000020
2941.437480,-0.000074
2943.366292,-0.000080
2945.295103,-0.000039
2947.223915,0.000066
2949.152726,0.000251
2951.081537,0.000576
2953.010349,0.000825
2954.939160,0.000950
2956.867972,0.001138
2958.796783,0.001331
2960.725595,0.001424
2962.654406,0.001597
2964.583218,0.001933
2966.512029,0.002086
2968.440841,0.001902
2970.369652,0.001766
2972.298464,0.001879
2974.227275,0.002013
2976.156086,0.002064
2978.084898,0.002058
2980.013709,0.001982
2981.942521,0.001818
2983.871332,0.001459
2985.800144,0.001025
2987.728955,0.000786
2989.657767,0.000708
2991.586578,0.000598
2993.515390,0.000408
2995.444201,0.000252
2997.373013,0.000206
2999.301824,0.000206
3001.230635,0.000181
3003.159447,0.000151
3005.088258,0.000132
3007.017070,0.000107
3008.945881,0.000141
3010.874693,0.000179
3012.803504,0.000175
3014.732316,0.000228
3016.661127,0.000287
3018.589939,0.000278
3020.518750,0.000196
3022.447562,0.000122
3024.376373,0.000169
3026.305185,0.000128
3028.233996,0.000060
3030.162807,0.000157
3032.091619,0.000193
3034.020430,0.000123
3035.949242,0.000117
3037.878053,0.000193
3039.806865,0.000227
3041.735676,0.000199
3043.664488,0.000246
3045.593299,0.000347
3047.522111,0.000416
3049.450922,0.000421
3051.379734,0.000358
3053.308545,0.000293
3055.237356,0.000289
3057.166168,0.000369
3059.094979,0.000419
3061.023791,0.000387
3062.952602,0.000378
3064.881414,0.000354
3066.810225,0.000286
3068.739037,0.000298
3070.667848,0.000291
3072.596660,0.000213
3074.525471,0.000341
3076.454283,0.000497
3078.383094,0.000411
3080.311905,0.000335
3082.240717,0.000368
3084.169528,0.000503
3086.098340,0.000657
3088.027151,0.000674
3089.955963,0.000683
3091.884774,0.000719
3093.813586,0.000706
3095.742397,0.000689
3097.671209,0.000769
3099.600020,0.000987
3101.528832,0.001199
3103.457643,0.001328
3105.386454,0.001461
3107.315266,0.001594
3109.244077,0.001602
3111.172889,0.001548
3113.101700,0.001590
3115.030512,0.001657
3116.959323,0.001602
3118.888135,0.001433
3120.816946,0.001411
3122.745758,0.001508
3124.674569,0.001379
3126.603381,0.001147
3128.532192,0.001047
3130.461003,0.000994
3132.389815,0.000863
3134.318626,0.000667
3136.247438,0.000611
3138.176249,0.000632
3140.105061,0.000497
3142.033872,0.000325
3143.962684,0.000196
3145.891495,0.000080
3147.820307,0.000119
3149.749118,0.000252
3151.677930,0.000267
3153.606741,0.000250
3155.535552,0.000269
3157.464364,0.000235
3159.393175,0.000237
3161.321987,0.000276
3163.250798,0.000196
3165.179610,0.000162
3167.108421,0.000257
3169.037233,0.000303
3170.966044,0.000403
3172.894856,0.000503
3174.823667,0.000370
3176.752479,0.000238
3178.681290,0.000229
3180.610102,0.000211
3182.538913,0.000187
3184.467724,0.000142
3186.396536,0.000151
3188.325347,0.000210
3190.254159,0.000213
3192.182970,0.000238
3194.111782,0.000335
3196.040593,0.000394
3197.969405,0.000334
3199.898216,0.000347
3201.827028,0.000406
3203.755839,0.000289
3205.684651,0.000262
3207.613462,0.000318
3209.542273,0.000202
3211.471085,0.000199
3213.399896,0.000367
3215.328708,0.000416
3217.257519,0.000359
3219.186331,0.000290
3221.115142,0.000230
3223.043954,0.000253
3224.972765,0.000334
3226.901577,0.000358
3228.830388,0.000353
3230.759200,0.000406
3232.688011,0.000471
3234.616822,0.000459
3236.545634,0.000423
3238.474445,0.000438
3240.403257,0.000504
3242.332068,0.000521
3244.260880,0.000497
3246.189691,0.000588
3248.118503,0.000582
3250.047314,0.000456
3251.976126,0.000433
3253.904937,0.000413
3255.833749,0.000500
3257.762560,0.000607
3259.691371,0.000461
3261.620183,0.000340
3263.548994,0.000418
3265.477806,0.000478
3267.406617,0.000449
3269.335429,0.000446
3271.264240,0.000530
3273.193052,0.000686
3275.121863,0.000726
3277.050675,0.000560
3278.979486,0.000392
3280.908298,0.000327
3282.837109,0.000362
3284.765920,0.000335
3286.694732,0.000212
3288.623543,0.000069
3290.552355,-0.000122
3292.481166,-0.000061
3294.409978,0.000130
3296.338789,0.000033
3298.267601,-0.000075
3300.196412,-0.000021
3302.125224,-0.000009
3304.054035,0.000013
3305.982847,0.000085
3307.911658,0.000034
3309.840469,-0.000042
3311.769281,-0.000001
3313.698092,0.000081
3315.626904,0.000254
3317.555715,0.000263
3319.484527,-0.000051
3321.413338,-0.000215
3323.342150,0.000068
3325.270961,0.000371
3327.199773,0.000222
3329.128584,0.000091
3331.057396,0.000247
3332.986207,0.000292
3334.915018,0.000329
3336.843830,0.000429
3338.772641,0.000461
3340.701453,0.000481
3342.630264,0.000549
3344.559076,0.000749
3346.487887,0.000996
3348.416699,0.001083
3350.345510,0.001051
3352.274322,0.001201
3354.203133,0.001395
3356.131945,0.001413
3358.060756,0.001565
3359.989568,0.001670
3361.918379,0.001470
3363.847190,0.001293
3365.776002,0.001238
3367.704813,0.001362
3369.633625,0.001666
3371.562436,0.001741
3373.491248,0.001532
3375.420059,0.001395
3377.348871,0.001329
3379.277682,0.001382
3381.206494,0.001730
3383.135305,0.002061
3385.064117,0.002237
3386.992928,0.002290
3388.921739,0.002127
3390.850551,0.002034
3392.779362,0.002074
3394.708174,0.002036
3396.636985,0.002091
3398.565797,0.002164
3400.494608,0.002023
3402.423420,0.001931
3404.352231,0.001927
3406.281043,0.001710
3408.209854,0.001543
3410.138666,0.001663
3412.067477,0.001799
3413.996288,0.001906
3415.925100,0.001899
3417.853911,0.001627
3419.782723,0.001385
3421.711534,0.001352
3423.640346,0.001327
3425.569157,0.001248
3427.497969,0.001308
3429.426780,0.001452
3431.355592,0.001438
3433.284403,0.001429
3435.213215,0.001680
3437.142026,0.001886
3439.070837,0.001772
3440.999649,0.001675
3442.928460,0.001685
3444.857272,0.001670
3446.786083,0.001707
3448.714895,0.001622
3450.643706,0.001473
3452.572518,0.001424
3454.501329,0.001391
3456.430141,0.001404
3458.358952,0.001223
3460.287764,0.000868
3462.216575,0.000761
3464.145386,0.000762
3466.074198,0.000582
3468.003009,0.000334
3469.931821,0.000327
3471.860632,0.000456
3473.789444,0.000414
3475.718255,0.000359
3477.647067,0.000290
3479.575878,0.000145
3481.504690,0.000165
3483.433501,0.000147
3485.362313,0.000020
3487.291124,0.000109
3489.219935,0.000149
3491.148747,0.000014
3493.077558,0.000018
3495.006370,0.000065
3496.935181,0.000014
3498.863993,-0.000167
3500.792804,-0.000340
3502.721616,-0.000216
3504.650427,0.000072
3506.579239,0.000132
3508.508050,0.000007
3510.436862,-0.000094
3512.365673,0.000030
3514.294484,0.000194
3516.223296,0.000249
3518.152107,0.000429
3520.080919,0.000571
3522.009730,0.000732
3523.938542,0.001090
3525.867353,0.001215
3527.796165,0.001216
3529.724976,0.001454
3531.653788,0.001837
3533.582599,0.002244
3535.511411,0.002451
3537.440222,0.002522
3539.369034,0.002575
3541.297845,0.002533
3543.226656,0.002571
3545.155468,0.002677
3547.084279,0.002919
3549.013091,0.003438
3550.941902,0.003840
3552.870714,0.004078
3554.799525,0.004478
3556.728337,0.005063
3558.657148,0.005885
3560.585960,0.006827
3562.514771,0.007615
3564.443583,0.008439
3566.372394,0.009329
3568.301205,0.010155
3570.230017,0.011070
3572.158828,0.011716
3574.087640,0.011800
3576.016451,0.011564
3577.945263,0.011195
3579.874074,0.010536
3581.802886,0.009345
3583.731697,0.008217
3585.660509,0.008054
3587.589320,0.009456
3589.518132,0.010680
3591.446943,0.008888
3593.375754,0.006573
3595.304566,0.007065
3597.233377,0.008959
3599.162189,0.010761
3601.091000,0.012073
3603.019812,0.012599
3604.948623,0.012553
3606.877435,0.011895
3608.806246,0.010961
3610.735058,0.009899
3612.663869,0.008717
3614.592681,0.007702
3616.521492,0.006723
3618.450303,0.005784
3620.379115,0.005030
3622.307926,0.004387
3624.236738,0.003902
3626.165549,0.003409
3628.094361,0.002594
3630.023172,0.002037
3631.951984,0.002035
3633.880795,0.001984
3635.809607,0.001974
3637.738418,0.002163
3639.667230,0.002305
3641.596041,0.002233
3643.524852,0.001923
3645.453664,0.001536
3647.382475,0.001192
3649.311287,0.000968
3651.240098,0.001122
3653.168910,0.001406
3655.097721,0.001311
3657.026533,0.001244
3658.955344,0.001430
3660.884156,0.001374
3662.812967,0.001301
3664.741779,0.001284
3666.670590,0.001045
3668.599401,0.000646
3670.528213,0.000245
3672.457024,0.000262
3674.385836,0.000277
3676.314647,-0.000011
3678.243459,0.000144
3680.172270,0.000614
3682.101082,0.000813
3684.029893,0.000824
3685.958705,0.000699
3687.887516,0.000347
3689.816328,0.000126
3691.745139,0.000316
3693.673951,0.000638
3695.602762,0.000706
3697.531573,0.000557
3699.460385,0.000545
3701.389196,0.000546
3703.318008,0.000470
3705.246819,0.000499
3707.175631,0.000441
3709.104442,0.000301
3711.033254,0.000197
3712.962065,0.000178
3714.890877,0.000407
3716.819688,0.000569
3718.748500,0.000565
3720.677311,0.000640
3722.606122,0.000597
3724.534934,0.000396
3726.463745,0.000310
3728.392557,0.000325
3730.321368,0.000224
3732.250180,-0.000005
3734.178991,-0.000024
3736.107803,0.000241
3738.036614,0.000412
3739.965426,0.000404
3741.894237,0.000391
3743.823049,0.000207
3745.751860,-0.000034
3747.680671,0.000061
3749.609483,0.000032
3751.538294,-0.000085
3753.467106,0.000172
3755.395917,0.000506
3757.324729,0.000685
3759.253540,0.000616
3761.182352,0.000640
3763.111163,0.000891
3765.039975,0.000826
3766.968786,0.000654
3768.897598,0.000717
3770.826409,0.000812
3772.755220,0.000885
3774.684032,0.000888
3776.612843,0.000831
3778.541655,0.000710
3780.470466,0.000608
3782.399278,0.000708
3784.328089,0.000850
3786.256901,0.000908
3788.185712,0.000920
3790.114524,0.000828
3792.043335,0.000737
3793.972147,0.000689
3795.900958,0.000559
3797.829769,0.000645
3799.758581,0.000715
3801.687392,0.000327
3803.616204,0.000250
3805.545015,0.000441
3807.473827,0.000344
3809.402638,0.000401
3811.331450,0.000675
3813.260261,0.000740
3815.189073,0.000396
3817.117884,0.000170
3819.046696,0.000353
3820.975507,0.000357
3822.904318,0.000409
3824.833130,0.000625
3826.761941,0.000650
3828.690753,0.000783
3830.619564,0.000845
3832.548376,0.000559
3834.477187,0.000477
3836.405999,0.000442
3838.334810,0.000059
3840.263622,0.000066
3842.192433,0.000436
3844.121245,0.000522
3846.050056,0.000625
3847.978867,0.000840
3849.907679,0.000799
3851.836490,0.000476
3853.765302,0.000009
3855.694113,-0.000076
3857.622925,0.000307
3859.551736,0.000546
3861.480548,0.000516
3863.409359,0.000416
3865.338171,0.000376
3867.266982,0.000444
3869.195794,0.000358
3871.124605,0.000257
3873.053417,0.000465
3874.982228,0.000622
3876.911039,0.000664
3878.839851,0.000661
3880.768662,0.000484
3882.697474,0.000464
3884.626285,0.000444
3886.555097,0.000236
3888.483908,0.000301
3890.412720,0.000331
3892.341531,0.000227
3894.270343,0.000374
3896.199154,0.000431
3898.127966,0.000297
3900.056777,0.000132
3901.985588,-0.000069
3903.914400,-0.000122
3905.843211,0.000016
3907.772023,0.000223
3909.700834,0.000374
3911.629646,0.000440
3913.558457,0.000426
3915.487269,0.000337
3917.416080,0.000295
3919.344892,0.000265
3921.273703,0.000227
3923.202515,0.000212
3925.131326,0.000088
3927.060137,0.000041
3928.988949,0.000170
3930.917760,0.000150
3932.846572,0.000114
3934.775383,0.000318
3936.704195,0.000454
3938.633006,0.000317
3940.561818,0.000026
3942.490629,-0.000140
3944.419441,0.000016
3946.348252,0.000201
3948.277064,0.000202
3950.205875,0.000098
3952.134686,-0.000033
3954.063498,-0.000029
3955.992309,0.000049
3957.921121,0.000043
3959.849932,0.000051
3961.778744,0.000134
3963.707555,0.000072
3965.636367,-0.000199
3967.565178,-0.000322
3969.493990,-0.000119
3971.422801,0.000119
3973.351613,0.000101
3975.280424,-0.000101
3977.209235,-0.000076
3979.138047,0.000141
3981.066858,0.000166
3982.995670,0.000123
3984.924481,0.000176
3986.853293,0.000172
3988.782104,0.000065
3990.710916,-0.000029
3992.639727,-0.000051
3994.568539,-0.000062
3996.497350,-0.000107
3998.426162,-0.000096
4000.354973,0.000008
