898.826141,-0.000112
900.754953,-0.000611
902.683764,-0.000660
904.612576,-0.000310
906.541387,0.000101
908.470199,-0.000036
910.399010,0.000007
912.327822,0.000082
914.256633,0.000196
916.185445,0.000749
918.114256,0.000911
920.043068,0.000528
921.971879,0.000397
923.900690,0.000613
925.829502,0.000578
927.758313,-0.000087
929.687125,-0.000103
931.615936,0.000309
933.544748,0.000470
935.473559,0.000608
937.402371,0.000265
939.331182,-0.000164
941.259994,0.000258
943.188805,0.000524
945.117617,0.000155
947.046428,-0.000073
948.975240,0.000077
950.904051,0.000223
952.832862,0.000119
954.761674,0.000133
956.690485,0.000265
958.619297,0.000178
960.548108,0.000023
962.476920,0.000156
964.405731,0.000356
966.334543,0.000135
968.263354,-0.000102
970.192166,-0.000006
972.120977,0.000148
974.049789,0.000153
975.978600,-0.000091
977.907411,-0.000190
979.836223,-0.000012
981.765034,0.000044
983.693846,-0.000103
985.622657,-0.000262
987.551469,-0.000184
989.480280,0.000016
991.409092,0.000028
993.337903,-0.000091
995.266715,-0.000186
997.195526,-0.000155
999.124338,-0.000039
1001.053149,0.000070
1002.981960,0.000145
1004.910772,0.000108
1006.839583,0.000029
1008.768395,-0.000070
1010.697206,-0.000151
1012.626018,-0.000060
1014.554829,0.000056
1016.483641,0.000074
1018.412452,0.000081
1020.341264,0.000123
1022.270075,0.000247
1024.198887,0.000335
1026.127698,0.000335
1028.056509,0.000414
1029.985321,0.000545
1031.914132,0.000665
1033.842944,0.000792
1035.771755,0.000843
1037.700567,0.000846
1039.629378,0.000893
1041.558190,0.000918
1043.487001,0.000778
1045.415813,0.000599
1047.344624,0.000527
1049.273436,0.000311
1051.202247,0.000029
1053.131058,-0.000005
1055.059870,0.000041
1056.988681,0.000031
1058.917493,0.000018
1060.846304,-0.000047
1062.775116,-0.000153
1064.703927,-0.000131
1066.632739,-0.000100
1068.561550,-0.000188
1070.490362,-0.000209
1072.419173,-0.000114
1074.347985,-0.000037
1076.276796,0.000025
1078.205607,0.000121
1080.134419,0.000182
1082.063230,0.000087
1083.992042,-0.000038
1085.920853,0.000007
1087.849665,0.000123
1089.778476,0.000138
1091.707288,0.000063
1093.636099,-0.000010
1095.564911,-0.000079
1097.493722,-0.000105
1099.422534,0.000012
1101.351345,0.000149
1103.280156,0.000178
1105.208968,0.000144
1107.137779,0.000044
1109.066591,-0.000049
1110.995402,-0.000048
1112.924214,-0.000040
1114.853025,-0.000074
1116.781837,-0.000067
1118.710648,-0.000011
1120.639460,-0.000056
1122.568271,-0.000153
1124.497083,-0.000102
1126.425894,-0.000020
1128.354706,-0.000039
1130.283517,-0.000059
1132.212328,-0.000132
1134.141140,-0.000238
1136.069951,-0.000198
1137.998763,-0.000081
1139.927574,-0.000067
1141.856386,-0.000098
1143.785197,-0.000060
1145.714009,-0.000002
1147.642820,-0.000007
1149.571632,0.000039
1151.500443,0.000160
1153.429255,0.000271
1155.358066,0.000381
1157.286877,0.000474
1159.215689,0.000570
1161.144500,0.000664
1163.073312,0.000689
1165.002123,0.000727
1166.930935,0.000814
1168.859746,0.000879
1170.788558,0.000980
1172.717369,0.001039
1174.646181,0.000982
1176.574992,0.001052
1178.503804,0.001261
1180.432615,0.001442
1182.361426,0.001511
1184.290238,0.001487
1186.219049,0.001584
1188.147861,0.001830
1190.076672,0.002144
1192.005484,0.002417
1193.934295,0.002481
1195.863107,0.002455
1197.791918,0.002384
1199.720730,0.002234
1201.649541,0.002255
1203.578353,0.002368
1205.507164,0.002362
1207.435975,0.002397
1209.364787,0.002585
1211.293598,0.002975
1213.222410,0.003394
1215.151221,0.003859
1217.080033,0.004446
1219.008844,0.004916
1220.937656,0.005749
1222.866467,0.006691
1224.795279,0.007381
1226.724090,0.008843
1228.652902,0.010690
1230.581713,0.012635
1232.510524,0.015487
1234.439336,0.018679
1236.368147,0.022717
1238.296959,0.028627
1240.225770,0.035889
1242.154582,0.045799
1244.083393,0.059575
1246.012205,0.076169
1247.941016,0.095034
1249.869828,0.113928
1251.798639,0.128521
1253.727451,0.133822
1255.656262,0.129533
1257.585073,0.126968
1259.513885,0.135721
1261.442696,0.148878
1263.371508,0.147775
1265.300319,0.133119
1267.229131,0.129422
1269.157942,0.139585
1271.086754,0.142896
1273.015565,0.130410
1274.944377,0.107713
1276.873188,0.083845
1278.802000,0.065671
1280.730811,0.053843
1282.659622,0.045587
1284.588434,0.039292
1286.517245,0.034780
1288.446057,0.030815
1290.374868,0.027504
1292.303680,0.025199
1294.232491,0.022856
1296.161303,0.021046
1298.090114,0.020119
1300.018926,0.019729
1301.947737,0.019563
1303.876549,0.019055
1305.805360,0.018790
1307.734172,0.019275
1309.662983,0.019827
1311.591794,0.019721
1313.520606,0.019171
1315.449417,0.018236
1317.378229,0.016814
1319.307040,0.015218
1321.235852,0.013784
1323.164663,0.014104
1325.093475,0.014838
1327.022286,0.012732
1328.951098,0.010482
1330.879909,0.010190
1332.808721,0.009939
1334.737532,0.009789
1336.666343,0.009744
1338.595155,0.009300
1340.523966,0.008896
1342.452778,0.008216
1344.381589,0.006998
1346.310401,0.005618
1348.239212,0.004411
1350.168024,0.003348
1352.096835,0.002416
1354.025647,0.001773
1355.954458,0.001428
1357.883270,0.001160
1359.812081,0.000588
1361.740892,-0.000033
1363.669704,-0.000007
1365.598515,0.000302
1367.527327,0.000205
1369.456138,0.000091
1371.384950,0.000112
1373.313761,-0.000205
1375.242573,-0.000289
1377.171384,0.000095
1379.100196,0.000272
1381.029007,0.000363
1382.957819,0.000534
1384.886630,0.000478
1386.815441,0.000311
1388.744253,0.000614
1390.673064,0.001037
1392.601876,0.000724
1394.530687,0.000361
1396.459499,0.000461
1398.388310,0.000485
1400.317122,0.000837
1402.245933,0.001319
1404.174745,0.001124
1406.103556,0.001042
1408.032368,0.001384
1409.961179,0.001577
1411.889990,0.001672
1413.818802,0.001807
1415.747613,0.001707
1417.676425,0.001036
1419.605236,0.000936
1421.534048,0.001794
1423.462859,0.002224
1425.391671,0.002484
1427.320482,0.002698
1429.249294,0.002468
1431.178105,0.002655
1433.106917,0.003027
1435.035728,0.002324
1436.964539,0.001867
1438.893351,0.002956
1440.822162,0.003664
1442.750974,0.003672
1444.679785,0.003605
1446.608597,0.003411
1448.537408,0.003467
1450.466220,0.003676
1452.395031,0.003590
1454.323843,0.002763
1456.252654,0.001165
1458.181466,0.001425
1460.110277,0.003369
1462.039089,0.004037
1463.967900,0.003512
1465.896711,0.003612
1467.825523,0.004240
1469.754334,0.003680
1471.683146,0.002251
1473.611957,0.002179
1475.540769,0.003127
1477.469580,0.003878
1479.398392,0.004310
1481.327203,0.004443
1483.256015,0.004515
1485.184826,0.004179
1487.113638,0.003369
1489.042449,0.002798
1490.971260,0.003157
1492.900072,0.003824
1494.828883,0.003371
1496.757695,0.002501
1498.686506,0.002829
1500.615318,0.003642
1502.544129,0.003706
1504.472941,0.001956
1506.401752,-0.000251
1508.330564,0.000872
1510.259375,0.002471
1512.188187,0.002887
1514.116998,0.002678
1516.045809,0.001982
1517.974621,0.001550
1519.903432,0.000901
1521.832244,0.000491
1523.761055,0.001441
1525.689867,0.002017
1527.618678,0.002392
1529.547490,0.003039
1531.476301,0.002678
1533.405113,0.002049
1535.333924,0.002723
1537.262736,0.002389
1539.191547,0.000339
1541.120358,0.000324
1543.049170,0.002189
1544.977981,0.004006
1546.906793,0.005549
1548.835604,0.006603
1550.764416,0.007816
1552.693227,0.009057
1554.622039,0.010822
1556.550850,0.012376
1558.479662,0.014917
1560.408473,0.023786
1562.337285,0.033614
1564.266096,0.043578
1566.194907,0.056116
1568.123719,0.070622
1570.052530,0.091544
1571.981342,0.117693
1573.910153,0.144883
1575.838965,0.182947
1577.767776,0.230903
1579.696588,0.279679
1581.625399,0.334449
1583.554211,0.392035
1585.483022,0.452618
1587.411834,0.519255
1589.340645,0.591543
1591.269456,0.668134
1593.198268,0.735555
1595.127079,0.779983
1597.055891,0.797294
1598.984702,0.798248
1600.913514,0.781481
1602.842325,0.756408
1604.771137,0.737458
1606.699948,0.714531
1608.628760,0.686442
1610.557571,0.634980
1612.486383,0.570795
1614.415194,0.501557
1616.344005,0.440711
1618.272817,0.503643
1620.201628,0.697090
1622.130440,0.900181
1624.059251,1.020560
1625.988063,1.095838
1627.916874,1.142959
1629.845686,1.129005
1631.774497,1.038263
1633.703309,0.912633
1635.632120,0.755128
1637.560932,0.623100
1639.489743,0.519077
1641.418555,0.406762
1643.347366,0.305908
1645.276177,0.222194
1647.204989,0.144506
1649.133800,0.092551
1651.062612,0.058802
1652.991423,0.028280
1654.920235,0.014683
1656.849046,0.010890
1658.777858,0.006671
1660.706669,0.003316
1662.635481,0.000889
1664.564292,0.000105
1666.493104,0.000318
1668.421915,-0.000283
1670.350726,0.000961
1672.279538,0.003410
1674.208349,0.005515
1676.137161,0.008930
1678.065972,0.013309
1679.994784,0.016836
1681.923595,0.018797
1683.852407,0.019948
1685.781218,0.022138
1687.710030,0.023561
1689.638841,0.022570
1691.567653,0.020954
1693.496464,0.017320
1695.425275,0.017989
1697.354087,0.031817
1699.282898,0.035491
1701.211710,0.020430
1703.140521,0.016269
1705.069333,0.022418
1706.998144,0.029430
1708.926956,0.037333
1710.855767,0.045126
1712.784579,0.049064
1714.713390,0.049385
1716.642202,0.049618
1718.571013,0.051226
1720.499824,0.053371
1722.428636,0.055011
1724.357447,0.056699
1726.286259,0.059125
1728.215070,0.062678
1730.143882,0.068292
1732.072693,0.074692
1734.001505,0.085277
1735.930316,0.099463
1737.859128,0.110292
1739.787939,0.119289
1741.716751,0.125913
1743.645562,0.128468
1745.574373,0.127270
1747.503185,0.124049
1749.431996,0.121434
1751.360808,0.121482
1753.289619,0.123092
1755.218431,0.123233
1757.147242,0.120648
1759.076054,0.113420
1761.004865,0.098451
1762.933677,0.078597
1764.862488,0.061489
1766.791300,0.045475
1768.720111,0.031227
1770.648922,0.020625
1772.577734,0.012507
1774.506545,0.008307
1776.435357,0.005977
1778.364168,0.003971
1780.292980,0.002852
1782.221791,0.002670
1784.150603,0.002814
1786.079414,0.003116
1788.008226,0.003698
1789.937037,0.003394
1791.865849,0.002312
1793.794660,0.002260
1795.723471,0.002795
1797.652283,0.002658
1799.581094,0.001926
1801.509906,0.001666
1803.438717,0.002400
1805.367529,0.003179
1807.296340,0.003326
1809.225152,0.003103
1811.153963,0.003136
1813.082775,0.003694
1815.011586,0.004298
1816.940398,0.004767
1818.869209,0.005202
1820.798021,0.005607
1822.726832,0.005928
1824.655643,0.006209
1826.584455,0.006705
1828.513266,0.007104
1830.442078,0.007490
1832.370889,0.008459
1834.299701,0.009542
1836.228512,0.010412
1838.157324,0.011186
1840.086135,0.011786
1842.014947,0.012160
1843.943758,0.012273
1845.872570,0.012375
1847.801381,0.012426
1849.730192,0.012289
1851.659004,0.012103
1853.587815,0.011765
1855.516627,0.011284
1857.445438,0.010693
1859.374250,0.010050
1861.303061,0.009042
1863.231873,0.007686
1865.160684,0.005997
1867.089496,0.003699
1869.018307,0.001695
1870.947119,0.000293
1872.875930,0.002531
1874.804741,0.007553
1876.733553,0.005652
1878.662364,0.000135
1880.591176,0.000473
1882.519987,0.003246
1884.448799,0.005616
1886.377610,0.008209
1888.306422,0.010350
1890.235233,0.012445
1892.164045,0.014249
1894.092856,0.015805
1896.021668,0.017139
1897.950479,0.018088
1899.879290,0.018872
1901.808102,0.019317
1903.736913,0.019543
1905.665725,0.019521
1907.594536,0.019154
1909.523348,0.018558
1911.452159,0.017856
1913.380971,0.017086
1915.309782,0.015778
1917.238594,0.014082
1919.167405,0.013090
1921.096217,0.012479
1923.025028,0.011352
1924.953839,0.010166
1926.882651,0.009113
1928.811462,0.007911
1930.740274,0.006690
1932.669085,0.005578
1934.597897,0.004556
1936.526708,0.003623
1938.455520,0.002874
1940.384331,0.002097
1942.313143,0.001332
1944.241954,0.000954
1946.170766,0.000752
1948.099577,0.000520
1950.028388,0.000305
1951.957200,0.000113
1953.886011,-0.000017
1955.814823,-0.000052
1957.743634,-0.000075
1959.672446,-0.000120
1961.601257,-0.000080
1963.530069,-0.000032
1965.458880,-0.000065
1967.387692,-0.000065
1969.316503,-0.000035
1971.245315,0.000042
1973.174126,0.000071
1975.102938,0.000064
1977.031749,0.000043
1978.960560,0.000070
1980.889372,0.000127
1982.818183,0.000104
1984.746995,-0.000001
1986.675806,-0.000067
1988.604618,-0.000068
1990.533429,-0.000138
1992.462241,-0.000164
1994.391052,-0.000052
1996.319864,-0.000018
1998.248675,-0.000016
2000.177487,0.000063
2002.106298,0.000077
2004.035109,0.000029
2005.963921,-0.000012
2007.892732,-0.000061
2009.821544,-0.000064
2011.750355,-0.000015
2013.679167,-0.000012
2015.607978,-0.000071
2017.536790,-0.000076
2019.465601,-0.000024
2021.394413,-0.000025
2023.323224,-0.000029
2025.252036,0.000006
2027.180847,0.000017
2029.109658,-0.000030
2031.038470,-0.000115
2032.967281,-0.000093
2034.896093,-0.000016
2036.824904,-0.000014
2038.753716,0.000016
2040.682527,0.000056
2042.611339,0.000021
2044.540150,-0.000022
2046.468962,-0.000000
2048.397773,0.000024
2050.326585,-0.000046
2052.255396,-0.000071
2054.184207,0.000014
2056.113019,0.000048
2058.041830,0.000001
2059.970642,-0.000046
2061.899453,-0.000078
2063.828265,-0.000137
2065.757076,-0.000201
2067.685888,-0.000197
2069.614699,-0.000130
2071.543511,-0.000055
2073.472322,-0.000008
2075.401134,0.000001
2077.329945,-0.000056
2079.258756,-0.000105
2081.187568,-0.000085
2083.116379,-0.000073
2085.045191,-0.000057
2086.974002,-0.000031
2088.902814,-0.000054
2090.831625,-0.000083
2092.760437,-0.000094
2094.689248,-0.000119
2096.618060,-0.000127
2098.546871,-0.000067
2100.475683,0.000005
2102.404494,0.000037
2104.333305,0.000015
2106.262117,-0.000060
2108.190928,-0.000089
2110.119740,-0.000051
2112.048551,-0.000021
2113.977363,0.000007
2115.906174,0.000022
2117.834986,0.000022
2119.763797,0.000102
2121.692609,0.000201
2123.621420,0.000175
2125.550232,0.000086
2127.479043,0.000023
2129.407854,0.000007
2131.336666,0.000005
2133.265477,-0.000053
2135.194289,-0.000122
2137.123100,-0.000136
2139.051912,-0.000093
2140.980723,-0.000044
2142.909535,-0.000060
2144.838346,-0.000105
2146.767158,-0.000121
2148.695969,-0.000086
2150.624781,-0.000020
2152.553592,0.000023
2154.482404,0.000062
2156.411215,0.000117
2158.340026,0.000182
2160.268838,0.000199
2162.197649,0.000206
2164.126461,0.000252
2166.055272,0.000287
2167.984084,0.000286
2169.912895,0.000301
2171.841707,0.000377
2173.770518,0.000469
2175.699330,0.000507
2177.628141,0.000549
2179.556953,0.000621
2181.485764,0.000664
2183.414575,0.000683
2185.343387,0.000679
2187.272198,0.000687
2189.201010,0.000722
2191.129821,0.000756
2193.058633,0.000845
2194.987444,0.000945
2196.916256,0.001002
2198.845067,0.001083
2200.773879,0.001155
2202.702690,0.001199
2204.631502,0.001288
2206.560313,0.001396
2208.489124,0.001458
2210.417936,0.001478
2212.346747,0.001470
2214.275559,0.001470
2216.204370,0.001469
2218.133182,0.001448
2220.061993,0.001375
2221.990805,0.001243
2223.919616,0.001259
2225.848428,0.001464
2227.777239,0.001678
2229.706051,0.001858
2231.634862,0.001995
2233.563673,0.002115
2235.492485,0.002194
2237.421296,0.002195
2239.350108,0.002191
2241.278919,0.002164
2243.207731,0.002095
2245.136542,0.002035
2247.065354,0.002014
2248.994165,0.002011
2250.922977,0.001920
2252.851788,0.001758
2254.780600,0.001674
2256.709411,0.001751
2258.638222,0.001856
2260.567034,0.001867
2262.495845,0.001925
2264.424657,0.002053
2266.353468,0.002079
2268.282280,0.002044
2270.211091,0.002084
2272.139903,0.002178
2274.068714,0.002262
2275.997526,0.002329
2277.926337,0.002381
2279.855149,0.002399
2281.783960,0.002396
2283.712771,0.002434
2285.641583,0.002535
2287.570394,0.002577
2289.499206,0.002487
2291.428017,0.002371
2293.356829,0.002295
2295.285640,0.002330
2297.214452,0.002527
2299.143263,0.002671
2301.072075,0.002637
2303.000886,0.002596
2304.929698,0.002611
2306.858509,0.002647
2308.787320,0.002658
2310.716132,0.002606
2312.644943,0.002578
2314.573755,0.002528
2316.502566,0.002309
2318.431378,0.002049
2320.360189,0.001854
2322.289001,0.001648
2324.217812,0.001488
2326.146624,0.001390
2328.075435,0.001268
2330.004247,0.001175
2331.933058,0.001136
2333.861870,0.001093
2335.790681,0.001053
2337.719492,0.001042
2339.648304,0.001006
2341.577115,0.001018
2343.505927,0.001234
2345.434738,0.001626
2347.363550,0.002057
2349.292361,0.002171
2351.221173,0.001746
2353.149984,0.001135
2355.078796,0.000672
2357.007607,0.000234
2358.936419,-0.000062
2360.865230,-0.000239
2362.794041,-0.000239
2364.722853,-0.000083
2366.651664,0.000115
2368.580476,0.000385
2370.509287,0.000681
2372.438099,0.000937
2374.366910,0.001276
2376.295722,0.001663
2378.224533,0.001875
2380.153345,0.001919
2382.082156,0.001930
2384.010968,0.001873
2385.939779,0.001727
2387.868590,0.001583
2389.797402,0.001436
2391.726213,0.001301
2393.655025,0.001212
2395.583836,0.001132
2397.512648,0.001104
2399.441459,0.001063
2401.370271,0.000971
2403.299082,0.000917
2405.227894,0.000811
2407.156705,0.000688
2409.085517,0.000663
2411.014328,0.000633
2412.943139,0.000579
2414.871951,0.000524
2416.800762,0.000383
2418.729574,0.000184
2420.658385,0.000082
2422.587197,0.000040
2424.516008,0.000035
2426.444820,0.000051
2428.373631,0.000129
2430.302443,0.000177
2432.231254,0.000125
2434.160066,0.000051
2436.088877,0.000045
2438.017688,0.000056
2439.946500,0.000082
2441.875311,0.000120
2443.804123,0.000086
2445.732934,0.000028
2447.661746,0.000025
2449.590557,0.000053
2451.519369,0.000100
2453.448180,0.000154
2455.376992,0.000173
2457.305803,0.000144
2459.234615,0.000146
2461.163426,0.000206
2463.092237,0.000252
2465.021049,0.000332
2466.949860,0.000409
2468.878672,0.000432
2470.807483,0.000508
2472.736295,0.000596
2474.665106,0.000659
2476.593918,0.000707
2478.522729,0.000694
2480.451541,0.000654
2482.380352,0.000572
2484.309164,0.000498
2486.237975,0.000503
2488.166786,0.000480
2490.095598,0.000519
2492.024409,0.000708
2493.953221,0.000745
2495.882032,0.000562
2497.810844,0.000492
2499.739655,0.000604
2501.668467,0.000693
2503.597278,0.000724
2505.526090,0.000744
2507.454901,0.000750
2509.383713,0.000777
2511.312524,0.000758
2513.241336,0.000620
2515.170147,0.000484
2517.098958,0.000420
2519.027770,0.000349
2520.956581,0.000281
2522.885393,0.000256
2524.814204,0.000233
2526.743016,0.000223
2528.671827,0.000243
2530.600639,0.000231
2532.529450,0.000188
2534.458262,0.000166
2536.387073,0.000172
2538.315885,0.000118
2540.244696,0.000028
2542.173507,0.000063
2544.102319,0.000119
2546.031130,0.000082
2547.959942,0.000036
2549.888753,-0.000011
2551.817565,0.000007
2553.746376,0.000097
2555.675188,0.000125
2557.603999,0.000094
2559.532811,0.000075
2561.461622,0.000124
2563.390434,0.000195
2565.319245,0.000162
2567.248056,0.000108
2569.176868,0.000159
2571.105679,0.000272
2573.034491,0.000336
2574.963302,0.000305
2576.892114,0.000287
2578.820925,0.000343
2580.749737,0.000396
2582.678548,0.000387
2584.607360,0.000343
2586.536171,0.000340
2588.464983,0.000383
2590.393794,0.000402
2592.322605,0.000344
2594.251417,0.000254
2596.180228,0.000157
2598.109040,0.000091
2600.037851,0.000174
2601.966663,0.000286
2603.895474,0.000341
2605.824286,0.000394
2607.753097,0.000400
2609.681909,0.000424
2611.610720,0.000529
2613.539532,0.000753
2615.468343,0.001047
2617.397154,0.001192
2619.325966,0.001235
2621.254777,0.001370
2623.183589,0.001578
2625.112400,0.001681
2627.041212,0.001671
2628.970023,0.001714
2630.898835,0.001734
2632.827646,0.001680
2634.756458,0.001709
2636.685269,0.001788
2638.614081,0.001718
2640.542892,0.001440
2642.471703,0.001072
2644.400515,0.000723
2646.329326,0.000488
2648.258138,0.000369
2650.186949,0.000272
2652.115761,0.000195
2654.044572,0.000124
2655.973384,0.000072
2657.902195,0.000102
2659.831007,0.000118
2661.759818,0.000078
2663.688630,0.000089
2665.617441,0.000134
2667.546253,0.000081
2669.475064,-0.000047
2671.403875,-0.000114
2673.332687,-0.000132
2675.261498,-0.000083
2677.190310,0.000049
2679.119121,0.000070
2681.047933,-0.000017
2682.976744,-0.000024
2684.905556,0.000037
2686.834367,-0.000005
2688.763179,-0.000128
2690.691990,-0.000120
2692.620802,-0.000044
2694.549613,0.000014
2696.478424,0.000098
2698.407236,0.000099
2700.336047,0.000067
2702.264859,0.000081
2704.193670,0.000084
2706.122482,0.000058
2708.051293,0.000004
2709.980105,-0.000032
2711.908916,-0.000090
2713.837728,-0.000143
2715.766539,-0.000069
2717.695351,0.000012
2719.624162,-0.000033
2721.552973,-0.000079
2723.481785,0.000001
2725.410596,0.000117
2727.339408,0.000112
2729.268219,0.000060
2731.197031,0.000089
2733.125842,0.000088
2735.054654,0.000055
2736.983465,0.000105
2738.912277,0.000105
2740.841088,0.000030
2742.769900,0.000007
2744.698711,-0.000013
2746.627522,-0.000060
2748.556334,-0.000098
2750.485145,-0.000123
2752.413957,-0.000071
2754.342768,0.000067
2756.271580,0.000114
2758.200391,0.000038
2760.129203,0.000002
2762.058014,0.000040
2763.986826,0.000112
2765.915637,0.000111
2767.844449,-0.000002
2769.773260,-0.000094
2771.702071,-0.000080
2773.630883,-0.000007
2775.559694,-0.000005
2777.488506,-0.000025
2779.417317,-0.000049
2781.346129,-0.000113
2783.274940,-0.000062
2785.203752,-0.000012
2787.132563,-0.000070
2789.061375,-0.000060
2790.990186,-0.000010
2792.918998,-0.000013
2794.847809,-0.000028
2796.776620,-0.000021
2798.705432,-0.000046
2800.634243,-0.000044
2802.563055,0.000011
2804.491866,0.000002
2806.420678,0.000021
2808.349489,0.000046
2810.278301,-0.000016
2812.207112,0.000019
2814.135924,0.000094
2816.064735,0.000082
2817.993547,0.000078
2819.922358,0.000077
2821.851169,0.000115
2823.779981,0.000175
2825.708792,0.000166
2827.637604,0.000257
2829.566415,0.000381
2831.495227,0.000355
2833.424038,0.000402
2835.352850,0.000554
2837.281661,0.000675
2839.210473,0.000833
2841.139284,0.000999
2843.068096,0.001167
2844.996907,0.001396
2846.925719,0.001702
2848.854530,0.002113
2850.783341,0.002594
2852.712153,0.003129
2854.640964,0.003844
2856.569776,0.004782
2858.498587,0.005833
2860.427399,0.007146
2862.356210,0.008820
2864.285022,0.010649
2866.213833,0.012752
2868.142645,0.015309
2870.071456,0.018225
2872.000268,0.021457
2873.929079,0.024973
2875.857890,0.028696
2877.786702,0.032547
2879.715513,0.036453
2881.644325,0.040252
2883.573136,0.043642
2885.501948,0.046363
2887.430759,0.048446
2889.359571,0.049847
2891.288382,0.050271
2893.217194,0.049605
2895.146005,0.047702
2897.074817,0.044763
2899.003628,0.041154
2900.932439,0.037237
2902.861251,0.032633
2904.790062,0.026518
2906.718874,0.024445
2908.647685,0.033245
2910.576497,0.048364
2912.505308,0.061841
2914.434120,0.071809
2916.362931,0.077614
2918.291743,0.078591
2920.220554,0.075056
2922.149366,0.067790
2924.078177,0.057679
2926.006988,0.045613
2927.935800,0.033272
2929.864611,0.022146
2931.793423,0.013077
2933.722234,0.006592
2935.651046,0.002693
2937.579857,0.000847
2939.508669,0.000293
2941.437480,0.000264
2943.366292,0.000270
2945.295103,0.000376
2947.223915,0.000630
2949.152726,0.000875
2951.081537,0.001228
2953.010349,0.001585
2954.939160,0.001783
2956.867972,0.002014
2958.796783,0.002304
2960.725595,0.002548
2962.654406,0.002878
2964.583218,0.003208
2966.512029,0.003254
2968.440841,0.003104
2970.369652,0.002984
2972.298464,0.002989
2974.227275,0.003147
2976.156086,0.003321
2978.084898,0.003295
2980.013709,0.003043
2981.942521,0.002645
2983.871332,0.002111
2985.800144,0.001616
2987.728955,0.001328
2989.657767,0.001116
2991.586578,0.000868
2993.515390,0.000670
2995.444201,0.000565
2997.373013,0.000492
2999.301824,0.000427
3001.230635,0.000342
3003.159447,0.000286
3005.088258,0.000283
3007.017070,0.000244
3008.945881,0.000206
3010.874693,0.000141
3012.803504,0.000082
3014.732316,0.000167
3016.661127,0.000261
3018.589939,0.000239
3020.518750,0.000131
3022.447562,0.000090
3024.376373,0.000181
3026.305185,0.000218
3028.233996,0.000132
3030.162807,0.000052
3032.091619,0.000094
3034.020430,0.000192
3035.949242,0.000196
3037.878053,0.000200
3039.806865,0.000253
3041.735676,0.000291
3043.664488,0.000360
3045.593299,0.000340
3047.522111,0.000252
3049.450922,0.000334
3051.379734,0.000423
3053.308545,0.000344
3055.237356,0.000253
3057.166168,0.000207
3059.094979,0.000226
3061.023791,0.000364
3062.952602,0.000508
3064.881414,0.000464
3066.810225,0.000319
3068.739037,0.000341
3070.667848,0.000439
3072.596660,0.000422
3074.525471,0.000402
3076.454283,0.000408
3078.383094,0.000376
3080.311905,0.000383
3082.240717,0.000474
3084.169528,0.000601
3086.098340,0.000694
3088.027151,0.000678
3089.955963,0.000623
3091.884774,0.000689
3093.813586,0.000807
3095.742397,0.000906
3097.671209,0.001136
3099.600020,0.001451
3101.528832,0.001637
3103.457643,0.001742
3105.386454,0.001933
3107.315266,0.002098
3109.244077,0.002072
3111.172889,0.002050
3113.101700,0.002168
3115.030512,0.002263
3116.959323,0.002208
3118.888135,0.001978
3120.816946,0.001767
3122.745758,0.001775
3124.674569,0.001794
3126.603381,0.001629
3128.532192,0.001420
3130.461003,0.001226
3132.389815,0.000957
3134.318626,0.000683
3136.247438,0.000483
3138.176249,0.000398
3140.105061,0.000413
3142.033872,0.000342
3143.962684,0.000199
3145.891495,0.000099
3147.820307,0.000030
3149.749118,0.000017
3151.677930,0.000020
3153.606741,0.000040
3155.535552,0.000122
3157.464364,0.000155
3159.393175,0.000101
3161.321987,0.000080
3163.250798,0.000095
3165.179610,0.000082
3167.108421,0.000004
3169.037233,-0.000053
3170.966044,0.000092
3172.894856,0.000229
3174.823667,0.000170
3176.752479,0.000123
3178.681290,0.000080
3180.610102,0.000037
3182.538913,0.000038
3184.467724,-0.000029
3186.396536,-0.000010
3188.325347,0.000099
3190.254159,0.000103
3192.182970,0.000119
3194.111782,0.000204
3196.040593,0.000214
3197.969405,0.000251
3199.898216,0.000338
3201.827028,0.000223
3203.755839,0.000092
3205.684651,0.000159
3207.613462,0.000196
3209.542273,0.000202
3211.471085,0.000224
3213.399896,0.000232
3215.328708,0.000234
3217.257519,0.000153
3219.186331,0.000105
3221.115142,0.000163
3223.043954,0.000236
3224.972765,0.000271
3226.901577,0.000237
3228.830388,0.000249
3230.759200,0.000282
3232.688011,0.000249
3234.616822,0.000286
3236.545634,0.000367
3238.474445,0.000371
3240.403257,0.000419
3242.332068,0.000521
3244.260880,0.000520
3246.189691,0.000472
3248.118503,0.000468
3250.047314,0.000454
3251.976126,0.000427
3253.904937,0.000480
3255.833749,0.000594
3257.762560,0.000522
3259.691371,0.000290
3261.620183,0.000272
3263.548994,0.000483
3265.477806,0.000603
3267.406617,0.000561
3269.335429,0.000554
3271.264240,0.000669
3273.193052,0.000734
3275.121863,0.000628
3277.050675,0.000559
3278.979486,0.000595
3280.908298,0.000491
3282.837109,0.000370
3284.765920,0.000396
3286.694732,0.000355
3288.623543,0.000196
3290.552355,0.000059
3292.481166,0.000079
3294.409978,0.000226
3296.338789,0.000219
3298.267601,0.000120
3300.196412,0.000125
3302.125224,0.000051
3304.054035,-0.000033
3305.982847,0.000033
3307.911658,0.000083
3309.840469,0.000170
3311.769281,0.000267
3313.698092,0.000182
3315.626904,0.000159
3317.555715,0.000224
3319.484527,0.000093
3321.413338,-0.000087
3323.342150,-0.000011
3325.270961,0.000213
3327.199773,0.000204
3329.128584,0.000038
3331.057396,0.000055
3332.986207,0.000144
3334.915018,0.000256
3336.843830,0.000415
3338.772641,0.000404
3340.701453,0.000357
3342.630264,0.000485
3344.559076,0.000675
3346.487887,0.000832
3348.416699,0.000904
3350.345510,0.000926
3352.274322,0.001022
3354.203133,0.001187
3356.131945,0.001342
3358.060756,0.001491
3359.989568,0.001590
3361.918379,0.001544
3363.847190,0.001436
3365.776002,0.001345
3367.704813,0.001291
3369.633625,0.001371
3371.562436,0.001439
3373.491248,0.001338
3375.420059,0.001219
3377.348871,0.001152
3379.277682,0.001216
3381.206494,0.001516
3383.135305,0.001864
3385.064117,0.002093
3386.992928,0.002214
3388.921739,0.002272
3390.850551,0.002241
3392.779362,0.002093
3394.708174,0.001963
3396.636985,0.001910
3398.565797,0.001974
3400.494608,0.002063
3402.423420,0.002001
3404.352231,0.001889
3406.281043,0.001681
3408.209854,0.001533
3410.138666,0.001664
3412.067477,0.001806
3413.996288,0.001991
3415.925100,0.002038
3417.853911,0.001638
3419.782723,0.001312
3421.711534,0.001227
3423.640346,0.001164
3425.569157,0.001273
3427.497969,0.001379
3429.426780,0.001399
3431.355592,0.001574
3433.284403,0.001640
3435.213215,0.001631
3437.142026,0.001837
3439.070837,0.001899
3440.999649,0.001868
3442.928460,0.001892
3444.857272,0.001757
3446.786083,0.001688
3448.714895,0.001701
3450.643706,0.001661
3452.572518,0.001580
3454.501329,0.001454
3456.430141,0.001450
3458.358952,0.001333
3460.287764,0.000988
3462.216575,0.000816
3464.145386,0.000742
3466.074198,0.000574
3468.003009,0.000520
3469.931821,0.000598
3471.860632,0.000591
3473.789444,0.000455
3475.718255,0.000237
3477.647067,0.000062
3479.575878,0.000042
3481.504690,0.000071
3483.433501,-0.000057
3485.362313,-0.000265
3487.291124,-0.000196
3489.219935,-0.000015
3491.148747,-0.000006
3493.077558,0.000033
3495.006370,0.000122
3496.935181,0.000111
3498.863993,0.000008
3500.792804,-0.000176
3502.721616,-0.000139
3504.650427,0.000071
3506.579239,0.000182
3508.508050,0.000297
3510.436862,0.000544
3512.365673,0.000722
3514.294484,0.000684
3516.223296,0.000689
3518.152107,0.000756
3520.080919,0.000701
3522.009730,0.000832
3523.938542,0.001295
3525.867353,0.001668
3527.796165,0.001811
3529.724976,0.002106
3531.653788,0.002685
3533.582599,0.003159
3535.511411,0.003329
3537.440222,0.003484
3539.369034,0.003655
3541.297845,0.003622
3543.226656,0.003519
3545.155468,0.003543
3547.084279,0.003903
3549.013091,0.004578
3550.941902,0.005019
3552.870714,0.005272
3554.799525,0.005849
3556.728337,0.006544
3558.657148,0.007273
3560.585960,0.008297
3562.514771,0.009255
3564.443583,0.009955
3566.372394,0.010686
3568.301205,0.011676
3570.230017,0.012909
3572.158828,0.013730
3574.087640,0.013790
3576.016451,0.013499
3577.945263,0.013110
3579.874074,0.012232
3581.802886,0.010652
3583.731697,0.009218
3585.660509,0.008834
3587.589320,0.010353
3589.518132,0.011963
3591.446943,0.010166
3593.375754,0.007693
3595.304566,0.008367
3597.233377,0.010537
3599.162189,0.012447
3601.091000,0.013778
3603.019812,0.014388
3604.948623,0.014431
3606.877435,0.013600
3608.806246,0.012384
3610.735058,0.011251
3612.663869,0.009938
3614.592681,0.008709
3616.521492,0.007618
3618.450303,0.006462
3620.379115,0.005669
3622.307926,0.005284
3624.236738,0.004858
3626.165549,0.004056
3628.094361,0.002783
3630.023172,0.002259
3631.951984,0.002797
3633.880795,0.003154
3635.809607,0.003297
3637.738418,0.003425
3639.667230,0.003378
3641.596041,0.003237
3643.524852,0.002885
3645.453664,0.002154
3647.382475,0.001318
3649.311287,0.000807
3651.240098,0.001073
3653.168910,0.001822
3655.097721,0.001990
3657.026533,0.001929
3658.955344,0.002397
3660.884156,0.002719
3662.812967,0.002658
3664.741779,0.002370
3666.670590,0.001851
3668.599401,0.001094
3670.528213,0.000443
3672.457024,0.000364
3674.385836,0.000063
3676.314647,-0.000167
3678.243459,0.000644
3680.172270,0.001511
3682.101082,0.001941
3684.029893,0.001972
3685.958705,0.001541
3687.887516,0.000799
3689.816328,0.000343
3691.745139,0.000808
3693.673951,0.001582
3695.602762,0.001867
3697.531573,0.001856
3699.460385,0.001786
3701.389196,0.001556
3703.318008,0.001579
3705.246819,0.001816
3707.175631,0.001647
3709.104442,0.001192
3711.033254,0.000728
3712.962065,0.000748
3714.890877,0.001333
3716.819688,0.001649
3718.748500,0.001727
3720.677311,0.001691
3722.606122,0.001549
3724.534934,0.001670
3726.463745,0.001799
3728.392557,0.001769
3730.321368,0.001464
3732.250180,0.000770
3734.178991,0.000301
3736.107803,0.000437
3738.036614,0.000861
3739.965426,0.001050
3741.894237,0.000825
3743.823049,0.000345
3745.751860,0.000205
3747.680671,0.000415
3749.609483,0.000091
3751.538294,-0.000006
3753.467106,0.000857
3755.395917,0.001632
3757.324729,0.001882
3759.253540,0.001784
3761.182352,0.001829
3763.111163,0.001975
3765.039975,0.001846
3766.968786,0.001799
3768.897598,0.001905
3770.826409,0.002149
3772.755220,0.002469
3774.684032,0.002448
3776.612843,0.002223
3778.541655,0.002000
3780.470466,0.001975
3782.399278,0.002253
3784.328089,0.002423
3786.256901,0.002447
3788.185712,0.002482
3790.114524,0.002403
3792.043335,0.002292
3793.972147,0.002094
3795.900958,0.001679
3797.829769,0.001544
3799.758581,0.001396
3801.687392,0.000854
3803.616204,0.000936
3805.545015,0.001298
3807.473827,0.001466
3809.402638,0.001940
3811.331450,0.002314
3813.260261,0.002153
3815.189073,0.001402
3817.117884,0.000893
3819.046696,0.001050
3820.975507,0.001013
3822.904318,0.001248
3824.833130,0.001778
3826.761941,0.001953
3828.690753,0.002072
3830.619564,0.001956
3832.548376,0.001582
3834.477187,0.001442
3836.405999,0.001178
3838.334810,0.000711
3840.263622,0.000842
3842.192433,0.001391
3844.121245,0.001717
3846.050056,0.001928
3847.978867,0.001928
3849.907679,0.001418
3851.836490,0.000570
3853.765302,0.000001
3855.694113,0.000547
3857.622925,0.001506
3859.551736,0.001664
3861.480548,0.001310
3863.409359,0.001114
3865.338171,0.001034
3867.266982,0.000912
3869.195794,0.000714
3871.124605,0.000917
3873.053417,0.001401
3874.982228,0.001506
3876.911039,0.001541
3878.839851,0.001392
3880.768662,0.000925
3882.697474,0.000875
3884.626285,0.000932
3886.555097,0.000842
3888.483908,0.001004
3890.412720,0.001010
3892.341531,0.000880
3894.270343,0.000978
3896.199154,0.000925
3898.127966,0.000607
3900.056777,0.000259
3901.985588,-0.000004
3903.914400,0.000054
3905.843211,0.000439
3907.772023,0.000799
3909.700834,0.000998
3911.629646,0.001074
3913.558457,0.000981
3915.487269,0.000773
3917.416080,0.000667
3919.344892,0.000725
3921.273703,0.000665
3923.202515,0.000382
3925.131326,0.000196
3927.060137,0.000183
3928.988949,0.000180
3930.917760,0.000176
3932.846572,0.000250
3934.775383,0.000444
3936.704195,0.000519
3938.633006,0.000411
3940.561818,0.000195
3942.490629,-0.000078
3944.419441,-0.000080
3946.348252,0.000035
3948.277064,-0.000016
3950.205875,-0.000087
3952.134686,-0.000139
3954.063498,-0.000136
3955.992309,-0.000125
3957.921121,-0.000156
3959.849932,-0.000159
3961.778744,-0.000110
3963.707555,-0.000102
3965.636367,-0.000191
3967.565178,-0.000290
3969.493990,-0.000277
3971.422801,-0.000203
3973.351613,-0.000190
3975.280424,-0.000234
3977.209235,-0.000128
3979.138047,-0.000016
3981.066858,-0.000092
3982.995670,-0.000146
3984.924481,-0.000117
3986.853293,-0.000078
3988.782104,-0.000098
3990.710916,-0.000177
3992.639727,-0.000150
3994.568539,-0.000136
3996.497350,-0.000258
3998.426162,-0.000264
4000.354973,-0.000126
