898.826141,0.000845
900.754953,-0.000064
902.683764,-0.000842
904.612576,-0.000997
906.541387,0.000166
908.470199,0.000146
910.399010,-0.000291
912.327822,-0.000031
914.256633,-0.000144
916.185445,-0.000255
918.114256,-0.000324
920.043068,-0.000323
921.971879,0.000269
923.900690,0.000415
925.829502,-0.000162
927.758313,-0.000036
929.687125,0.000194
931.615936,0.000194
933.544748,0.000422
935.473559,0.000492
937.402371,-0.000192
939.331182,-0.000505
941.259994,-0.000099
943.188805,0.000164
945.117617,0.000211
947.046428,0.000271
948.975240,0.000229
950.904051,0.000129
952.832862,0.000298
954.761674,0.000535
956.690485,0.000400
958.619297,0.000162
960.548108,-0.000003
962.476920,-0.000068
964.405731,0.000045
966.334543,-0.000042
968.263354,-0.000253
970.192166,-0.000153
972.120977,0.000062
974.049789,0.000043
975.978600,-0.000171
977.907411,-0.000245
979.836223,-0.000121
981.765034,-0.000027
983.693846,-0.000142
985.622657,-0.000375
987.551469,-0.000332
989.480280,-0.000098
991.409092,-0.000083
993.337903,-0.000185
995.266715,-0.000188
997.195526,-0.000104
999.124338,-0.000050
1001.053149,0.000002
1002.981960,0.000116
1004.910772,0.000197
1006.839583,0.000163
1008.768395,0.000061
1010.697206,0.000093
1012.626018,0.000165
1014.554829,0.000105
1016.483641,0.000148
1018.412452,0.000270
1020.341264,0.000336
1022.270075,0.000363
1024.198887,0.000273
1026.127698,0.000279
1028.056509,0.000587
1029.985321,0.000899
1031.914132,0.001020
1033.842944,0.001117
1035.771755,0.001234
1037.700567,0.001316
1039.629378,0.001288
1041.558190,0.001121
1043.487001,0.000981
1045.415813,0.000907
1047.344624,0.000722
1049.273436,0.000377
1051.202247,0.000154
1053.131058,0.000157
1055.059870,0.000113
1056.988681,0.000051
1058.917493,0.000045
1060.846304,-0.000037
1062.775116,-0.000156
1064.703927,-0.000189
1066.632739,-0.000195
1068.561550,-0.000249
1070.490362,-0.000300
1072.419173,-0.000219
1074.347985,-0.000110
1076.276796,-0.000065
1078.205607,0.000025
1080.134419,0.000110
1082.063230,0.000069
1083.992042,-0.000005
1085.920853,0.000044
1087.849665,0.000152
1089.778476,0.000133
1091.707288,0.000033
1093.636099,-0.000016
1095.564911,-0.000066
1097.493722,-0.000088
1099.422534,-0.000026
1101.351345,0.000002
1103.280156,-0.000005
1105.208968,-0.000017
1107.137779,-0.000090
1109.066591,-0.000116
1110.995402,-0.000062
1112.924214,-0.000049
1114.853025,-0.000065
1116.781837,-0.000049
1118.710648,-0.000087
1120.639460,-0.000207
1122.568271,-0.000199
1124.497083,-0.000113
1126.425894,-0.000137
1128.354706,-0.000138
1130.283517,-0.000100
1132.212328,-0.000207
1134.141140,-0.000341
1136.069951,-0.000284
1137.998763,-0.000097
1139.927574,-0.000031
1141.856386,-0.000024
1143.785197,0.000058
1145.714009,0.000121
1147.642820,0.000141
1149.571632,0.000215
1151.500443,0.000312
1153.429255,0.000422
1155.358066,0.000560
1157.286877,0.000656
1159.215689,0.000761
1161.144500,0.000916
1163.073312,0.001056
1165.002123,0.001198
1166.930935,0.001323
1168.859746,0.001384
1170.788558,0.001462
1172.717369,0.001487
1174.646181,0.001457
1176.574992,0.001665
1178.503804,0.001982
1180.432615,0.002164
1182.361426,0.002310
1184.290238,0.002432
1186.219049,0.002605
1188.147861,0.002888
1190.076672,0.003269
1192.005484,0.003657
1193.934295,0.003804
1195.863107,0.003809
1197.791918,0.003760
1199.720730,0.003542
1201.649541,0.003506
1203.578353,0.003777
1205.507164,0.003963
1207.435975,0.004055
1209.364787,0.004353
1211.293598,0.004877
1213.222410,0.005336
1215.151221,0.005938
1217.080033,0.006734
1219.008844,0.007323
1220.937656,0.008322
1222.866467,0.009489
1224.795279,0.010398
1226.724090,0.012236
1228.652902,0.014516
1230.581713,0.016983
1232.510524,0.020726
1234.439336,0.025195
1236.368147,0.031138
1238.296959,0.040062
1240.225770,0.051941
1242.154582,0.068780
1244.083393,0.092878
1246.012205,0.123583
1247.941016,0.159250
1249.869828,0.195328
1251.798639,0.223724
1253.727451,0.236228
1255.656262,0.231710
1257.585073,0.229885
1259.513885,0.249790
1261.442696,0.269708
1263.371508,0.255803
1265.300319,0.230968
1267.229131,0.232614
1269.157942,0.251358
1271.086754,0.253407
1273.015565,0.225397
1274.944377,0.178783
1276.873188,0.132186
1278.802000,0.097758
1280.730811,0.076394
1282.659622,0.062819
1284.588434,0.053473
1286.517245,0.047493
1288.446057,0.042950
1290.374868,0.039280
1292.303680,0.036722
1294.232491,0.034218
1296.161303,0.032183
1298.090114,0.031229
1300.018926,0.031163
1301.947737,0.031097
1303.876549,0.030410
1305.805360,0.030210
1307.734172,0.031001
1309.662983,0.031973
1311.591794,0.032091
1313.520606,0.031328
1315.449417,0.029691
1317.378229,0.027328
1319.307040,0.024912
1321.235852,0.022606
1323.164663,0.023269
1325.093475,0.024750
1327.022286,0.020913
1328.951098,0.016882
1330.879909,0.016525
1332.808721,0.016134
1334.737532,0.015978
1336.666343,0.016047
1338.595155,0.015411
1340.523966,0.014893
1342.452778,0.013810
1344.381589,0.011776
1346.310401,0.009452
1348.239212,0.007292
1350.168024,0.005508
1352.096835,0.004101
1354.025647,0.003021
1355.954458,0.002367
1357.883270,0.001865
1359.812081,0.000812
1361.740892,-0.000320
1363.669704,-0.000217
1365.598515,0.000548
1367.527327,0.000594
1369.456138,0.000629
1371.384950,0.000654
1373.313761,-0.000135
1375.242573,-0.000254
1377.171384,0.000643
1379.100196,0.001089
1381.029007,0.001195
1382.957819,0.001336
1384.886630,0.000926
1386.815441,0.000259
1388.744253,0.000755
1390.673064,0.001565
1392.601876,0.000854
1394.530687,-0.000077
1396.459499,0.000217
1398.388310,0.000440
1400.317122,0.001262
1402.245933,0.002293
1404.174745,0.002021
1406.103556,0.002124
1408.032368,0.002965
1409.961179,0.003301
1411.889990,0.003374
1413.818802,0.003584
1415.747613,0.003220
1417.676425,0.001434
1419.605236,0.001182
1421.534048,0.003350
1423.462859,0.004422
1425.391671,0.005035
1427.320482,0.005527
1429.249294,0.005002
1431.178105,0.005445
1433.106917,0.006178
1435.035728,0.004403
1436.964539,0.003414
1438.893351,0.005966
1440.822162,0.007603
1442.750974,0.007925
1444.679785,0.007964
1446.608597,0.007272
1448.537408,0.007312
1450.466220,0.007963
1452.395031,0.007860
1454.323843,0.005899
1456.252654,0.002100
1458.181466,0.002862
1460.110277,0.007522
1462.039089,0.009034
1463.967900,0.007746
1465.896711,0.007949
1467.825523,0.009527
1469.754334,0.008396
1471.683146,0.005195
1473.611957,0.004986
1475.540769,0.007190
1477.469580,0.009072
1479.398392,0.010091
1481.327203,0.010372
1483.256015,0.010544
1485.184826,0.009848
1487.113638,0.008058
1489.042449,0.006632
1490.971260,0.007434
1492.900072,0.009025
1494.828883,0.007978
1496.757695,0.006046
1498.686506,0.006677
1500.615318,0.008239
1502.544129,0.008298
1504.472941,0.004211
1506.401752,-0.000931
1508.330564,0.001661
1510.259375,0.005387
1512.188187,0.006518
1514.116998,0.006179
1516.045809,0.004531
1517.974621,0.003490
1519.903432,0.002103
1521.832244,0.001281
1523.761055,0.003450
1525.689867,0.004778
1527.618678,0.005702
1529.547490,0.007222
1531.476301,0.006311
1533.405113,0.004807
1535.333924,0.006280
1537.262736,0.005338
1539.191547,-0.000121
1541.120358,-0.000252
1543.049170,0.003793
1544.977981,0.007543
1546.906793,0.010616
1548.835604,0.012178
1550.764416,0.013708
1552.693227,0.015144
1554.622039,0.017041
1556.550850,0.018056
1558.479662,0.019760
1560.408473,0.033604
1562.337285,0.049865
1564.266096,0.064367
1566.194907,0.081880
1568.123719,0.101684
1570.052530,0.130424
1571.981342,0.167653
1573.910153,0.205663
1575.838965,0.257708
1577.767776,0.324513
1579.696588,0.391837
1581.625399,0.465063
1583.554211,0.539054
1585.483022,0.614846
1587.411834,0.699655
1589.340645,0.792523
1591.269456,0.891807
1593.198268,0.980131
1595.127079,1.034373
1597.055891,1.048342
1598.984702,1.041363
1600.913514,1.010602
1602.842325,0.972655
1604.771137,0.948849
1606.699948,0.924544
1608.628760,0.897376
1610.557571,0.837888
1612.486383,0.760310
1614.415194,0.673001
1616.344005,0.596934
1618.272817,0.678702
1620.201628,0.932574
1622.130440,1.197204
1624.059251,1.332301
1625.988063,1.427695
1627.916874,1.495830
1629.845686,1.485698
1631.774497,1.361556
1633.703309,1.187369
1635.632120,0.976047
1637.560932,0.809228
1639.489743,0.679013
1641.418555,0.538651
1643.347366,0.410225
1645.276177,0.299259
1647.204989,0.196146
1649.133800,0.127297
1651.062612,0.079729
1652.991423,0.035542
1654.920235,0.018461
1656.849046,0.015024
1658.777858,0.009561
1660.706669,0.004646
1662.635481,0.001203
1664.564292,0.000882
1666.493104,0.000884
1668.421915,-0.000847
1670.350726,0.000705
1672.279538,0.004493
1674.208349,0.006873
1676.137161,0.011429
1678.065972,0.017898
1679.994784,0.022462
1681.923595,0.023983
1683.852407,0.024556
1685.781218,0.029489
1687.710030,0.033856
1689.638841,0.034019
1691.567653,0.033524
1693.496464,0.029330
1695.425275,0.029253
1697.354087,0.045205
1699.282898,0.048906
1701.211710,0.033147
1703.140521,0.031195
1705.069333,0.039167
1706.998144,0.047674
1708.926956,0.058567
1710.855767,0.070403
1712.784579,0.076559
1714.713390,0.076998
1716.642202,0.078628
1718.571013,0.084505
1720.499824,0.092046
1722.428636,0.098300
1724.357447,0.104593
1726.286259,0.111966
1728.215070,0.121151
1730.143882,0.133863
1732.072693,0.147117
1734.001505,0.168294
1735.930316,0.197070
1737.859128,0.218801
1739.787939,0.236332
1741.716751,0.249287
1743.645562,0.254243
1745.574373,0.251871
1747.503185,0.245622
1749.431996,0.240244
1751.360808,0.240357
1753.289619,0.243999
1755.218431,0.244357
1757.147242,0.239241
1759.076054,0.225151
1761.004865,0.195907
1762.933677,0.157899
1764.862488,0.125204
1766.791300,0.094161
1768.720111,0.066629
1770.648922,0.046107
1772.577734,0.030633
1774.506545,0.022826
1776.435357,0.018308
1778.364168,0.014136
1780.292980,0.011495
1782.221791,0.010567
1784.150603,0.010231
1786.079414,0.010315
1788.008226,0.011064
1789.937037,0.010048
1791.865849,0.007773
1793.794660,0.007931
1795.723471,0.009060
1797.652283,0.008495
1799.581094,0.006766
1801.509906,0.006013
1803.438717,0.006863
1805.367529,0.007620
1807.296340,0.007324
1809.225152,0.006384
1811.153963,0.005915
1813.082775,0.006494
1815.011586,0.007065
1816.940398,0.007243
1818.869209,0.007467
1820.798021,0.007721
1822.726832,0.007510
1824.655643,0.007210
1826.584455,0.007717
1828.513266,0.007864
1830.442078,0.008001
1832.370889,0.009527
1834.299701,0.010942
1836.228512,0.011681
1838.157324,0.012416
1840.086135,0.012956
1842.014947,0.012598
1843.943758,0.011805
1845.872570,0.012213
1847.801381,0.012837
1849.730192,0.012767
1851.659004,0.012568
1853.587815,0.012129
1855.516627,0.011536
1857.445438,0.010880
1859.374250,0.010168
1861.303061,0.009051
1863.231873,0.007563
1865.160684,0.005579
1867.089496,0.002579
1869.018307,0.000249
1870.947119,-0.000577
1872.875930,0.002277
1874.804741,0.007536
1876.733553,0.005549
1878.662364,-0.000151
1880.591176,0.000200
1882.519987,0.003052
1884.448799,0.005515
1886.377610,0.008142
1888.306422,0.010026
1890.235233,0.012118
1892.164045,0.014311
1894.092856,0.016003
1896.021668,0.017392
1897.950479,0.018530
1899.879290,0.019379
1901.808102,0.019770
1903.736913,0.019956
1905.665725,0.019918
1907.594536,0.019489
1909.523348,0.018904
1911.452159,0.018311
1913.380971,0.017552
1915.309782,0.016000
1917.238594,0.013955
1919.167405,0.013029
1921.096217,0.012641
1923.025028,0.011516
1924.953839,0.010414
1926.882651,0.009434
1928.811462,0.008232
1930.740274,0.007047
1932.669085,0.005927
1934.597897,0.004878
1936.526708,0.003882
1938.455520,0.003059
1940.384331,0.002062
1942.313143,0.001050
1944.241954,0.000830
1946.170766,0.000890
1948.099577,0.000722
1950.028388,0.000511
1951.957200,0.000271
1953.886011,0.000103
1955.814823,0.000117
1957.743634,0.000176
1959.672446,0.000157
1961.601257,0.000168
1963.530069,0.000153
1965.458880,-0.000015
1967.387692,-0.000029
1969.316503,0.000154
1971.245315,0.000312
1973.174126,0.000374
1975.102938,0.000396
1977.031749,0.000338
1978.960560,0.000335
1980.889372,0.000328
1982.818183,0.000265
1984.746995,0.000197
1986.675806,0.000109
1988.604618,0.000049
1990.533429,-0.000099
1992.462241,-0.000132
1994.391052,0.000125
1996.319864,0.000238
1998.248675,0.000201
2000.177487,0.000275
2002.106298,0.000292
2004.035109,0.000211
2005.963921,0.000182
2007.892732,0.000183
2009.821544,0.000186
2011.750355,0.000256
2013.679167,0.000275
2015.607978,0.000097
2017.536790,-0.000057
2019.465601,0.000003
2021.394413,0.000101
2023.323224,0.000153
2025.252036,0.000232
2027.180847,0.000268
2029.109658,0.000198
2031.038470,0.000119
2032.967281,0.000118
2034.896093,0.000121
2036.824904,0.000068
2038.753716,0.000078
2040.682527,0.000171
2042.611339,0.000198
2044.540150,0.000162
2046.468962,0.000143
2048.397773,0.000139
2050.326585,0.000154
2052.255396,0.000188
2054.184207,0.000223
2056.113019,0.000226
2058.041830,0.000162
2059.970642,0.000109
2061.899453,0.000076
2063.828265,-0.000027
2065.757076,-0.000103
2067.685888,-0.000086
2069.614699,-0.000008
2071.543511,0.000108
2073.472322,0.000109
2075.401134,0.000048
2077.329945,0.000048
2079.258756,0.000032
2081.187568,0.000043
2083.116379,0.000091
2085.045191,0.000107
2086.974002,0.000137
2088.902814,0.000140
2090.831625,0.000084
2092.760437,0.000054
2094.689248,0.000061
2096.618060,0.000081
2098.546871,0.000118
2100.475683,0.000149
2102.404494,0.000195
2104.333305,0.000194
2106.262117,0.000092
2108.190928,0.000057
2110.119740,0.000112
2112.048551,0.000135
2113.977363,0.000165
2115.906174,0.000237
2117.834986,0.000294
2119.763797,0.000348
2121.692609,0.000397
2123.621420,0.000368
2125.550232,0.000283
2127.479043,0.000257
2129.407854,0.000276
2131.336666,0.000244
2133.265477,0.000179
2135.194289,0.000128
2137.123100,0.000119
2139.051912,0.000163
2140.980723,0.000157
2142.909535,0.000088
2144.838346,0.000050
2146.767158,0.000075
2148.695969,0.000161
2150.624781,0.000231
2152.553592,0.000230
2154.482404,0.000233
2156.411215,0.000295
2158.340026,0.000355
2160.268838,0.000336
2162.197649,0.000286
2164.126461,0.000296
2166.055272,0.000321
2167.984084,0.000305
2169.912895,0.000317
2171.841707,0.000372
2173.770518,0.000418
2175.699330,0.000457
2177.628141,0.000489
2179.556953,0.000477
2181.485764,0.000492
2183.414575,0.000606
2185.343387,0.000677
2187.272198,0.000636
2189.201010,0.000602
2191.129821,0.000637
2193.058633,0.000747
2194.987444,0.000850
2196.916256,0.000920
2198.845067,0.001028
2200.773879,0.001123
2202.702690,0.001192
2204.631502,0.001268
2206.560313,0.001312
2208.489124,0.001356
2210.417936,0.001401
2212.346747,0.001385
2214.275559,0.001339
2216.204370,0.001280
2218.133182,0.001156
2220.061993,0.000939
2221.990805,0.000727
2223.919616,0.000734
2225.848428,0.000945
2227.777239,0.001200
2229.706051,0.001471
2231.634862,0.001730
2233.563673,0.001913
2235.492485,0.001967
2237.421296,0.001934
2239.350108,0.001867
2241.278919,0.001734
2243.207731,0.001537
2245.136542,0.001292
2247.065354,0.001119
2248.994165,0.001012
2250.922977,0.000801
2252.851788,0.000594
2254.780600,0.000520
2256.709411,0.000539
2258.638222,0.000575
2260.567034,0.000571
2262.495845,0.000608
2264.424657,0.000661
2266.353468,0.000687
2268.282280,0.000741
2270.211091,0.000777
2272.139903,0.000821
2274.068714,0.000873
2275.997526,0.000894
2277.926337,0.000926
2279.855149,0.000901
2281.783960,0.000857
2283.712771,0.000898
2285.641583,0.000936
2287.570394,0.000909
2289.499206,0.000864
2291.428017,0.000840
2293.356829,0.000807
2295.285640,0.000823
2297.214452,0.000990
2299.143263,0.001148
2301.072075,0.001128
2303.000886,0.001063
2304.929698,0.001116
2306.858509,0.001233
2308.787320,0.001289
2310.716132,0.001282
2312.644943,0.001253
2314.573755,0.001223
2316.502566,0.001169
2318.431378,0.001076
2320.360189,0.000990
2322.289001,0.000868
2324.217812,0.000706
2326.146624,0.000582
2328.075435,0.000514
2330.004247,0.000482
2331.933058,0.000428
2333.861870,0.000366
2335.790681,0.000360
2337.719492,0.000404
2339.648304,0.000375
2341.577115,0.000261
2343.505927,0.000298
2345.434738,0.000445
2347.363550,0.000537
2349.292361,0.000570
2351.221173,0.000396
2353.149984,0.000071
2355.078796,-0.000085
2357.007607,-0.000143
2358.936419,-0.000238
2360.865230,-0.000297
2362.794041,-0.000235
2364.722853,-0.000026
2366.651664,0.000149
2368.580476,0.000209
2370.509287,0.000252
2372.438099,0.000300
2374.366910,0.000450
2376.295722,0.000634
2378.224533,0.000650
2380.153345,0.000562
2382.082156,0.000507
2384.010968,0.000482
2385.939779,0.000430
2387.868590,0.000378
2389.797402,0.000332
2391.726213,0.000270
2393.655025,0.000272
2395.583836,0.000348
2397.512648,0.000396
2399.441459,0.000351
2401.370271,0.000316
2403.299082,0.000352
2405.227894,0.000327
2407.156705,0.000255
2409.085517,0.000255
2411.014328,0.000306
2412.943139,0.000343
2414.871951,0.000345
2416.800762,0.000327
2418.729574,0.000329
2420.658385,0.000363
2422.587197,0.000347
2424.516008,0.000288
2426.444820,0.000273
2428.373631,0.000330
2430.302443,0.000414
2432.231254,0.000408
2434.160066,0.000348
2436.088877,0.000336
2438.017688,0.000342
2439.946500,0.000368
2441.875311,0.000442
2443.804123,0.000442
2445.732934,0.000320
2447.661746,0.000278
2449.590557,0.000337
2451.519369,0.000376
2453.448180,0.000442
2455.376992,0.000494
2457.305803,0.000495
2459.234615,0.000540
2461.163426,0.000597
2463.092237,0.000599
2465.021049,0.000615
2466.949860,0.000677
2468.878672,0.000735
2470.807483,0.000827
2472.736295,0.000929
2474.665106,0.000980
2476.593918,0.001039
2478.522729,0.001084
2480.451541,0.001047
2482.380352,0.000957
2484.309164,0.000906
2486.237975,0.000941
2488.166786,0.000900
2490.095598,0.000881
2492.024409,0.001124
2493.953221,0.001195
2495.882032,0.000946
2497.810844,0.000913
2499.739655,0.001049
2501.668467,0.001059
2503.597278,0.001123
2505.526090,0.001258
2507.454901,0.001292
2509.383713,0.001242
2511.312524,0.001150
2513.241336,0.001054
2515.170147,0.000984
2517.098958,0.000905
2519.027770,0.000814
2520.956581,0.000706
2522.885393,0.000605
2524.814204,0.000564
2526.743016,0.000572
2528.671827,0.000582
2530.600639,0.000577
2532.529450,0.000562
2534.458262,0.000537
2536.387073,0.000543
2538.315885,0.000523
2540.244696,0.000436
2542.173507,0.000413
2544.102319,0.000382
2546.031130,0.000310
2547.959942,0.000339
2549.888753,0.000389
2551.817565,0.000452
2553.746376,0.000564
2555.675188,0.000611
2557.603999,0.000606
2559.532811,0.000607
2561.461622,0.000612
2563.390434,0.000639
2565.319245,0.000664
2567.248056,0.000680
2569.176868,0.000758
2571.105679,0.000881
2573.034491,0.000931
2574.963302,0.000908
2576.892114,0.000934
2578.820925,0.001003
2580.749737,0.000997
2582.678548,0.000927
2584.607360,0.000876
2586.536171,0.000881
2588.464983,0.000984
2590.393794,0.001103
2592.322605,0.001050
2594.251417,0.000825
2596.180228,0.000611
2598.109040,0.000521
2600.037851,0.000573
2601.966663,0.000713
2603.895474,0.000822
2605.824286,0.000904
2607.753097,0.001043
2609.681909,0.001201
2611.610720,0.001370
2613.539532,0.001683
2615.468343,0.002142
2617.397154,0.002546
2619.325966,0.002796
2621.254777,0.003028
2623.183589,0.003292
2625.112400,0.003430
2627.041212,0.003458
2628.970023,0.003483
2630.898835,0.003446
2632.827646,0.003396
2634.756458,0.003436
2636.685269,0.003499
2638.614081,0.003428
2640.542892,0.003072
2642.471703,0.002405
2644.400515,0.001621
2646.329326,0.001027
2648.258138,0.000719
2650.186949,0.000560
2652.115761,0.000461
2654.044572,0.000391
2655.973384,0.000364
2657.902195,0.000401
2659.831007,0.000415
2661.759818,0.000371
2663.688630,0.000321
2665.617441,0.000266
2667.546253,0.000200
2669.475064,0.000166
2671.403875,0.000144
2673.332687,0.000089
2675.261498,0.000084
2677.190310,0.000101
2679.119121,0.000041
2681.047933,0.000041
2682.976744,0.000131
2684.905556,0.000172
2686.834367,0.000131
2688.763179,0.000071
2690.691990,0.000041
2692.620802,0.000039
2694.549613,0.000085
2696.478424,0.000128
2698.407236,0.000131
2700.336047,0.000156
2702.264859,0.000144
2704.193670,0.000106
2706.122482,0.000107
2708.051293,0.000113
2709.980105,0.000149
2711.908916,0.000164
2713.837728,0.000124
2715.766539,0.000151
2717.695351,0.000182
2719.624162,0.000140
2721.552973,0.000110
2723.481785,0.000079
2725.410596,0.000070
2727.339408,0.000111
2729.268219,0.000145
2731.197031,0.000205
2733.125842,0.000164
2735.054654,0.000040
2736.983465,0.000072
2738.912277,0.000095
2740.841088,0.000048
2742.769900,0.000077
2744.698711,0.000118
2746.627522,0.000144
2748.556334,0.000084
2750.485145,-0.000016
2752.413957,0.000007
2754.342768,0.000063
2756.271580,0.000089
2758.200391,0.000119
2760.129203,0.000119
2762.058014,0.000101
2763.986826,0.000157
2765.915637,0.000215
2767.844449,0.000094
2769.773260,-0.000035
2771.702071,0.000010
2773.630883,0.000075
2775.559694,0.000077
2777.488506,0.000032
2779.417317,-0.000035
2781.346129,-0.000033
2783.274940,0.000029
2785.203752,0.000036
2787.132563,-0.000024
2789.061375,-0.000028
2790.990186,0.000061
2792.918998,0.000070
2794.847809,0.000000
2796.776620,0.000053
2798.705432,0.000135
2800.634243,0.000128
2802.563055,0.000108
2804.491866,0.000060
2806.420678,0.000008
2808.349489,0.000006
2810.278301,-0.000000
2812.207112,0.000031
2814.135924,0.000127
2816.064735,0.000155
2817.993547,0.000105
2819.922358,0.000122
2821.851169,0.000226
2823.779981,0.000289
2825.708792,0.000265
2827.637604,0.000281
2829.566415,0.000412
2831.495227,0.000546
2833.424038,0.000650
2835.352850,0.000779
2837.281661,0.000922
2839.210473,0.001131
2841.139284,0.001382
2843.068096,0.001602
2844.996907,0.001925
2846.925719,0.002424
2848.854530,0.003023
2850.783341,0.003703
2852.712153,0.004487
2854.640964,0.005494
2856.569776,0.006743
2858.498587,0.008127
2860.427399,0.009880
2862.356210,0.012226
2864.285022,0.014939
2866.213833,0.017920
2868.142645,0.021411
2870.071456,0.025528
2872.000268,0.030034
2873.929079,0.034820
2875.857890,0.040000
2877.786702,0.045437
2879.715513,0.050883
2881.644325,0.056119
2883.573136,0.060826
2885.501948,0.064648
2887.430759,0.067465
2889.359571,0.069254
2891.288382,0.069834
2893.217194,0.068968
2895.146005,0.066346
2897.074817,0.062269
2899.003628,0.057184
2900.932439,0.051746
2902.861251,0.045431
2904.790062,0.036862
2906.718874,0.033898
2908.647685,0.046110
2910.576497,0.067145
2912.505308,0.085902
2914.434120,0.099812
2916.362931,0.107925
2918.291743,0.109224
2920.220554,0.104211
2922.149366,0.094083
2924.078177,0.079961
2926.006988,0.063130
2927.935800,0.046048
2929.864611,0.030591
2931.793423,0.017864
2933.722234,0.008761
2935.651046,0.003379
2937.579857,0.000883
2939.508669,0.000178
2941.437480,0.000276
2943.366292,0.000460
2945.295103,0.000684
2947.223915,0.001046
2949.152726,0.001474
2951.081537,0.002041
2953.010349,0.002626
2954.939160,0.003117
2956.867972,0.003591
2958.796783,0.004099
2960.725595,0.004540
2962.654406,0.004996
2964.583218,0.005539
2966.512029,0.005742
2968.440841,0.005511
2970.369652,0.005296
2972.298464,0.005419
2974.227275,0.005747
2976.156086,0.005921
2978.084898,0.005860
2980.013709,0.005494
2981.942521,0.004746
2983.871332,0.003845
2985.800144,0.002991
2987.728955,0.002224
2989.657767,0.001615
2991.586578,0.001158
2993.515390,0.000820
2995.444201,0.000612
2997.373013,0.000480
2999.301824,0.000352
3001.230635,0.000194
3003.159447,0.000128
3005.088258,0.000207
3007.017070,0.000282
3008.945881,0.000273
3010.874693,0.000150
3012.803504,0.000040
3014.732316,0.000026
3016.661127,0.000002
3018.589939,-0.000007
3020.518750,-0.000007
3022.447562,0.000037
3024.376373,0.000111
3026.305185,0.000043
3028.233996,-0.000075
3030.162807,-0.000086
3032.091619,-0.000015
3034.020430,0.000050
3035.949242,0.000078
3037.878053,0.000124
3039.806865,0.000170
3041.735676,0.000263
3043.664488,0.000406
3045.593299,0.000395
3047.522111,0.000270
3049.450922,0.000278
3051.379734,0.000436
3053.308545,0.000532
3055.237356,0.000519
3057.166168,0.000595
3059.094979,0.000683
3061.023791,0.000682
3062.952602,0.000688
3064.881414,0.000603
3066.810225,0.000569
3068.739037,0.000698
3070.667848,0.000690
3072.596660,0.000660
3074.525471,0.000773
3076.454283,0.000809
3078.383094,0.000782
3080.311905,0.000812
3082.240717,0.000933
3084.169528,0.001162
3086.098340,0.001333
3088.027151,0.001345
3089.955963,0.001341
3091.884774,0.001460
3093.813586,0.001704
3095.742397,0.001993
3097.671209,0.002328
3099.600020,0.002774
3101.528832,0.003193
3103.457643,0.003473
3105.386454,0.003787
3107.315266,0.004111
3109.244077,0.004224
3111.172889,0.004260
3113.101700,0.004309
3115.030512,0.004252
3116.959323,0.004142
3118.888135,0.003981
3120.816946,0.003802
3122.745758,0.003699
3124.674569,0.003588
3126.603381,0.003387
3128.532192,0.003063
3130.461003,0.002597
3132.389815,0.002003
3134.318626,0.001450
3136.247438,0.001152
3138.176249,0.000950
3140.105061,0.000750
3142.033872,0.000683
3143.962684,0.000573
3145.891495,0.000310
3147.820307,0.000202
3149.749118,0.000291
3151.677930,0.000297
3153.606741,0.000266
3155.535552,0.000297
3157.464364,0.000266
3159.393175,0.000228
3161.321987,0.000188
3163.250798,0.000061
3165.179610,0.000034
3167.108421,0.000080
3169.037233,0.000039
3170.966044,0.000078
3172.894856,0.000142
3174.823667,0.000025
3176.752479,-0.000103
3178.681290,-0.000158
3180.610102,-0.000177
3182.538913,-0.000116
3184.467724,-0.000076
3186.396536,-0.000108
3188.325347,-0.000075
3190.254159,0.000042
3192.182970,0.000096
3194.111782,0.000000
3196.040593,-0.000096
3197.969405,-0.000101
3199.898216,-0.000099
3201.827028,-0.000127
3203.755839,-0.000149
3205.684651,-0.000087
3207.613462,-0.000066
3209.542273,-0.000213
3211.471085,-0.000266
3213.399896,-0.000096
3215.328708,-0.000057
3217.257519,-0.000232
3219.186331,-0.000298
3221.115142,-0.000262
3223.043954,-0.000231
3224.972765,-0.000160
3226.901577,-0.000153
3228.830388,-0.000181
3230.759200,-0.000064
3232.688011,0.000053
3234.616822,-0.000017
3236.545634,-0.000036
3238.474445,0.000074
3240.403257,0.000095
3242.332068,0.000115
3244.260880,0.000177
3246.189691,0.000224
3248.118503,0.000251
3250.047314,0.000136
3251.976126,0.000036
3253.904937,0.000124
3255.833749,0.000245
3257.762560,0.000228
3259.691371,-0.000001
3261.620183,-0.000129
3263.548994,0.000063
3265.477806,0.000185
3267.406617,0.000193
3269.335429,0.000288
3271.264240,0.000378
3273.193052,0.000477
3275.121863,0.000480
3277.050675,0.000348
3278.979486,0.000265
3280.908298,0.000232
3282.837109,0.000201
3284.765920,0.000099
3286.694732,-0.000040
3288.623543,-0.000120
3290.552355,-0.000191
3292.481166,-0.000140
3294.409978,0.000022
3296.338789,0.000028
3298.267601,-0.000060
3300.196412,-0.000074
3302.125224,-0.000071
3304.054035,-0.000034
3305.982847,-0.000011
3307.911658,-0.000118
3309.840469,-0.000145
3311.769281,-0.000030
3313.698092,0.000020
3315.626904,0.000075
3317.555715,0.000087
3319.484527,-0.000161
3321.413338,-0.000385
3323.342150,-0.000213
3325.270961,0.000084
3327.199773,0.000041
3329.128584,-0.000149
3331.057396,-0.000154
3332.986207,-0.000021
3334.915018,0.000039
3336.843830,-0.000024
3338.772641,-0.000043
3340.701453,-0.000012
3342.630264,0.000005
3344.559076,0.000194
3346.487887,0.000457
3348.416699,0.000584
3350.345510,0.000632
3352.274322,0.000644
3354.203133,0.000747
3356.131945,0.000888
3358.060756,0.000954
3359.989568,0.001000
3361.918379,0.000829
3363.847190,0.000512
3365.776002,0.000448
3367.704813,0.000628
3369.633625,0.000875
3371.562436,0.000873
3373.491248,0.000504
3375.420059,0.000351
3377.348871,0.000482
3379.277682,0.000560
3381.206494,0.000777
3383.135305,0.001173
3385.064117,0.001503
3386.992928,0.001511
3388.921739,0.001375
3390.850551,0.001469
3392.779362,0.001396
3394.708174,0.001060
3396.636985,0.000983
3398.565797,0.001122
3400.494608,0.001167
3402.423420,0.001141
3404.352231,0.001132
3406.281043,0.001036
3408.209854,0.001043
3410.138666,0.001165
3412.067477,0.001056
3413.996288,0.001004
3415.925100,0.001060
3417.853911,0.000945
3419.782723,0.000778
3421.711534,0.000605
3423.640346,0.000681
3425.569157,0.000887
3427.497969,0.000844
3429.426780,0.000938
3431.355592,0.001121
3433.284403,0.001139
3435.213215,0.001446
3437.142026,0.001848
3439.070837,0.001865
3440.999649,0.001778
3442.928460,0.001747
3444.857272,0.001665
3446.786083,0.001545
3448.714895,0.001460
3450.643706,0.001511
3452.572518,0.001469
3454.501329,0.001277
3456.430141,0.001175
3458.358952,0.000925
3460.287764,0.000512
3462.216575,0.000383
3464.145386,0.000417
3466.074198,0.000186
3468.003009,-0.000057
3469.931821,-0.000046
3471.860632,-0.000162
3473.789444,-0.000331
3475.718255,-0.000271
3477.647067,-0.000252
3479.575878,-0.000322
3481.504690,-0.000354
3483.433501,-0.000257
3485.362313,-0.000140
3487.291124,-0.000098
3489.219935,-0.000098
3491.148747,-0.000093
3493.077558,0.000048
3495.006370,0.000123
3496.935181,-0.000006
3498.863993,-0.000117
3500.792804,-0.000254
3502.721616,-0.000256
3504.650427,-0.000003
3506.579239,0.000189
3508.508050,0.000255
3510.436862,0.000342
3512.365673,0.000651
3514.294484,0.000959
3516.223296,0.001035
3518.152107,0.001193
3520.080919,0.001195
3522.009730,0.001177
3523.938542,0.001708
3525.867353,0.002324
3527.796165,0.002845
3529.724976,0.003468
3531.653788,0.004238
3533.582599,0.005128
3535.511411,0.005573
3537.440222,0.005686
3539.369034,0.005787
3541.297845,0.005587
3543.226656,0.005353
3545.155468,0.005320
3547.084279,0.005673
3549.013091,0.006576
3550.941902,0.007256
3552.870714,0.007496
3554.799525,0.008081
3556.728337,0.009029
3558.657148,0.009962
3560.585960,0.010972
3562.514771,0.011805
3564.443583,0.012174
3566.372394,0.012667
3568.301205,0.014061
3570.230017,0.015941
3572.158828,0.016981
3574.087640,0.016844
3576.016451,0.016279
3577.945263,0.015729
3579.874074,0.014581
3581.802886,0.012471
3583.731697,0.010424
3585.660509,0.009487
3587.589320,0.011087
3589.518132,0.013449
3591.446943,0.011809
3593.375754,0.008908
3595.304566,0.009570
3597.233377,0.012106
3599.162189,0.014351
3601.091000,0.015924
3603.019812,0.016584
3604.948623,0.016388
3606.877435,0.015172
3608.806246,0.013674
3610.735058,0.012437
3612.663869,0.011099
3614.592681,0.009851
3616.521492,0.008547
3618.450303,0.006989
3620.379115,0.006342
3622.307926,0.006509
3624.236738,0.006071
3626.165549,0.004494
3628.094361,0.002288
3630.023172,0.002117
3631.951984,0.003947
3633.880795,0.004831
3635.809607,0.004953
3637.738418,0.005161
3639.667230,0.005208
3641.596041,0.005008
3643.524852,0.004257
3645.453664,0.002676
3647.382475,0.000776
3649.311287,-0.000107
3651.240098,0.001094
3653.168910,0.002953
3655.097721,0.003398
3657.026533,0.003517
3658.955344,0.004517
3660.884156,0.005071
3662.812967,0.004962
3664.741779,0.004439
3666.670590,0.003349
3668.599401,0.001718
3670.528213,0.000502
3672.457024,0.000561
3674.385836,0.000110
3676.314647,0.000026
3678.243459,0.001989
3680.172270,0.003675
3682.101082,0.004359
3684.029893,0.004356
3685.958705,0.003332
3687.887516,0.001757
3689.816328,0.001256
3691.745139,0.002602
3693.673951,0.004260
3695.602762,0.004933
3697.531573,0.004916
3699.460385,0.004708
3701.389196,0.004328
3703.318008,0.004358
3705.246819,0.004600
3707.175631,0.003906
3709.104442,0.002698
3711.033254,0.002004
3712.962065,0.002640
3714.890877,0.004159
3716.819688,0.004792
3718.748500,0.004660
3720.677311,0.004430
3722.606122,0.004111
3724.534934,0.003973
3726.463745,0.003945
3728.392557,0.003962
3730.321368,0.003347
3732.250180,0.001875
3734.178991,0.001044
3736.107803,0.001471
3738.036614,0.002500
3739.965426,0.003171
3741.894237,0.002426
3743.823049,0.000557
3745.751860,0.000004
3747.680671,0.000697
3749.609483,0.000248
3751.538294,0.000372
3753.467106,0.002396
3755.395917,0.004009
3757.324729,0.004428
3759.253540,0.004312
3761.182352,0.004768
3763.111163,0.005356
3765.039975,0.004995
3766.968786,0.004618
3768.897598,0.004617
3770.826409,0.004921
3772.755220,0.005706
3774.684032,0.006050
3776.612843,0.005739
3778.541655,0.005309
3780.470466,0.005269
3782.399278,0.005630
3784.328089,0.005787
3786.256901,0.005928
3788.185712,0.006240
3790.114524,0.006169
3792.043335,0.005810
3793.972147,0.005270
3795.900958,0.004294
3797.829769,0.003734
3799.758581,0.003262
3801.687392,0.002439
3803.616204,0.003014
3805.545015,0.003705
3807.473827,0.003778
3809.402638,0.004697
3811.331450,0.005382
3813.260261,0.004894
3815.189073,0.003332
3817.117884,0.002274
3819.046696,0.002468
3820.975507,0.002311
3822.904318,0.003099
3824.833130,0.004521
3826.761941,0.004775
3828.690753,0.004767
3830.619564,0.004349
3832.548376,0.003428
3834.477187,0.002934
3836.405999,0.002284
3838.334810,0.001761
3840.263622,0.002487
3842.192433,0.003620
3844.121245,0.004403
3846.050056,0.004899
3847.978867,0.004575
3849.907679,0.003123
3851.836490,0.000927
3853.765302,-0.000265
3855.694113,0.001506
3857.622925,0.003752
3859.551736,0.004120
3861.480548,0.003426
3863.409359,0.002538
3865.338171,0.002102
3867.266982,0.002264
3869.195794,0.001883
3871.124605,0.001925
3873.053417,0.002895
3874.982228,0.003259
3876.911039,0.003350
3878.839851,0.002961
3880.768662,0.002099
3882.697474,0.002163
3884.626285,0.002091
3886.555097,0.001816
3888.483908,0.002384
3890.412720,0.002420
3892.341531,0.002071
3894.270343,0.002412
3896.199154,0.002334
3898.127966,0.001292
3900.056777,0.000331
3901.985588,0.000023
3903.914400,0.000205
3905.843211,0.001064
3907.772023,0.002244
3909.700834,0.002757
3911.629646,0.002592
3913.558457,0.002238
3915.487269,0.001709
3917.416080,0.001279
3919.344892,0.001326
3921.273703,0.001497
3923.202515,0.001350
3925.131326,0.001091
3927.060137,0.001023
3928.988949,0.000974
3930.917760,0.000813
3932.846572,0.000831
3934.775383,0.001095
3936.704195,0.001176
3938.633006,0.001008
3940.561818,0.000678
3942.490629,0.000252
3944.419441,0.000153
3946.348252,0.000251
3948.277064,0.000200
3950.205875,0.000108
3952.134686,0.000022
3954.063498,-0.000022
3955.992309,-0.000036
3957.921121,0.000062
3959.849932,0.000114
3961.778744,0.000138
3963.707555,0.000182
3965.636367,0.000107
3967.565178,-0.000012
3969.493990,-0.000025
3971.422801,0.000120
3973.351613,0.000326
3975.280424,0.000391
3977.209235,0.000391
3979.138047,0.000297
3981.066858,0.000178
3982.995670,0.000182
3984.924481,0.000201
3986.853293,0.000316
3988.782104,0.000430
3990.710916,0.000381
3992.639727,0.000296
3994.568539,0.000289
3996.497350,0.000294
3998.426162,0.000143
4000.354973,0.000125
