898.826141,-0.001691
900.754953,-0.000479
902.683764,-0.000085
904.612576,-0.000244
906.541387,-0.000129
908.470199,0.000184
910.399010,0.000244
912.327822,0.000100
914.256633,0.000080
916.185445,-0.000285
918.114256,-0.000276
920.043068,0.000286
921.971879,-0.000071
923.900690,-0.000786
925.829502,-0.001093
927.758313,-0.001197
929.687125,-0.000670
931.615936,0.000146
933.544748,0.000525
935.473559,0.000294
937.402371,-0.000299
939.331182,-0.000540
941.259994,-0.000353
943.188805,-0.000272
945.117617,-0.000374
947.046428,-0.000353
948.975240,-0.000144
950.904051,-0.000022
952.832862,0.000018
954.761674,0.000080
956.690485,-0.000020
958.619297,-0.000178
960.548108,-0.000162
962.476920,-0.000138
964.405731,-0.000208
966.334543,-0.000205
968.263354,-0.000147
970.192166,-0.000082
972.120977,0.000166
974.049789,0.000385
975.978600,0.000254
977.907411,-0.000034
979.836223,-0.000135
981.765034,-0.000004
983.693846,-0.000050
985.622657,-0.000269
987.551469,-0.000228
989.480280,-0.000151
991.409092,-0.000140
993.337903,0.000011
995.266715,0.000093
997.195526,0.000064
999.124338,0.000083
1001.053149,0.000066
1002.981960,-0.000048
1004.910772,-0.000139
1006.839583,-0.000131
1008.768395,-0.000051
1010.697206,0.000005
1012.626018,-0.000038
1014.554829,-0.000075
1016.483641,-0.000114
1018.412452,-0.000170
1020.341264,-0.000160
1022.270075,-0.000146
1024.198887,-0.000098
1026.127698,-0.000064
1028.056509,-0.000152
1029.985321,-0.000164
1031.914132,-0.000030
1033.842944,0.000062
1035.771755,0.000030
1037.700567,-0.000038
1039.629378,-0.000072
1041.558190,-0.000078
1043.487001,-0.000100
1045.415813,-0.000138
1047.344624,-0.000096
1049.273436,-0.000058
1051.202247,-0.000090
1053.131058,-0.000083
1055.059870,-0.000059
1056.988681,-0.000047
1058.917493,-0.000069
1060.846304,-0.000093
1062.775116,-0.000020
1064.703927,0.000045
1066.632739,0.000015
1068.561550,-0.000031
1070.490362,-0.000080
1072.419173,-0.000105
1074.347985,-0.000056
1076.276796,0.000018
1078.205607,0.000055
1080.134419,0.000027
1082.063230,-0.000017
1083.992042,-0.000007
1085.920853,-0.000010
1087.849665,-0.000033
1089.778476,-0.000023
1091.707288,-0.000013
1093.636099,-0.000025
1095.564911,-0.000063
1097.493722,-0.000099
1099.422534,-0.000104
1101.351345,-0.000079
1103.280156,-0.000029
1105.208968,-0.000005
1107.137779,0.000007
1109.066591,0.000025
1110.995402,0.000031
1112.924214,0.000017
1114.853025,-0.000019
1116.781837,-0.000014
1118.710648,-0.000010
1120.639460,-0.000059
1122.568271,-0.000045
1124.497083,0.000019
1126.425894,0.000037
1128.354706,0.000036
1130.283517,0.000036
1132.212328,-0.000009
1134.141140,-0.000083
1136.069951,-0.000114
1137.998763,-0.000114
1139.927574,-0.000093
1141.856386,-0.000040
1143.785197,-0.000011
1145.714009,-0.000018
1147.642820,0.000022
1149.571632,0.000087
1151.500443,0.000049
1153.429255,0.000003
1155.358066,0.000049
1157.286877,0.000029
1159.215689,-0.000045
1161.144500,-0.000035
1163.073312,-0.000028
1165.002123,-0.000052
1166.930935,-0.000002
1168.859746,0.000051
1170.788558,0.000011
1172.717369,-0.000012
1174.646181,0.000041
1176.574992,0.000054
1178.503804,0.000011
1180.432615,0.000014
1182.361426,0.000026
1184.290238,0.000001
1186.219049,-0.000031
1188.147861,-0.000094
1190.076672,-0.000096
1192.005484,-0.000015
1193.934295,0.000004
1195.863107,-0.000017
1197.791918,-0.000008
1199.720730,0.000018
1201.649541,0.000021
1203.578353,-0.000005
1205.507164,0.000018
1207.435975,0.000030
1209.364787,-0.000033
1211.293598,-0.000058
1213.222410,-0.000017
1215.151221,0.000006
1217.080033,-0.000030
1219.008844,-0.000054
1220.937656,-0.000021
1222.866467,-0.000010
1224.795279,-0.000019
1226.724090,-0.000004
1228.652902,0.000004
1230.581713,0.000051
1232.510524,0.000141
1234.439336,0.000168
1236.368147,0.000158
1238.296959,0.000188
1240.225770,0.000209
1242.154582,0.000203
1244.083393,0.000198
1246.012205,0.000199
1247.941016,0.000241
1249.869828,0.000285
1251.798639,0.000276
1253.727451,0.000264
1255.656262,0.000273
1257.585073,0.000271
1259.513885,0.000230
1261.442696,0.000223
1263.371508,0.000275
1265.300319,0.000266
1267.229131,0.000233
1269.157942,0.000257
1271.086754,0.000276
1273.015565,0.000268
1274.944377,0.000280
1276.873188,0.000291
1278.802000,0.000252
1280.730811,0.000220
1282.659622,0.000213
1284.588434,0.000172
1286.517245,0.000120
1288.446057,0.000077
1290.374868,0.000079
1292.303680,0.000135
1294.232491,0.000150
1296.161303,0.000096
1298.090114,0.000015
1300.018926,-0.000029
1301.947737,-0.000000
1303.876549,0.000027
1305.805360,-0.000017
1307.734172,-0.000092
1309.662983,-0.000091
1311.591794,-0.000048
1313.520606,-0.000035
1315.449417,-0.000039
1317.378229,-0.000058
1319.307040,-0.000044
1321.235852,0.000019
1323.164663,0.000019
1325.093475,0.000017
1327.022286,0.000046
1328.951098,0.000052
1330.879909,0.000097
1332.808721,0.000168
1334.737532,0.000124
1336.666343,-0.000038
1338.595155,-0.000125
1340.523966,-0.000061
1342.452778,0.000004
1344.381589,0.000063
1346.310401,0.000167
1348.239212,0.000165
1350.168024,0.000072
1352.096835,0.000086
1354.025647,0.000159
1355.954458,0.000139
1357.883270,0.000111
1359.812081,0.000068
1361.740892,-0.000070
1363.669704,-0.000066
1365.598515,0.000108
1367.527327,0.000121
1369.456138,0.000031
1371.384950,-0.000062
1373.313761,-0.000140
1375.242573,0.000005
1377.171384,0.000179
1379.100196,0.000185
1381.029007,0.000192
1382.957819,0.000197
1384.886630,0.000115
1386.815441,0.000014
1388.744253,0.000089
1390.673064,0.000214
1392.601876,0.000079
1394.530687,-0.000067
1396.459499,-0.000020
1398.388310,-0.000028
1400.317122,0.000050
1402.245933,0.000144
1404.174745,0.000094
1406.103556,0.000152
1408.032368,0.000268
1409.961179,0.000334
1411.889990,0.000319
1413.818802,0.000243
1415.747613,0.000137
1417.676425,-0.000226
1419.605236,-0.000369
1421.534048,0.000027
1423.462859,0.000201
1425.391671,0.000182
1427.320482,0.000200
1429.249294,0.000102
1431.178105,0.000150
1433.106917,0.000219
1435.035728,-0.000153
1436.964539,-0.000373
1438.893351,0.000036
1440.822162,0.000274
1442.750974,0.000270
1444.679785,0.000302
1446.608597,0.000208
1448.537408,0.000106
1450.466220,0.000162
1452.395031,0.000166
1454.323843,-0.000248
1456.252654,-0.000961
1458.181466,-0.000786
1460.110277,-0.000044
1462.039089,0.000155
1463.967900,0.000016
1465.896711,0.000093
1467.825523,0.000321
1469.754334,0.000141
1471.683146,-0.000379
1473.611957,-0.000440
1475.540769,-0.000086
1477.469580,0.000246
1479.398392,0.000446
1481.327203,0.000477
1483.256015,0.000442
1485.184826,0.000299
1487.113638,0.000017
1489.042449,-0.000172
1490.971260,0.000070
1492.900072,0.000439
1494.828883,0.000291
1496.757695,-0.000032
1498.686506,0.000142
1500.615318,0.000476
1502.544129,0.000467
1504.472941,-0.000266
1506.401752,-0.001084
1508.330564,-0.000549
1510.259375,0.000137
1512.188187,0.000357
1514.116998,0.000282
1516.045809,0.000023
1517.974621,-0.000054
1519.903432,-0.000201
1521.832244,-0.000351
1523.761055,-0.000057
1525.689867,0.000170
1527.618678,0.000376
1529.547490,0.000621
1531.476301,0.000422
1533.405113,0.000162
1535.333924,0.000376
1537.262736,0.000151
1539.191547,-0.000767
1541.120358,-0.000813
1543.049170,-0.000197
1544.977981,0.000248
1546.906793,0.000588
1548.835604,0.000684
1550.764416,0.000657
1552.693227,0.000518
1554.622039,0.000268
1556.550850,-0.000295
1558.479662,-0.001125
1560.408473,-0.000362
1562.337285,0.000801
1564.266096,0.001053
1566.194907,0.001083
1568.123719,0.001018
1570.052530,0.001079
1571.981342,0.001613
1573.910153,0.001761
1575.838965,0.001734
1577.767776,0.002508
1579.696588,0.003390
1581.625399,0.004000
1583.554211,0.004643
1585.483022,0.005389
1587.411834,0.006182
1589.340645,0.006992
1591.269456,0.007740
1593.198268,0.008440
1595.127079,0.009131
1597.055891,0.009686
1598.984702,0.010067
1600.913514,0.010202
1602.842325,0.010013
1604.771137,0.009607
1606.699948,0.009043
1608.628760,0.008385
1610.557571,0.007635
1612.486383,0.006784
1614.415194,0.005560
1616.344005,0.004332
1618.272817,0.005282
1620.201628,0.007650
1622.130440,0.009666
1624.059251,0.011333
1625.988063,0.012489
1627.916874,0.012895
1629.845686,0.012735
1631.774497,0.011961
1633.703309,0.010342
1635.632120,0.008313
1637.560932,0.007148
1639.489743,0.006258
1641.418555,0.004920
1643.347366,0.003568
1645.276177,0.002121
1647.204989,0.000980
1649.133800,0.000732
1651.062612,-0.000037
1652.991423,-0.001128
1654.920235,-0.000348
1656.849046,0.000505
1658.777858,0.000578
1660.706669,0.000388
1662.635481,0.000227
1664.564292,0.000350
1666.493104,0.000371
1668.421915,-0.000021
1670.350726,-0.000025
1672.279538,0.000269
1674.208349,0.000169
1676.137161,0.000248
1678.065972,0.000605
1679.994784,0.000574
1681.923595,0.000079
1683.852407,-0.000412
1685.781218,0.000011
1687.710030,0.000588
1689.638841,0.000686
1691.567653,0.000724
1693.496464,0.000425
1695.425275,-0.000061
1697.354087,-0.000143
1699.282898,-0.000487
1701.211710,-0.000510
1703.140521,0.000031
1705.069333,0.000180
1706.998144,0.000356
1708.926956,0.000599
1710.855767,0.000542
1712.784579,0.000327
1714.713390,-0.000063
1716.642202,-0.000418
1718.571013,-0.000192
1720.499824,0.000276
1722.428636,0.000419
1724.357447,0.000421
1726.286259,0.000457
1728.215070,0.000330
1730.143882,0.000134
1732.072693,-0.000297
1734.001505,-0.000682
1735.930316,-0.000187
1737.859128,0.000108
1739.787939,-0.000079
1741.716751,-0.000011
1743.645562,0.000113
1745.574373,0.000061
1747.503185,-0.000074
1749.431996,-0.000271
1751.360808,-0.000180
1753.289619,0.000141
1755.218431,0.000165
1757.147242,0.000099
1759.076054,0.000154
1761.004865,0.000030
1762.933677,0.000046
1764.862488,0.000179
1766.791300,-0.000010
1768.720111,-0.000260
1770.648922,-0.000505
1772.577734,-0.000616
1774.506545,-0.000297
1776.435357,-0.000046
1778.364168,-0.000052
1780.292980,-0.000079
1782.221791,-0.000015
1784.150603,0.000071
1786.079414,0.000164
1788.008226,0.000240
1789.937037,0.000014
1791.865849,-0.000295
1793.794660,-0.000163
1795.723471,0.000103
1797.652283,0.000171
1799.581094,0.000091
1801.509906,0.000072
1803.438717,0.000231
1805.367529,0.000403
1807.296340,0.000465
1809.225152,0.000409
1811.153963,0.000397
1813.082775,0.000520
1815.011586,0.000589
1816.940398,0.000589
1818.869209,0.000609
1820.798021,0.000648
1822.726832,0.000648
1824.655643,0.000629
1826.584455,0.000694
1828.513266,0.000675
1830.442078,0.000690
1832.370889,0.000941
1834.299701,0.001106
1836.228512,0.001141
1838.157324,0.001232
1840.086135,0.001295
1842.014947,0.001149
1843.943758,0.000959
1845.872570,0.001119
1847.801381,0.001372
1849.730192,0.001452
1851.659004,0.001480
1853.587815,0.001467
1855.516627,0.001412
1857.445438,0.001325
1859.374250,0.001227
1861.303061,0.001138
1863.231873,0.001044
1865.160684,0.000875
1867.089496,0.000541
1869.018307,0.000293
1870.947119,0.000311
1872.875930,0.000606
1874.804741,0.001004
1876.733553,0.000822
1878.662364,0.000352
1880.591176,0.000396
1882.519987,0.000653
1884.448799,0.000846
1886.377610,0.001018
1888.306422,0.001121
1890.235233,0.001328
1892.164045,0.001567
1894.092856,0.001654
1896.021668,0.001726
1897.950479,0.001870
1899.879290,0.001980
1901.808102,0.001989
1903.736913,0.001982
1905.665725,0.001987
1907.594536,0.001928
1909.523348,0.001844
1911.452159,0.001787
1913.380971,0.001729
1915.309782,0.001576
1917.238594,0.001322
1919.167405,0.001203
1921.096217,0.001187
1923.025028,0.001091
1924.953839,0.001008
1926.882651,0.000937
1928.811462,0.000831
1930.740274,0.000730
1932.669085,0.000637
1934.597897,0.000578
1936.526708,0.000510
1938.455520,0.000392
1940.384331,0.000236
1942.313143,0.000126
1944.241954,0.000134
1946.170766,0.000143
1948.099577,0.000117
1950.028388,0.000111
1951.957200,0.000095
1953.886011,0.000091
1955.814823,0.000121
1957.743634,0.000127
1959.672446,0.000105
1961.601257,0.000083
1963.530069,0.000033
1965.458880,0.000005
1967.387692,0.000030
1969.316503,0.000022
1971.245315,0.000009
1973.174126,0.000040
1975.102938,0.000039
1977.031749,0.000006
1978.960560,-0.000009
1980.889372,-0.000023
1982.818183,-0.000001
1984.746995,0.000057
1986.675806,0.000089
1988.604618,0.000083
1990.533429,0.000007
1992.462241,-0.000044
1994.391052,0.000038
1996.319864,0.000095
1998.248675,0.000058
2000.177487,0.000021
2002.106298,0.000024
2004.035109,0.000047
2005.963921,0.000026
2007.892732,0.000001
2009.821544,0.000026
2011.750355,0.000046
2013.679167,0.000022
2015.607978,-0.000012
2017.536790,0.000000
2019.465601,0.000028
2021.394413,0.000039
2023.323224,0.000021
2025.252036,-0.000009
2027.180847,0.000039
2029.109658,0.000102
2031.038470,0.000072
2032.967281,0.000046
2034.896093,0.000076
2036.824904,0.000065
2038.753716,0.000024
2040.682527,0.000015
2042.611339,0.000014
2044.540150,0.000010
2046.468962,0.000016
2048.397773,0.000028
2050.326585,0.000028
2052.255396,0.000018
2054.184207,0.000014
2056.113019,-0.000008
2058.041830,-0.000031
2059.970642,-0.000017
2061.899453,-0.000001
2063.828265,-0.000005
2065.757076,-0.000016
2067.685888,-0.000038
2069.614699,-0.000040
2071.543511,0.000002
2073.472322,0.000009
2075.401134,-0.000034
2077.329945,-0.000047
2079.258756,-0.000015
2081.187568,-0.000012
2083.116379,-0.000032
2085.045191,-0.000006
2086.974002,0.000008
2088.902814,-0.000017
2090.831625,-0.000018
2092.760437,-0.000026
2094.689248,-0.000074
2096.618060,-0.000087
2098.546871,-0.000038
2100.475683,-0.000005
2102.404494,-0.000020
2104.333305,-0.000012
2106.262117,0.000048
2108.190928,0.000059
2110.119740,-0.000017
2112.048551,-0.000068
2113.977363,-0.000064
2115.906174,-0.000040
2117.834986,-0.000027
2119.763797,-0.000030
2121.692609,-0.000045
2123.621420,-0.000068
2125.550232,-0.000057
2127.479043,-0.000037
2129.407854,-0.000034
2131.336666,-0.000036
2133.265477,-0.000025
2135.194289,0.000030
2137.123100,0.000052
2139.051912,0.000013
2140.980723,-0.000031
2142.909535,-0.000072
2144.838346,-0.000077
2146.767158,-0.000071
2148.695969,-0.000069
2150.624781,-0.000040
2152.553592,-0.000001
2154.482404,0.000053
2156.411215,0.000070
2158.340026,0.000019
2160.268838,-0.000029
2162.197649,-0.000040
2164.126461,-0.000011
2166.055272,0.000015
2167.984084,-0.000002
2169.912895,-0.000006
2171.841707,0.000024
2173.770518,0.000007
2175.699330,-0.000039
2177.628141,-0.000002
2179.556953,0.000081
2181.485764,0.000099
2183.414575,0.000072
2185.343387,0.000058
2187.272198,0.000061
2189.201010,0.000073
2191.129821,0.000053
2193.058633,0.000022
2194.987444,0.000067
2196.916256,0.000153
2198.845067,0.000168
2200.773879,0.000138
2202.702690,0.000135
2204.631502,0.000133
2206.560313,0.000113
2208.489124,0.000083
2210.417936,0.000076
2212.346747,0.000138
2214.275559,0.000188
2216.204370,0.000149
2218.133182,0.000099
2220.061993,0.000068
2221.990805,0.000064
2223.919616,0.000112
2225.848428,0.000126
2227.777239,0.000090
2229.706051,0.000111
2231.634862,0.000170
2233.563673,0.000188
2235.492485,0.000170
2237.421296,0.000150
2239.350108,0.000174
2241.278919,0.000208
2243.207731,0.000186
2245.136542,0.000137
2247.065354,0.000091
2248.994165,0.000056
2250.922977,0.000070
2252.851788,0.000113
2254.780600,0.000106
2256.709411,0.000059
2258.638222,0.000051
2260.567034,0.000054
2262.495845,0.000002
2264.424657,-0.000015
2266.353468,0.000041
2268.282280,0.000052
2270.211091,0.000022
2272.139903,-0.000005
2274.068714,-0.000044
2275.997526,-0.000021
2277.926337,0.000079
2279.855149,0.000131
2281.783960,0.000094
2283.712771,0.000059
2285.641583,0.000064
2287.570394,0.000057
2289.499206,0.000029
2291.428017,0.000002
2293.356829,-0.000036
2295.285640,-0.000065
2297.214452,-0.000050
2299.143263,-0.000024
2301.072075,-0.000029
2303.000886,-0.000073
2304.929698,-0.000061
2306.858509,-0.000018
2308.787320,0.000041
2310.716132,0.000055
2312.644943,0.000026
2314.573755,0.000008
2316.502566,-0.000004
2318.431378,-0.000041
2320.360189,-0.000057
2322.289001,-0.000036
2324.217812,-0.000003
2326.146624,0.000087
2328.075435,0.000158
2330.004247,0.000111
2331.933058,0.000035
2333.861870,-0.000024
2335.790681,-0.000049
2337.719492,0.000029
2339.648304,0.000006
2341.577115,-0.000023
2343.505927,0.000158
2345.434738,0.000416
2347.363550,0.000765
2349.292361,0.000944
2351.221173,0.000711
2353.149984,0.000461
2355.078796,0.000340
2357.007607,0.000218
2358.936419,0.000155
2360.865230,0.000104
2362.794041,0.000165
2364.722853,0.000094
2366.651664,-0.000052
2368.580476,-0.000130
2370.509287,-0.000113
2372.438099,-0.000094
2374.366910,-0.000050
2376.295722,-0.000006
2378.224533,0.000009
2380.153345,-0.000003
2382.082156,-0.000072
2384.010968,-0.000005
2385.939779,0.000036
2387.868590,0.000033
2389.797402,0.000037
2391.726213,0.000024
2393.655025,-0.000005
2395.583836,0.000045
2397.512648,0.000109
2399.441459,0.000091
2401.370271,0.000046
2403.299082,0.000004
2405.227894,-0.000029
2407.156705,-0.000001
2409.085517,0.000048
2411.014328,0.000071
2412.943139,0.000090
2414.871951,0.000074
2416.800762,0.000033
2418.729574,0.000025
2420.658385,0.000024
2422.587197,0.000048
2424.516008,0.000086
2426.444820,0.000068
2428.373631,0.000054
2430.302443,0.000052
2432.231254,-0.000003
2434.160066,-0.000015
2436.088877,0.000043
2438.017688,0.000076
2439.946500,0.000076
2441.875311,0.000067
2443.804123,0.000058
2445.732934,0.000067
2447.661746,0.000074
2449.590557,0.000059
2451.519369,0.000073
2453.448180,0.000061
2455.376992,-0.000017
2457.305803,-0.000032
2459.234615,-0.000025
2461.163426,-0.000061
2463.092237,-0.000018
2465.021049,0.000053
2466.949860,0.000043
2468.878672,-0.000002
2470.807483,0.000002
2472.736295,0.000058
2474.665106,0.000061
2476.593918,-0.000010
2478.522729,-0.000059
2480.451541,-0.000073
2482.380352,-0.000078
2484.309164,-0.000057
2486.237975,-0.000015
2488.166786,0.000015
2490.095598,0.000004
2492.024409,-0.000021
2493.953221,-0.000020
2495.882032,-0.000003
2497.810844,0.000002
2499.739655,-0.000022
2501.668467,-0.000014
2503.597278,0.000047
2505.526090,0.000074
2507.454901,0.000067
2509.383713,0.000047
2511.312524,0.000008
2513.241336,0.000009
2515.170147,0.000024
2517.098958,-0.000017
2519.027770,-0.000063
2520.956581,-0.000075
2522.885393,-0.000056
2524.814204,-0.000024
2526.743016,-0.000002
2528.671827,0.000017
2530.600639,0.000018
2532.529450,0.000011
2534.458262,0.000005
2536.387073,-0.000019
2538.315885,-0.000001
2540.244696,0.000040
2542.173507,0.000034
2544.102319,0.000034
2546.031130,0.000011
2547.959942,-0.000054
2549.888753,-0.000074
2551.817565,-0.000052
2553.746376,-0.000050
2555.675188,-0.000042
2557.603999,0.000006
2559.532811,0.000029
2561.461622,0.000008
2563.390434,0.000004
2565.319245,0.000052
2567.248056,0.000085
2569.176868,0.000019
2571.105679,-0.000014
2573.034491,0.000039
2574.963302,0.000027
2576.892114,-0.000035
2578.820925,-0.000051
2580.749737,-0.000004
2582.678548,0.000041
2584.607360,0.000013
2586.536171,-0.000020
2588.464983,-0.000011
2590.393794,0.000006
2592.322605,0.000003
2594.251417,-0.000013
2596.180228,-0.000020
2598.109040,-0.000028
2600.037851,-0.000035
2601.966663,-0.000007
2603.895474,0.000050
2605.824286,0.000073
2607.753097,0.000068
2609.681909,0.000066
2611.610720,0.000032
2613.539532,0.000003
2615.468343,-0.000001
2617.397154,-0.000024
2619.325966,-0.000055
2621.254777,-0.000048
2623.183589,-0.000004
2625.112400,-0.000009
2627.041212,-0.000041
2628.970023,-0.000020
2630.898835,0.000008
2632.827646,0.000024
2634.756458,0.000033
2636.685269,0.000048
2638.614081,0.000079
2640.542892,0.000062
2642.471703,0.000025
2644.400515,0.000041
2646.329326,0.000053
2648.258138,0.000019
2650.186949,0.000018
2652.115761,0.000051
2654.044572,0.000013
2655.973384,-0.000040
2657.902195,-0.000025
2659.831007,0.000018
2661.759818,0.000036
2663.688630,-0.000005
2665.617441,-0.000022
2667.546253,-0.000016
2669.475064,-0.000073
2671.403875,-0.000082
2673.332687,-0.000026
2675.261498,-0.000002
2677.190310,0.000007
2679.119121,0.000004
2681.047933,0.000030
2682.976744,0.000084
2684.905556,0.000091
2686.834367,0.000070
2688.763179,0.000063
2690.691990,0.000071
2692.620802,0.000059
2694.549613,0.000030
2696.478424,0.000015
2698.407236,0.000010
2700.336047,0.000043
2702.264859,0.000017
2704.193670,-0.000059
2706.122482,-0.000037
2708.051293,-0.000010
2709.980105,-0.000029
2711.908916,-0.000046
2713.837728,-0.000057
2715.766539,-0.000013
2717.695351,0.000010
2719.624162,-0.000027
2721.552973,-0.000059
2723.481785,-0.000056
2725.410596,-0.000013
2727.339408,0.000018
2729.268219,0.000018
2731.197031,0.000031
2733.125842,0.000089
2735.054654,0.000086
2736.983465,0.000002
2738.912277,-0.000022
2740.841088,-0.000037
2742.769900,-0.000037
2744.698711,0.000025
2746.627522,0.000043
2748.556334,0.000049
2750.485145,0.000029
2752.413957,-0.000033
2754.342768,-0.000013
2756.271580,-0.000021
2758.200391,-0.000112
2760.129203,-0.000089
2762.058014,0.000022
2763.986826,0.000075
2765.915637,0.000088
2767.844449,0.000078
2769.773260,0.000026
2771.702071,-0.000050
2773.630883,-0.000063
2775.559694,-0.000015
2777.488506,0.000001
2779.417317,0.000026
2781.346129,0.000046
2783.274940,0.000015
2785.203752,-0.000007
2787.132563,-0.000002
2789.061375,0.000041
2790.990186,0.000084
2792.918998,0.000072
2794.847809,-0.000015
2796.776620,-0.000089
2798.705432,-0.000017
2800.634243,0.000073
2802.563055,0.000041
2804.491866,-0.000008
2806.420678,0.000020
2808.349489,0.000067
2810.278301,0.000052
2812.207112,0.000003
2814.135924,-0.000041
2816.064735,-0.000068
2817.993547,-0.000048
2819.922358,-0.000015
2821.851169,0.000028
2823.779981,0.000090
2825.708792,0.000073
2827.637604,0.000014
2829.566415,0.000028
2831.495227,0.000028
2833.424038,0.000003
2835.352850,0.000044
2837.281661,0.000051
2839.210473,-0.000010
2841.139284,-0.000015
2843.068096,0.000039
2844.996907,0.000063
2846.925719,0.000044
2848.854530,0.000037
2850.783341,0.000032
2852.712153,0.000015
2854.640964,0.000049
2856.569776,0.000068
2858.498587,0.000020
2860.427399,0.000031
2862.356210,0.000069
2864.285022,0.000105
2866.213833,0.000210
2868.142645,0.000237
2870.071456,0.000222
2872.000268,0.000270
2873.929079,0.000291
2875.857890,0.000362
2877.786702,0.000425
2879.715513,0.000398
2881.644325,0.000410
2883.573136,0.000447
2885.501948,0.000486
2887.430759,0.000496
2889.359571,0.000423
2891.288382,0.000366
2893.217194,0.000382
2895.146005,0.000425
2897.074817,0.000412
2899.003628,0.000365
2900.932439,0.000349
2902.861251,0.000284
2904.790062,0.000198
2906.718874,0.000216
2908.647685,0.000289
2910.576497,0.000375
2912.505308,0.000535
2914.434120,0.000691
2916.362931,0.000734
2918.291743,0.000694
2920.220554,0.000666
2922.149366,0.000666
2924.078177,0.000575
2926.006988,0.000411
2927.935800,0.000279
2929.864611,0.000155
2931.793423,0.000026
2933.722234,-0.000134
2935.651046,-0.000217
2937.579857,-0.000145
2939.508669,-0.000110
2941.437480,-0.000119
2943.366292,-0.000090
2945.295103,-0.000059
2947.223915,-0.000005
2949.152726,0.000010
2951.081537,-0.000010
2953.010349,-0.000016
2954.939160,-0.000062
2956.867972,-0.000059
2958.796783,0.000029
2960.725595,0.000119
2962.654406,0.000136
2964.583218,-0.000055
2966.512029,-0.000233
2968.440841,-0.000133
2970.369652,-0.000014
2972.298464,0.000009
2974.227275,0.000017
2976.156086,-0.000055
2978.084898,-0.000115
2980.013709,-0.000039
2981.942521,0.000072
2983.871332,0.000081
2985.800144,0.000022
2987.728955,-0.000032
2989.657767,-0.000075
2991.586578,-0.000070
2993.515390,-0.000070
2995.444201,-0.000088
2997.373013,-0.000031
2999.301824,-0.000006
3001.230635,-0.000064
3003.159447,-0.000100
3005.088258,-0.000086
3007.017070,-0.000026
3008.945881,0.000010
3010.874693,0.000011
3012.803504,0.000036
3014.732316,0.000025
3016.661127,-0.000027
3018.589939,-0.000069
3020.518750,-0.000071
3022.447562,-0.000032
3024.376373,-0.000022
3026.305185,0.000025
3028.233996,0.000107
3030.162807,0.000074
3032.091619,-0.000001
3034.020430,-0.000014
3035.949242,-0.000007
3037.878053,0.000012
3039.806865,0.000030
3041.735676,0.000019
3043.664488,0.000027
3045.593299,0.000015
3047.522111,0.000016
3049.450922,0.000138
3051.379734,0.000154
3053.308545,0.000007
3055.237356,-0.000082
3057.166168,-0.000089
3059.094979,-0.000050
3061.023791,-0.000033
3062.952602,0.000007
3064.881414,0.000083
3066.810225,0.000081
3068.739037,0.000080
3070.667848,0.000032
3072.596660,-0.000063
3074.525471,-0.000043
3076.454283,-0.000002
3078.383094,0.000013
3080.311905,0.000083
3082.240717,0.000142
3084.169528,0.000081
3086.098340,0.000012
3088.027151,0.000044
3089.955963,0.000054
3091.884774,0.000021
3093.813586,0.000000
3095.742397,-0.000053
3097.671209,-0.000120
3099.600020,-0.000109
3101.528832,-0.000023
3103.457643,0.000037
3105.386454,0.000072
3107.315266,0.000035
3109.244077,-0.000069
3111.172889,-0.000053
3113.101700,-0.000002
3115.030512,-0.000009
3116.959323,0.000045
3118.888135,0.000060
3120.816946,-0.000002
3122.745758,-0.000027
3124.674569,-0.000014
3126.603381,0.000014
3128.532192,0.000040
3130.461003,0.000044
3132.389815,0.000013
3134.318626,-0.000003
3136.247438,0.000031
3138.176249,0.000022
3140.105061,-0.000000
3142.033872,0.000010
3143.962684,0.000030
3145.891495,0.000080
3147.820307,0.000081
3149.749118,0.000089
3151.677930,0.000165
3153.606741,0.000141
3155.535552,0.000064
3157.464364,0.000049
3159.393175,0.000021
3161.321987,-0.000021
3163.250798,0.000001
3165.179610,0.000072
3167.108421,0.000097
3169.037233,0.000060
3170.966044,0.000015
3172.894856,0.000005
3174.823667,0.000030
3176.752479,0.000031
3178.681290,0.000044
3180.610102,0.000112
3182.538913,0.000108
3184.467724,0.000015
3186.396536,-0.000008
3188.325347,0.000086
3190.254159,0.000205
3192.182970,0.000175
3194.111782,0.000009
3196.040593,-0.000036
3197.969405,0.000019
3199.898216,0.000037
3201.827028,0.000079
3203.755839,0.000118
3205.684651,0.000098
3207.613462,0.000036
3209.542273,0.000007
3211.471085,0.000044
3213.399896,0.000029
3215.328708,-0.000038
3217.257519,-0.000006
3219.186331,0.000094
3221.115142,0.000100
3223.043954,0.000053
3224.972765,0.000048
3226.901577,0.000035
3228.830388,0.000037
3230.759200,0.000105
3232.688011,0.000182
3234.616822,0.000181
3236.545634,0.000067
3238.474445,-0.000041
3240.403257,-0.000009
3242.332068,0.000072
3244.260880,0.000068
3246.189691,-0.000013
3248.118503,-0.000059
3250.047314,0.000009
3251.976126,0.000053
3253.904937,0.000058
3255.833749,0.000116
3257.762560,0.000131
3259.691371,0.000125
3261.620183,0.000102
3263.548994,0.000031
3265.477806,0.000032
3267.406617,0.000046
3269.335429,0.000001
3271.264240,-0.000074
3273.193052,-0.000156
3275.121863,-0.000161
3277.050675,-0.000124
3278.979486,-0.000123
3280.908298,-0.000075
3282.837109,0.000037
3284.765920,0.000108
3286.694732,0.000066
3288.623543,-0.000002
3290.552355,0.000038
3292.481166,0.000070
3294.409978,-0.000017
3296.338789,-0.000085
3298.267601,-0.000046
3300.196412,0.000055
3302.125224,0.000099
3304.054035,0.000101
3305.982847,0.000096
3307.911658,-0.000012
3309.840469,-0.000060
3311.769281,0.000030
3313.698092,0.000022
3315.626904,-0.000053
3317.555715,0.000020
3319.484527,0.000159
3321.413338,0.000102
3323.342150,-0.000063
3325.270961,-0.000085
3327.199773,-0.000004
3329.128584,0.000028
3331.057396,-0.000046
3332.986207,-0.000061
3334.915018,0.000117
3336.843830,0.000182
3338.772641,0.000032
3340.701453,0.000076
3342.630264,0.000222
3344.559076,0.000079
3346.487887,-0.000109
3348.416699,-0.000055
3350.345510,0.000084
3352.274322,0.000103
3354.203133,0.000075
3356.131945,0.000140
3358.060756,0.000119
3359.989568,0.000027
3361.918379,0.000093
3363.847190,0.000114
3365.776002,-0.000011
3367.704813,-0.000026
3369.633625,0.000046
3371.562436,0.000012
3373.491248,-0.000055
3375.420059,-0.000023
3377.348871,0.000009
3379.277682,0.000006
3381.206494,0.000076
3383.135305,0.000188
3385.064117,0.000219
3386.992928,0.000073
3388.921739,-0.000031
3390.850551,0.000063
3392.779362,0.000020
3394.708174,-0.000154
3396.636985,-0.000174
3398.565797,-0.000036
3400.494608,0.000133
3402.423420,0.000153
3404.352231,0.000154
3406.281043,0.000192
3408.209854,0.000054
3410.138666,-0.000061
3412.067477,-0.000049
3413.996288,-0.000042
3415.925100,-0.000013
3417.853911,-0.000001
3419.782723,0.000051
3421.711534,0.000101
3423.640346,0.000021
3425.569157,-0.000047
3427.497969,-0.000071
3429.426780,-0.000049
3431.355592,0.000055
3433.284403,0.000093
3435.213215,0.000054
3437.142026,0.000096
3439.070837,0.000132
3440.999649,-0.000022
3442.928460,-0.000148
3444.857272,-0.000020
3446.786083,0.000089
3448.714895,-0.000020
3450.643706,-0.000110
3452.572518,-0.000013
3454.501329,0.000136
3456.430141,0.000242
3458.358952,0.000257
3460.287764,0.000096
3462.216575,-0.000045
3464.145386,-0.000005
3466.074198,0.000071
3468.003009,0.000072
3469.931821,0.000016
3471.860632,0.000017
3473.789444,0.000139
3475.718255,0.000175
3477.647067,0.000025
3479.575878,-0.000125
3481.504690,-0.000189
3483.433501,-0.000156
3485.362313,-0.000036
3487.291124,0.000014
3489.219935,-0.000041
3491.148747,0.000061
3493.077558,0.000249
3495.006370,0.000161
3496.935181,0.000096
3498.863993,0.000217
3500.792804,0.000096
3502.721616,-0.000021
3504.650427,0.000103
3506.579239,0.000063
3508.508050,-0.000040
3510.436862,0.000025
3512.365673,0.000113
3514.294484,0.000253
3516.223296,0.000208
3518.152107,-0.000061
3520.080919,0.000014
3522.009730,0.000164
3523.938542,0.000083
3525.867353,0.000119
3527.796165,0.000075
3529.724976,-0.000007
3531.653788,0.000163
3533.582599,0.000284
3535.511411,0.000207
3537.440222,0.000070
3539.369034,0.000004
3541.297845,0.000089
3543.226656,0.000117
3545.155468,-0.000075
3547.084279,-0.000187
3549.013091,-0.000105
3550.941902,0.000031
3552.870714,0.000253
3554.799525,0.000406
3556.728337,0.000411
3558.657148,0.000336
3560.585960,0.000197
3562.514771,0.000166
3564.443583,0.000149
3566.372394,-0.000020
3568.301205,-0.000037
3570.230017,0.000141
3572.158828,0.000172
3574.087640,0.000133
3576.016451,0.000258
3577.945263,0.000404
3579.874074,0.000400
3581.802886,0.000313
3583.731697,0.000218
3585.660509,0.000002
3587.589320,-0.000236
3589.518132,-0.000102
3591.446943,0.000135
3593.375754,0.000100
3595.304566,0.000110
3597.233377,0.000276
3599.162189,0.000260
3601.091000,0.000164
3603.019812,0.000216
3604.948623,0.000158
3606.877435,-0.000065
3608.806246,-0.000128
3610.735058,-0.000068
3612.663869,-0.000034
3614.592681,0.000159
3616.521492,0.000287
3618.450303,0.000055
3620.379115,-0.000044
3622.307926,0.000178
3624.236738,0.000247
3626.165549,-0.000077
3628.094361,-0.000512
3630.023172,-0.000387
3631.951984,0.000013
3633.880795,0.000118
3635.809607,0.000210
3637.738418,0.000352
3639.667230,0.000330
3641.596041,0.000290
3643.524852,0.000232
3645.453664,-0.000093
3647.382475,-0.000516
3649.311287,-0.000640
3651.240098,-0.000352
3653.168910,-0.000016
3655.097721,-0.000008
3657.026533,-0.000010
3658.955344,0.000281
3660.884156,0.000495
3662.812967,0.000494
3664.741779,0.000382
3666.670590,0.000186
3668.599401,-0.000070
3670.528213,-0.000221
3672.457024,-0.000227
3674.385836,-0.000373
3676.314647,-0.000410
3678.243459,-0.000032
3680.172270,0.000324
3682.101082,0.000441
3684.029893,0.000382
3685.958705,0.000137
3687.887516,-0.000203
3689.816328,-0.000254
3691.745139,0.000102
3693.673951,0.000467
3695.602762,0.000553
3697.531573,0.000468
3699.460385,0.000398
3701.389196,0.000364
3703.318008,0.000464
3705.246819,0.000520
3707.175631,0.000300
3709.104442,0.000045
3711.033254,-0.000075
3712.962065,-0.000023
3714.890877,0.000246
3716.819688,0.000476
3718.748500,0.000456
3720.677311,0.000358
3722.606122,0.000379
3724.534934,0.000333
3726.463745,0.000204
3728.392557,0.000205
3730.321368,0.000206
3732.250180,0.000052
3734.178991,-0.000134
3736.107803,-0.000080
3738.036614,0.000212
3739.965426,0.000405
3741.894237,0.000248
3743.823049,-0.000214
3745.751860,-0.000399
3747.680671,-0.000311
3749.609483,-0.000443
3751.538294,-0.000399
3753.467106,0.000031
3755.395917,0.000402
3757.324729,0.000461
3759.253540,0.000202
3761.182352,0.000113
3763.111163,0.000318
3765.039975,0.000366
3766.968786,0.000336
3768.897598,0.000396
3770.826409,0.000401
3772.755220,0.000444
3774.684032,0.000527
3776.612843,0.000491
3778.541655,0.000388
3780.470466,0.000382
3782.399278,0.000446
3784.328089,0.000490
3786.256901,0.000598
3788.185712,0.000645
3790.114524,0.000554
3792.043335,0.000556
3793.972147,0.000525
3795.900958,0.000382
3797.829769,0.000335
3799.758581,0.000122
3801.687392,-0.000128
3803.616204,0.000106
3805.545015,0.000278
3807.473827,0.000234
3809.402638,0.000445
3811.331450,0.000593
3813.260261,0.000427
3815.189073,0.000173
3817.117884,0.000050
3819.046696,0.000045
3820.975507,0.000004
3822.904318,0.000169
3824.833130,0.000493
3826.761941,0.000567
3828.690753,0.000450
3830.619564,0.000346
3832.548376,0.000209
3834.477187,0.000044
3836.405999,-0.000118
3838.334810,-0.000181
3840.263622,-0.000010
3842.192433,0.000219
3844.121245,0.000414
3846.050056,0.000634
3847.978867,0.000658
3849.907679,0.000365
3851.836490,-0.000209
3853.765302,-0.000695
3855.694113,-0.000320
3857.622925,0.000303
3859.551736,0.000418
3861.480548,0.000295
3863.409359,0.000224
3865.338171,0.000178
3867.266982,0.000113
3869.195794,-0.000040
3871.124605,-0.000036
3873.053417,0.000067
3874.982228,0.000133
3876.911039,0.000337
3878.839851,0.000312
3880.768662,0.000079
3882.697474,0.000059
3884.626285,0.000009
3886.555097,-0.000012
3888.483908,0.000115
3890.412720,0.000100
3892.341531,0.000122
3894.270343,0.000324
3896.199154,0.000271
3898.127966,-0.000048
3900.056777,-0.000147
3901.985588,-0.000118
3903.914400,-0.000154
3905.843211,0.000001
3907.772023,0.000229
3909.700834,0.000342
3911.629646,0.000384
3913.558457,0.000227
3915.487269,-0.000097
3917.416080,-0.000269
3919.344892,-0.000196
3921.273703,0.000021
3923.202515,0.000213
3925.131326,0.000185
3927.060137,0.000064
3928.988949,0.000008
3930.917760,-0.000034
3932.846572,0.000020
3934.775383,0.000169
3936.704195,0.000202
3938.633006,0.000096
3940.561818,-0.000055
3942.490629,-0.000157
3944.419441,-0.000075
3946.348252,0.000028
3948.277064,-0.000004
3950.205875,0.000004
3952.134686,0.000051
3954.063498,0.000025
3955.992309,-0.000018
3957.921121,-0.000058
3959.849932,-0.000079
3961.778744,-0.000048
3963.707555,-0.000019
3965.636367,-0.000012
3967.565178,-0.000079
3969.493990,-0.000147
3971.422801,-0.000062
3973.351613,0.000023
3975.280424,-0.000016
3977.209235,-0.000017
3979.138047,0.000052
3981.066858,0.000096
3982.995670,0.000120
3984.924481,0.000114
3986.853293,0.000029
3988.782104,-0.000046
3990.710916,-0.000049
3992.639727,-0.000016
3994.568539,0.000036
3996.497350,-0.000003
3998.426162,-0.000090
4000.354973,-0.000054
