898.826141,0.000742
900.754953,0.001560
902.683764,0.001723
904.612576,0.001467
906.541387,0.001430
908.470199,0.001756
910.399010,0.001079
912.327822,-0.000135
914.256633,-0.000614
916.185445,-0.000653
918.114256,0.000159
920.043068,0.000737
921.971879,0.000164
923.900690,-0.000195
925.829502,-0.000392
927.758313,-0.000209
929.687125,0.000737
931.615936,0.001529
933.544748,0.001673
935.473559,0.000847
937.402371,-0.000255
939.331182,-0.000697
941.259994,-0.000803
943.188805,-0.000736
945.117617,-0.000609
947.046428,-0.000606
948.975240,-0.000372
950.904051,-0.000042
952.832862,0.000012
954.761674,0.000003
956.690485,0.000105
958.619297,0.000085
960.548108,-0.000110
962.476920,-0.000077
964.405731,0.000155
966.334543,0.000157
968.263354,0.000068
970.192166,0.000077
972.120977,0.000077
974.049789,0.000047
975.978600,-0.000047
977.907411,-0.000182
979.836223,-0.000108
981.765034,0.000112
983.693846,0.000053
985.622657,-0.000119
987.551469,-0.000095
989.480280,-0.000087
991.409092,-0.000087
993.337903,0.000076
995.266715,0.000268
997.195526,0.000294
999.124338,0.000259
1001.053149,0.000277
1002.981960,0.000143
1004.910772,-0.000066
1006.839583,-0.000033
1008.768395,0.000130
1010.697206,0.000143
1012.626018,0.000023
1014.554829,-0.000068
1016.483641,-0.000136
1018.412452,-0.000240
1020.341264,-0.000222
1022.270075,-0.000060
1024.198887,0.000015
1026.127698,-0.000002
1028.056509,-0.000037
1029.985321,-0.000084
1031.914132,-0.000019
1033.842944,0.000110
1035.771755,0.000152
1037.700567,0.000132
1039.629378,0.000145
1041.558190,0.000189
1043.487001,0.000131
1045.415813,0.000059
1047.344624,0.000117
1049.273436,0.000129
1051.202247,0.000099
1053.131058,0.000173
1055.059870,0.000226
1056.988681,0.000201
1058.917493,0.000148
1060.846304,0.000106
1062.775116,0.000147
1064.703927,0.000170
1066.632739,0.000101
1068.561550,0.000092
1070.490362,0.000153
1072.419173,0.000165
1074.347985,0.000156
1076.276796,0.000177
1078.205607,0.000181
1080.134419,0.000167
1082.063230,0.000207
1083.992042,0.000250
1085.920853,0.000199
1087.849665,0.000139
1089.778476,0.000153
1091.707288,0.000132
1093.636099,0.000062
1095.564911,-0.000022
1097.493722,-0.000117
1099.422534,-0.000158
1101.351345,-0.000124
1103.280156,-0.000063
1105.208968,-0.000030
1107.137779,-0.000026
1109.066591,0.000006
1110.995402,0.000036
1112.924214,-0.000004
1114.853025,-0.000048
1116.781837,-0.000045
1118.710648,-0.000084
1120.639460,-0.000148
1122.568271,-0.000108
1124.497083,-0.000034
1126.425894,-0.000057
1128.354706,-0.000141
1130.283517,-0.000167
1132.212328,-0.000173
1134.141140,-0.000234
1136.069951,-0.000254
1137.998763,-0.000226
1139.927574,-0.000231
1141.856386,-0.000247
1143.785197,-0.000249
1145.714009,-0.000230
1147.642820,-0.000183
1149.571632,-0.000135
1151.500443,-0.000144
1153.429255,-0.000170
1155.358066,-0.000151
1157.286877,-0.000148
1159.215689,-0.000176
1161.144500,-0.000205
1163.073312,-0.000220
1165.002123,-0.000197
1166.930935,-0.000157
1168.859746,-0.000155
1170.788558,-0.000200
1172.717369,-0.000227
1174.646181,-0.000198
1176.574992,-0.000191
1178.503804,-0.000199
1180.432615,-0.000141
1182.361426,-0.000124
1184.290238,-0.000154
1186.219049,-0.000141
1188.147861,-0.000161
1190.076672,-0.000163
1192.005484,-0.000104
1193.934295,-0.000082
1195.863107,-0.000100
1197.791918,-0.000110
1199.720730,-0.000136
1201.649541,-0.000179
1203.578353,-0.000185
1205.507164,-0.000109
1207.435975,-0.000051
1209.364787,-0.000052
1211.293598,0.000023
1213.222410,0.000127
1215.151221,0.000246
1217.080033,0.000430
1219.008844,0.000583
1220.937656,0.000832
1222.866467,0.001100
1224.795279,0.001332
1226.724090,0.001830
1228.652902,0.002414
1230.581713,0.003011
1232.510524,0.003861
1234.439336,0.004790
1236.368147,0.005905
1238.296959,0.007409
1240.225770,0.009047
1242.154582,0.011173
1244.083393,0.014047
1246.012205,0.017234
1247.941016,0.020732
1249.869828,0.024153
1251.798639,0.026622
1253.727451,0.027005
1255.656262,0.025504
1257.585073,0.024513
1259.513885,0.025437
1261.442696,0.028777
1263.371508,0.030853
1265.300319,0.027629
1267.229131,0.025133
1269.157942,0.027068
1271.086754,0.028395
1273.015565,0.026811
1274.944377,0.023298
1276.873188,0.019166
1278.802000,0.015713
1280.730811,0.013073
1282.659622,0.010867
1284.588434,0.008877
1286.517245,0.007277
1288.446057,0.005880
1290.374868,0.004666
1292.303680,0.003763
1294.232491,0.002870
1296.161303,0.002211
1298.090114,0.001762
1300.018926,0.001257
1301.947737,0.000894
1303.876549,0.000578
1305.805360,0.000227
1307.734172,0.000106
1309.662983,0.000104
1311.591794,-0.000083
1313.520606,-0.000258
1315.449417,-0.000330
1317.378229,-0.000425
1319.307040,-0.000386
1321.235852,-0.000170
1323.164663,-0.000112
1325.093475,-0.000148
1327.022286,0.000074
1328.951098,0.000312
1330.879909,0.000359
1332.808721,0.000381
1334.737532,0.000271
1336.666343,-0.000008
1338.595155,-0.000226
1340.523966,-0.000106
1342.452778,0.000274
1344.381589,0.000520
1346.310401,0.000632
1348.239212,0.000710
1350.168024,0.000706
1352.096835,0.000725
1354.025647,0.000772
1355.954458,0.000815
1357.883270,0.000866
1359.812081,0.000572
1361.740892,-0.000036
1363.669704,0.000024
1365.598515,0.000582
1367.527327,0.000649
1369.456138,0.000554
1371.384950,0.000397
1373.313761,-0.000054
1375.242573,-0.000014
1377.171384,0.000348
1379.100196,0.000359
1381.029007,0.000387
1382.957819,0.000450
1384.886630,0.000108
1386.815441,-0.000221
1388.744253,0.000184
1390.673064,0.000642
1392.601876,0.000036
1394.530687,-0.000635
1396.459499,-0.000499
1398.388310,-0.000404
1400.317122,0.000024
1402.245933,0.000508
1404.174745,0.000305
1406.103556,0.000375
1408.032368,0.000762
1409.961179,0.000866
1411.889990,0.000847
1413.818802,0.000832
1415.747613,0.000425
1417.676425,-0.000788
1419.605236,-0.001075
1421.534048,0.000057
1423.462859,0.000555
1425.391671,0.000700
1427.320482,0.000775
1429.249294,0.000415
1431.178105,0.000566
1433.106917,0.000780
1435.035728,-0.000403
1436.964539,-0.001100
1438.893351,0.000282
1440.822162,0.001094
1442.750974,0.001096
1444.679785,0.001070
1446.608597,0.000645
1448.537408,0.000526
1450.466220,0.000778
1452.395031,0.000650
1454.323843,-0.000601
1456.252654,-0.002883
1458.181466,-0.002434
1460.110277,0.000151
1462.039089,0.000888
1463.967900,0.000174
1465.896711,0.000325
1467.825523,0.001186
1469.754334,0.000572
1471.683146,-0.001162
1473.611957,-0.001318
1475.540769,-0.000183
1477.469580,0.000863
1479.398392,0.001458
1481.327203,0.001550
1483.256015,0.001587
1485.184826,0.001222
1487.113638,0.000226
1489.042449,-0.000516
1490.971260,0.000168
1492.900072,0.001268
1494.828883,0.000767
1496.757695,-0.000188
1498.686506,0.000319
1500.615318,0.001321
1502.544129,0.001502
1504.472941,-0.000636
1506.401752,-0.003283
1508.330564,-0.001675
1510.259375,0.000493
1512.188187,0.001259
1514.116998,0.001132
1516.045809,0.000284
1517.974621,-0.000122
1519.903432,-0.000764
1521.832244,-0.001178
1523.761055,0.000020
1525.689867,0.000826
1527.618678,0.001467
1529.547490,0.002308
1531.476301,0.001743
1533.405113,0.000979
1535.333924,0.001838
1537.262736,0.001218
1539.191547,-0.001817
1541.120358,-0.001933
1543.049170,0.000179
1544.977981,0.001979
1546.906793,0.003421
1548.835604,0.004009
1550.764416,0.004410
1552.693227,0.004618
1554.622039,0.004807
1556.550850,0.004196
1558.479662,0.003314
1560.408473,0.008445
1562.337285,0.014926
1564.266096,0.019505
1566.194907,0.024618
1568.123719,0.030145
1570.052530,0.038422
1571.981342,0.049857
1573.910153,0.060770
1575.838965,0.075503
1577.767776,0.096212
1579.696588,0.117943
1581.625399,0.141963
1583.554211,0.168502
1585.483022,0.197401
1587.411834,0.228549
1589.340645,0.261720
1591.269456,0.295892
1593.198268,0.326253
1595.127079,0.349420
1597.055891,0.363528
1598.984702,0.370105
1600.913514,0.368189
1602.842325,0.359690
1604.771137,0.349182
1606.699948,0.333520
1608.628760,0.313249
1610.557571,0.285125
1612.486383,0.253531
1614.415194,0.219612
1616.344005,0.187706
1618.272817,0.215037
1620.201628,0.301756
1622.130440,0.392960
1624.059251,0.457374
1625.988063,0.493848
1627.916874,0.510177
1629.845686,0.502475
1631.774497,0.467808
1633.703309,0.416513
1635.632120,0.348861
1637.560932,0.286574
1639.489743,0.236054
1641.418555,0.182623
1643.347366,0.134603
1645.276177,0.094912
1647.204989,0.059704
1649.133800,0.037582
1651.062612,0.022102
1652.991423,0.007647
1654.920235,0.003985
1656.849046,0.004608
1658.777858,0.003419
1660.706669,0.001781
1662.635481,0.000532
1664.564292,0.000587
1666.493104,0.000616
1668.421915,-0.000799
1670.350726,-0.000697
1672.279538,0.000464
1674.208349,0.000595
1676.137161,0.001612
1678.065972,0.003505
1679.994784,0.004190
1681.923595,0.003177
1683.852407,0.001755
1685.781218,0.002944
1687.710030,0.004346
1689.638841,0.003720
1691.567653,0.002886
1693.496464,0.000630
1695.425275,-0.000742
1697.354087,0.003427
1699.282898,0.003701
1701.211710,-0.001111
1703.140521,-0.001166
1705.069333,0.001025
1706.998144,0.003899
1708.926956,0.006982
1710.855767,0.008439
1712.784579,0.008687
1714.713390,0.007946
1716.642202,0.006579
1718.571013,0.006795
1720.499824,0.008223
1722.428636,0.008667
1724.357447,0.008626
1726.286259,0.008965
1728.215070,0.009223
1730.143882,0.009742
1732.072693,0.009745
1734.001505,0.010640
1735.930316,0.014584
1737.859128,0.017404
1739.787939,0.018687
1741.716751,0.020206
1743.645562,0.021041
1745.574373,0.020733
1747.503185,0.019837
1749.431996,0.018846
1751.360808,0.019150
1753.289619,0.020482
1755.218431,0.020677
1757.147242,0.020060
1759.076054,0.018936
1761.004865,0.015966
1762.933677,0.012655
1764.862488,0.010146
1766.791300,0.006915
1768.720111,0.003798
1770.648922,0.001264
1772.577734,-0.000379
1774.506545,-0.000058
1776.435357,0.000425
1778.364168,0.000207
1780.292980,0.000054
1782.221791,0.000381
1784.150603,0.000769
1786.079414,0.001188
1788.008226,0.001611
1789.937037,0.000943
1791.865849,-0.000221
1793.794660,-0.000042
1795.723471,0.000633
1797.652283,0.000603
1799.581094,0.000051
1801.509906,-0.000036
1803.438717,0.000767
1805.367529,0.001533
1807.296340,0.001728
1809.225152,0.001517
1811.153963,0.001377
1813.082775,0.001564
1815.011586,0.001612
1816.940398,0.001459
1818.869209,0.001380
1820.798021,0.001349
1822.726832,0.001056
1824.655643,0.000745
1826.584455,0.000879
1828.513266,0.000763
1830.442078,0.000800
1832.370889,0.001655
1834.299701,0.002237
1836.228512,0.002380
1838.157324,0.002610
1840.086135,0.002737
1842.014947,0.002260
1843.943758,0.001687
1845.872570,0.002183
1847.801381,0.002877
1849.730192,0.003107
1851.659004,0.003273
1853.587815,0.003270
1855.516627,0.003127
1857.445438,0.002936
1859.374250,0.002733
1861.303061,0.002466
1863.231873,0.002104
1865.160684,0.001500
1867.089496,0.000382
1869.018307,-0.000357
1870.947119,-0.000177
1872.875930,0.000796
1874.804741,0.002074
1876.733553,0.001610
1878.662364,0.000241
1880.591176,0.000368
1882.519987,0.001101
1884.448799,0.001678
1886.377610,0.002252
1888.306422,0.002590
1890.235233,0.003170
1892.164045,0.003900
1894.092856,0.004297
1896.021668,0.004621
1897.950479,0.004994
1899.879290,0.005246
1901.808102,0.005356
1903.736913,0.005431
1905.665725,0.005394
1907.594536,0.005175
1909.523348,0.004984
1911.452159,0.004853
1913.380971,0.004658
1915.309782,0.004168
1917.238594,0.003461
1919.167405,0.003242
1921.096217,0.003244
1923.025028,0.002963
1924.953839,0.002772
1926.882651,0.002571
1928.811462,0.002262
1930.740274,0.001991
1932.669085,0.001705
1934.597897,0.001478
1936.526708,0.001265
1938.455520,0.001016
1940.384331,0.000628
1942.313143,0.000230
1944.241954,0.000239
1946.170766,0.000388
1948.099577,0.000383
1950.028388,0.000335
1951.957200,0.000283
1953.886011,0.000228
1955.814823,0.000196
1957.743634,0.000177
1959.672446,0.000161
1961.601257,0.000180
1963.530069,0.000185
1965.458880,0.000054
1967.387692,-0.000043
1969.316503,0.000047
1971.245315,0.000128
1973.174126,0.000117
1975.102938,0.000101
1977.031749,0.000091
1978.960560,0.000101
1980.889372,0.000112
1982.818183,0.000120
1984.746995,0.000132
1986.675806,0.000115
1988.604618,0.000050
1990.533429,-0.000103
1992.462241,-0.000158
1994.391052,0.000016
1996.319864,0.000119
1998.248675,0.000126
2000.177487,0.000178
2002.106298,0.000173
2004.035109,0.000136
2005.963921,0.000101
2007.892732,0.000081
2009.821544,0.000122
2011.750355,0.000167
2013.679167,0.000126
2015.607978,-0.000005
2017.536790,-0.000044
2019.465601,0.000059
2021.394413,0.000112
2023.323224,0.000111
2025.252036,0.000147
2027.180847,0.000184
2029.109658,0.000141
2031.038470,0.000063
2032.967281,0.000057
2034.896093,0.000056
2036.824904,0.000034
2038.753716,0.000055
2040.682527,0.000086
2042.611339,0.000079
2044.540150,0.000055
2046.468962,0.000060
2048.397773,0.000085
2050.326585,0.000090
2052.255396,0.000107
2054.184207,0.000135
2056.113019,0.000123
2058.041830,0.000071
2059.970642,0.000036
2061.899453,0.000034
2063.828265,0.000011
2065.757076,-0.000005
2067.685888,0.000018
2069.614699,0.000057
2071.543511,0.000083
2073.472322,0.000040
2075.401134,0.000007
2077.329945,0.000047
2079.258756,0.000074
2081.187568,0.000084
2083.116379,0.000111
2085.045191,0.000152
2086.974002,0.000150
2088.902814,0.000108
2090.831625,0.000118
2092.760437,0.000111
2094.689248,0.000066
2096.618060,0.000098
2098.546871,0.000143
2100.475683,0.000142
2102.404494,0.000154
2104.333305,0.000157
2106.262117,0.000161
2108.190928,0.000186
2110.119740,0.000180
2112.048551,0.000195
2113.977363,0.000244
2115.906174,0.000234
2117.834986,0.000192
2119.763797,0.000171
2121.692609,0.000163
2123.621420,0.000156
2125.550232,0.000141
2127.479043,0.000112
2129.407854,0.000102
2131.336666,0.000087
2133.265477,0.000049
2135.194289,0.000074
2137.123100,0.000101
2139.051912,0.000057
2140.980723,-0.000025
2142.909535,-0.000120
2144.838346,-0.000148
2146.767158,-0.000107
2148.695969,-0.000046
2150.624781,0.000008
2152.553592,0.000036
2154.482404,0.000088
2156.411215,0.000143
2158.340026,0.000153
2160.268838,0.000153
2162.197649,0.000180
2164.126461,0.000209
2166.055272,0.000187
2167.984084,0.000168
2169.912895,0.000236
2171.841707,0.000316
2173.770518,0.000309
2175.699330,0.000297
2177.628141,0.000361
2179.556953,0.000439
2181.485764,0.000469
2183.414575,0.000479
2185.343387,0.000546
2187.272198,0.000660
2189.201010,0.000738
2191.129821,0.000791
2193.058633,0.000893
2194.987444,0.001071
2196.916256,0.001246
2198.845067,0.001370
2200.773879,0.001491
2202.702690,0.001591
2204.631502,0.001636
2206.560313,0.001684
2208.489124,0.001747
2210.417936,0.001809
2212.346747,0.001856
2214.275559,0.001798
2216.204370,0.001610
2218.133182,0.001336
2220.061993,0.000984
2221.990805,0.000648
2223.919616,0.000563
2225.848428,0.000859
2227.777239,0.001304
2229.706051,0.001693
2231.634862,0.002056
2233.563673,0.002332
2235.492485,0.002485
2237.421296,0.002529
2239.350108,0.002437
2241.278919,0.002238
2243.207731,0.001923
2245.136542,0.001573
2247.065354,0.001285
2248.994165,0.000981
2250.922977,0.000684
2252.851788,0.000473
2254.780600,0.000308
2256.709411,0.000168
2258.638222,0.000050
2260.567034,-0.000027
2262.495845,-0.000062
2264.424657,-0.000092
2266.353468,-0.000113
2268.282280,-0.000137
2270.211091,-0.000140
2272.139903,-0.000096
2274.068714,-0.000063
2275.997526,0.000006
2277.926337,0.000114
2279.855149,0.000142
2281.783960,0.000123
2283.712771,0.000111
2285.641583,0.000053
2287.570394,-0.000034
2289.499206,-0.000117
2291.428017,-0.000207
2293.356829,-0.000299
2295.285640,-0.000384
2297.214452,-0.000438
2299.143263,-0.000495
2301.072075,-0.000341
2303.000886,-0.000221
2304.929698,-0.000010
2306.858509,0.000234
2308.787320,0.000338
2310.716132,0.000295
2312.644943,0.000268
2314.573755,0.000283
2316.502566,0.000262
2318.431378,0.000149
2320.360189,-0.000029
2322.289001,-0.000118
2324.217812,-0.000085
2326.146624,-0.000012
2328.075435,0.000008
2330.004247,-0.000134
2331.933058,-0.000153
2333.861870,-0.000097
2335.790681,-0.000041
2337.719492,0.000098
2339.648304,0.000213
2341.577115,0.000441
2343.505927,0.001007
2345.434738,0.001955
2347.363550,0.003174
2349.292361,0.003700
2351.221173,0.002981
2353.149984,0.001900
2355.078796,0.001139
2357.007607,0.000612
2358.936419,0.000396
2360.865230,0.000470
2362.794041,0.000039
2364.722853,-0.000190
2366.651664,-0.000297
2368.580476,-0.000210
2370.509287,0.000074
2372.438099,0.000432
2374.366910,0.000776
2376.295722,0.001106
2378.224533,0.001321
2380.153345,0.001314
2382.082156,0.001178
2384.010968,0.000914
2385.939779,0.000475
2387.868590,-0.000024
2389.797402,-0.000003
2391.726213,-0.000015
2393.655025,-0.000022
2395.583836,-0.000026
2397.512648,0.000000
2399.441459,0.000060
2401.370271,0.000106
2403.299082,0.000077
2405.227894,0.000003
2407.156705,-0.000022
2409.085517,-0.000013
2411.014328,0.000026
2412.943139,0.000054
2414.871951,0.000014
2416.800762,-0.000013
2418.729574,-0.000029
2420.658385,-0.000047
2422.587197,0.000005
2424.516008,0.000062
2426.444820,0.000052
2428.373631,0.000027
2430.302443,0.000002
2432.231254,-0.000026
2434.160066,0.000011
2436.088877,0.000060
2438.017688,0.000034
2439.946500,0.000035
2441.875311,0.000087
2443.804123,0.000086
2445.732934,0.000067
2447.661746,0.000066
2449.590557,0.000062
2451.519369,0.000077
2453.448180,0.000064
2455.376992,0.000031
2457.305803,0.000068
2459.234615,0.000124
2461.163426,0.000142
2463.092237,0.000158
2465.021049,0.000191
2466.949860,0.000201
2468.878672,0.000194
2470.807483,0.000243
2472.736295,0.000283
2474.665106,0.000260
2476.593918,0.000272
2478.522729,0.000282
2480.451541,0.000215
2482.380352,0.000187
2484.309164,0.000196
2486.237975,0.000170
2488.166786,0.000188
2490.095598,0.000234
2492.024409,0.000271
2493.953221,0.000281
2495.882032,0.000214
2497.810844,0.000189
2499.739655,0.000250
2501.668467,0.000271
2503.597278,0.000277
2505.526090,0.000318
2507.454901,0.000309
2509.383713,0.000272
2511.312524,0.000262
2513.241336,0.000233
2515.170147,0.000200
2517.098958,0.000178
2519.027770,0.000152
2520.956581,0.000127
2522.885393,0.000108
2524.814204,0.000114
2526.743016,0.000092
2528.671827,0.000059
2530.600639,0.000068
2532.529450,0.000057
2534.458262,0.000041
2536.387073,0.000049
2538.315885,0.000055
2540.244696,0.000048
2542.173507,0.000018
2544.102319,0.000005
2546.031130,-0.000011
2547.959942,-0.000037
2549.888753,-0.000025
2551.817565,-0.000040
2553.746376,-0.000078
2555.675188,-0.000048
2557.603999,0.000020
2559.532811,0.000038
2561.461622,-0.000013
2563.390434,-0.000039
2565.319245,0.000014
2567.248056,0.000066
2569.176868,0.000077
2571.105679,0.000077
2573.034491,0.000095
2574.963302,0.000135
2576.892114,0.000133
2578.820925,0.000081
2580.749737,0.000042
2582.678548,0.000020
2584.607360,-0.000011
2586.536171,-0.000006
2588.464983,0.000029
2590.393794,0.000022
2592.322605,0.000004
2594.251417,-0.000035
2596.180228,-0.000094
2598.109040,-0.000069
2600.037851,-0.000022
2601.966663,-0.000018
2603.895474,-0.000008
2605.824286,0.000012
2607.753097,0.000068
2609.681909,0.000090
2611.610720,0.000042
2613.539532,0.000067
2615.468343,0.000152
2617.397154,0.000167
2619.325966,0.000125
2621.254777,0.000120
2623.183589,0.000186
2625.112400,0.000214
2627.041212,0.000183
2628.970023,0.000192
2630.898835,0.000191
2632.827646,0.000192
2634.756458,0.000235
2636.685269,0.000234
2638.614081,0.000193
2640.542892,0.000177
2642.471703,0.000168
2644.400515,0.000121
2646.329326,0.000041
2648.258138,-0.000021
2650.186949,-0.000047
2652.115761,-0.000072
2654.044572,-0.000143
2655.973384,-0.000197
2657.902195,-0.000172
2659.831007,-0.000137
2661.759818,-0.000124
2663.688630,-0.000082
2665.617441,-0.000023
2667.546253,-0.000056
2669.475064,-0.000141
2671.403875,-0.000130
2673.332687,-0.000098
2675.261498,-0.000100
2677.190310,-0.000095
2679.119121,-0.000125
2681.047933,-0.000140
2682.976744,-0.000124
2684.905556,-0.000135
2686.834367,-0.000115
2688.763179,-0.000066
2690.691990,-0.000064
2692.620802,-0.000078
2694.549613,-0.000084
2696.478424,-0.000107
2698.407236,-0.000100
2700.336047,-0.000064
2702.264859,-0.000077
2704.193670,-0.000089
2706.122482,-0.000071
2708.051293,-0.000091
2709.980105,-0.000119
2711.908916,-0.000134
2713.837728,-0.000144
2715.766539,-0.000103
2717.695351,-0.000054
2719.624162,-0.000083
2721.552973,-0.000157
2723.481785,-0.000150
2725.410596,-0.000104
2727.339408,-0.000124
2729.268219,-0.000115
2731.197031,-0.000055
2733.125842,-0.000017
2735.054654,-0.000051
2736.983465,-0.000147
2738.912277,-0.000162
2740.841088,-0.000133
2742.769900,-0.000129
2744.698711,-0.000103
2746.627522,-0.000105
2748.556334,-0.000106
2750.485145,-0.000092
2752.413957,-0.000114
2754.342768,-0.000126
2756.271580,-0.000138
2758.200391,-0.000161
2760.129203,-0.000138
2762.058014,-0.000102
2763.986826,-0.000104
2765.915637,-0.000118
2767.844449,-0.000118
2769.773260,-0.000134
2771.702071,-0.000183
2773.630883,-0.000218
2775.559694,-0.000198
2777.488506,-0.000136
2779.417317,-0.000049
2781.346129,-0.000031
2783.274940,-0.000138
2785.203752,-0.000223
2787.132563,-0.000170
2789.061375,-0.000055
2790.990186,-0.000013
2792.918998,-0.000052
2794.847809,-0.000110
2796.776620,-0.000149
2798.705432,-0.000158
2800.634243,-0.000171
2802.563055,-0.000170
2804.491866,-0.000115
2806.420678,-0.000013
2808.349489,0.000033
2810.278301,-0.000049
2812.207112,-0.000118
2814.135924,-0.000124
2816.064735,-0.000134
2817.993547,-0.000130
2819.922358,-0.000105
2821.851169,-0.000052
2823.779981,-0.000010
2825.708792,-0.000002
2827.637604,0.000033
2829.566415,0.000083
2831.495227,0.000091
2833.424038,0.000091
2835.352850,0.000099
2837.281661,0.000111
2839.210473,0.000221
2841.139284,0.000370
2843.068096,0.000420
2844.996907,0.000476
2846.925719,0.000592
2848.854530,0.000753
2850.783341,0.000999
2852.712153,0.001293
2854.640964,0.001584
2856.569776,0.001919
2858.498587,0.002354
2860.427399,0.002896
2862.356210,0.003581
2864.285022,0.004416
2866.213833,0.005334
2868.142645,0.006361
2870.071456,0.007553
2872.000268,0.008835
2873.929079,0.010223
2875.857890,0.011776
2877.786702,0.013360
2879.715513,0.014922
2881.644325,0.016479
2883.573136,0.017892
2885.501948,0.019052
2887.430759,0.019957
2889.359571,0.020530
2891.288382,0.020629
2893.217194,0.020288
2895.146005,0.019506
2897.074817,0.018269
2899.003628,0.016778
2900.932439,0.015315
2902.861251,0.013543
2904.790062,0.010903
2906.718874,0.009839
2908.647685,0.013471
2910.576497,0.019825
2912.505308,0.025475
2914.434120,0.029674
2916.362931,0.032103
2918.291743,0.032590
2920.220554,0.031276
2922.149366,0.028278
2924.078177,0.024039
2926.006988,0.019036
2927.935800,0.013892
2929.864611,0.009232
2931.793423,0.005477
2933.722234,0.002796
2935.651046,0.001162
2937.579857,0.000453
2939.508669,0.000228
2941.437480,0.000127
2943.366292,0.000156
2945.295103,0.000275
2947.223915,0.000391
2949.152726,0.000406
2951.081537,0.000382
2953.010349,0.000411
2954.939160,0.000399
2956.867972,0.000418
2958.796783,0.000551
2960.725595,0.000653
2962.654406,0.000669
2964.583218,0.000631
2966.512029,0.000581
2968.440841,0.000545
2970.369652,0.000520
2972.298464,0.000540
2974.227275,0.000587
2976.156086,0.000587
2978.084898,0.000525
2980.013709,0.000471
2981.942521,0.000488
2983.871332,0.000471
2985.800144,0.000329
2987.728955,0.000161
2989.657767,0.000061
2991.586578,0.000060
2993.515390,0.000067
2995.444201,-0.000020
2997.373013,-0.000054
2999.301824,-0.000011
3001.230635,-0.000024
3003.159447,-0.000011
3005.088258,0.000037
3007.017070,0.000004
3008.945881,-0.000041
3010.874693,-0.000018
3012.803504,-0.000020
3014.732316,-0.000066
3016.661127,-0.000058
3018.589939,-0.000037
3020.518750,-0.000010
3022.447562,0.000046
3024.376373,0.000028
3026.305185,0.000012
3028.233996,0.000109
3030.162807,0.000115
3032.091619,-0.000008
3034.020430,-0.000018
3035.949242,0.000062
3037.878053,0.000087
3039.806865,0.000071
3041.735676,0.000075
3043.664488,0.000133
3045.593299,0.000124
3047.522111,0.000076
3049.450922,0.000146
3051.379734,0.000140
3053.308545,-0.000003
3055.237356,-0.000073
3057.166168,-0.000040
3059.094979,0.000054
3061.023791,0.000084
3062.952602,0.000023
3064.881414,0.000032
3066.810225,0.000096
3068.739037,0.000126
3070.667848,0.000108
3072.596660,0.000050
3074.525471,-0.000004
3076.454283,0.000003
3078.383094,0.000067
3080.311905,0.000113
3082.240717,0.000144
3084.169528,0.000170
3086.098340,0.000138
3088.027151,0.000088
3089.955963,0.000068
3091.884774,0.000070
3093.813586,0.000079
3095.742397,0.000088
3097.671209,0.000077
3099.600020,0.000122
3101.528832,0.000267
3103.457643,0.000339
3105.386454,0.000356
3107.315266,0.000380
3109.244077,0.000343
3111.172889,0.000337
3113.101700,0.000320
3115.030512,0.000275
3116.959323,0.000288
3118.888135,0.000267
3120.816946,0.000232
3122.745758,0.000234
3124.674569,0.000278
3126.603381,0.000312
3128.532192,0.000237
3130.461003,0.000166
3132.389815,0.000124
3134.318626,0.000038
3136.247438,-0.000022
3138.176249,-0.000033
3140.105061,-0.000008
3142.033872,0.000004
3143.962684,0.000038
3145.891495,0.000098
3147.820307,0.000075
3149.749118,0.000069
3151.677930,0.000110
3153.606741,0.000054
3155.535552,-0.000030
3157.464364,-0.000015
3159.393175,0.000018
3161.321987,-0.000048
3163.250798,-0.000102
3165.179610,-0.000048
3167.108421,-0.000028
3169.037233,-0.000066
3170.966044,-0.000036
3172.894856,0.000055
3174.823667,0.000071
3176.752479,0.000037
3178.681290,0.000068
3180.610102,0.000106
3182.538913,0.000105
3184.467724,0.000057
3186.396536,-0.000037
3188.325347,-0.000034
3190.254159,0.000080
3192.182970,0.000071
3194.111782,-0.000119
3196.040593,-0.000184
3197.969405,-0.000058
3199.898216,-0.000029
3201.827028,-0.000009
3203.755839,0.000088
3205.684651,0.000029
3207.613462,-0.000025
3209.542273,0.000017
3211.471085,-0.000090
3213.399896,-0.000167
3215.328708,-0.000096
3217.257519,-0.000113
3219.186331,-0.000141
3221.115142,-0.000094
3223.043954,-0.000089
3224.972765,-0.000081
3226.901577,-0.000075
3228.830388,-0.000077
3230.759200,0.000009
3232.688011,0.000092
3234.616822,0.000047
3236.545634,-0.000052
3238.474445,-0.000029
3240.403257,0.000100
3242.332068,0.000094
3244.260880,-0.000027
3246.189691,-0.000094
3248.118503,-0.000105
3250.047314,-0.000030
3251.976126,0.000067
3253.904937,0.000074
3255.833749,0.000078
3257.762560,0.000072
3259.691371,0.000013
3261.620183,-0.000013
3263.548994,0.000008
3265.477806,0.000069
3267.406617,0.000050
3269.335429,-0.000133
3271.264240,-0.000252
3273.193052,-0.000214
3275.121863,-0.000140
3277.050675,-0.000104
3278.979486,-0.000110
3280.908298,-0.000112
3282.837109,-0.000149
3284.765920,-0.000156
3286.694732,-0.000156
3288.623543,-0.000319
3290.552355,-0.000406
3292.481166,-0.000343
3294.409978,-0.000396
3296.338789,-0.000466
3298.267601,-0.000440
3300.196412,-0.000375
3302.125224,-0.000293
3304.054035,-0.000257
3305.982847,-0.000325
3307.911658,-0.000453
3309.840469,-0.000511
3311.769281,-0.000441
3313.698092,-0.000415
3315.626904,-0.000474
3317.555715,-0.000398
3319.484527,-0.000307
3321.413338,-0.000431
3323.342150,-0.000559
3325.270961,-0.000520
3327.199773,-0.000448
3329.128584,-0.000469
3331.057396,-0.000509
3332.986207,-0.000441
3334.915018,-0.000348
3336.843830,-0.000375
3338.772641,-0.000427
3340.701453,-0.000343
3342.630264,-0.000263
3344.559076,-0.000310
3346.487887,-0.000343
3348.416699,-0.000279
3350.345510,-0.000175
3352.274322,-0.000134
3354.203133,-0.000071
3356.131945,0.000039
3358.060756,-0.000067
3359.989568,-0.000289
3361.918379,-0.000339
3363.847190,-0.000254
3365.776002,-0.000199
3367.704813,-0.000231
3369.633625,-0.000181
3371.562436,-0.000112
3373.491248,-0.000240
3375.420059,-0.000391
3377.348871,-0.000396
3379.277682,-0.000323
3381.206494,-0.000196
3383.135305,0.000043
3385.064117,0.000238
3386.992928,0.000153
3388.921739,0.000022
3390.850551,-0.000017
3392.779362,-0.000168
3394.708174,-0.000220
3396.636985,-0.000021
3398.565797,0.000071
3400.494608,-0.000033
3402.423420,-0.000070
3404.352231,-0.000034
3406.281043,-0.000089
3408.209854,-0.000174
3410.138666,-0.000211
3412.067477,-0.000288
3413.996288,-0.000272
3415.925100,-0.000176
3417.853911,-0.000290
3419.782723,-0.000412
3421.711534,-0.000306
3423.640346,-0.000251
3425.569157,-0.000333
3427.497969,-0.000419
3429.426780,-0.000326
3431.355592,-0.000083
3433.284403,0.000064
3435.213215,0.000112
3437.142026,0.000119
3439.070837,0.000053
3440.999649,0.000021
3442.928460,0.000031
3444.857272,0.000040
3446.786083,0.000099
3448.714895,0.000082
3450.643706,-0.000019
3452.572518,0.000016
3454.501329,0.000169
3456.430141,0.000234
3458.358952,0.000147
3460.287764,-0.000011
3462.216575,-0.000129
3464.145386,-0.000080
3466.074198,0.000077
3468.003009,0.000146
3469.931821,0.000055
3471.860632,-0.000020
3473.789444,0.000118
3475.718255,0.000188
3477.647067,0.000048
3479.575878,-0.000078
3481.504690,-0.000175
3483.433501,-0.000163
3485.362313,-0.000078
3487.291124,-0.000030
3489.219935,0.000052
3491.148747,0.000184
3493.077558,0.000285
3495.006370,0.000170
3496.935181,0.000133
3498.863993,0.000305
3500.792804,0.000110
3502.721616,-0.000191
3504.650427,-0.000095
3506.579239,0.000020
3508.508050,0.000053
3510.436862,0.000181
3512.365673,0.000325
3514.294484,0.000432
3516.223296,0.000349
3518.152107,0.000080
3520.080919,-0.000033
3522.009730,0.000030
3523.938542,0.000043
3525.867353,0.000046
3527.796165,0.000070
3529.724976,0.000125
3531.653788,0.000407
3533.582599,0.000654
3535.511411,0.000526
3537.440222,0.000378
3539.369034,0.000364
3541.297845,0.000371
3543.226656,0.000349
3545.155468,0.000240
3547.084279,0.000302
3549.013091,0.000401
3550.941902,0.000426
3552.870714,0.000712
3554.799525,0.001113
3556.728337,0.001421
3558.657148,0.001555
3560.585960,0.001560
3562.514771,0.001731
3564.443583,0.001866
3566.372394,0.001742
3568.301205,0.002138
3570.230017,0.003207
3572.158828,0.003825
3574.087640,0.004009
3576.016451,0.004259
3577.945263,0.004268
3579.874074,0.003947
3581.802886,0.003339
3583.731697,0.002656
3585.660509,0.002110
3587.589320,0.002301
3589.518132,0.003309
3591.446943,0.003144
3593.375754,0.002062
3595.304566,0.002158
3597.233377,0.002957
3599.162189,0.003432
3601.091000,0.003883
3603.019812,0.004377
3604.948623,0.004335
3606.877435,0.003622
3608.806246,0.003002
3610.735058,0.002630
3612.663869,0.002193
3614.592681,0.001983
3616.521492,0.001581
3618.450303,0.000754
3620.379115,0.000639
3622.307926,0.001081
3624.236738,0.001018
3626.165549,0.000122
3628.094361,-0.001131
3630.023172,-0.000997
3631.951984,0.000150
3633.880795,0.000686
3635.809607,0.000902
3637.738418,0.001072
3639.667230,0.001019
3641.596041,0.000862
3643.524852,0.000519
3645.453664,-0.000379
3647.382475,-0.001620
3649.311287,-0.002219
3651.240098,-0.001438
3653.168910,-0.000264
3655.097721,-0.000062
3657.026533,-0.000047
3658.955344,0.000613
3660.884156,0.000977
3662.812967,0.000938
3664.741779,0.000747
3666.670590,0.000071
3668.599401,-0.001096
3670.528213,-0.001673
3672.457024,-0.001465
3674.385836,-0.001938
3676.314647,-0.002017
3678.243459,-0.000724
3680.172270,0.000207
3682.101082,0.000535
3684.029893,0.000544
3685.958705,-0.000113
3687.887516,-0.001143
3689.816328,-0.001366
3691.745139,-0.000495
3693.673951,0.000383
3695.602762,0.000728
3697.531573,0.000724
3699.460385,0.000502
3701.389196,0.000175
3703.318008,0.000232
3705.246819,0.000500
3707.175631,0.000206
3709.104442,-0.000566
3711.033254,-0.001072
3712.962065,-0.000667
3714.890877,0.000186
3716.819688,0.000577
3718.748500,0.000519
3720.677311,0.000307
3722.606122,0.000101
3724.534934,-0.000076
3726.463745,-0.000140
3728.392557,-0.000114
3730.321368,-0.000481
3732.250180,-0.001272
3734.178991,-0.001856
3736.107803,-0.001688
3738.036614,-0.000908
3739.965426,-0.000348
3741.894237,-0.000872
3743.823049,-0.002193
3745.751860,-0.002304
3747.680671,-0.001786
3749.609483,-0.002306
3751.538294,-0.002232
3753.467106,-0.000875
3755.395917,0.000196
3757.324729,0.000427
3759.253540,0.000201
3761.182352,0.000464
3763.111163,0.000860
3765.039975,0.000673
3766.968786,0.000438
3768.897598,0.000381
3770.826409,0.000573
3772.755220,0.001074
3774.684032,0.001376
3776.612843,0.001243
3778.541655,0.000891
3780.470466,0.000848
3782.399278,0.001090
3784.328089,0.001188
3786.256901,0.001357
3788.185712,0.001524
3790.114524,0.001418
3792.043335,0.001316
3793.972147,0.001011
3795.900958,0.000472
3797.829769,0.000300
3799.758581,-0.000156
3801.687392,-0.000678
3803.616204,-0.000107
3805.545015,0.000198
3807.473827,0.000213
3809.402638,0.000936
3811.331450,0.001372
3813.260261,0.000907
3815.189073,-0.000083
3817.117884,-0.000487
3819.046696,-0.000527
3820.975507,-0.000859
3822.904318,-0.000170
3824.833130,0.000757
3826.761941,0.000855
3828.690753,0.000887
3830.619564,0.000807
3832.548376,0.000479
3834.477187,0.000008
3836.405999,-0.000610
3838.334810,-0.000779
3840.263622,-0.000336
3842.192433,0.000233
3844.121245,0.000810
3846.050056,0.001322
3847.978867,0.001377
3849.907679,0.000477
3851.836490,-0.001380
3853.765302,-0.002422
3855.694113,-0.000932
3857.622925,0.000679
3859.551736,0.000929
3861.480548,0.000535
3863.409359,0.000131
3865.338171,0.000080
3867.266982,0.000070
3869.195794,-0.000403
3871.124605,-0.000352
3873.053417,0.000166
3874.982228,0.000432
3876.911039,0.000782
3878.839851,0.000570
3880.768662,0.000078
3882.697474,0.000191
3884.626285,0.000006
3886.555097,-0.000049
3888.483908,0.000425
3890.412720,0.000293
3892.341531,0.000174
3894.270343,0.000672
3896.199154,0.000605
3898.127966,-0.000242
3900.056777,-0.000763
3901.985588,-0.000770
3903.914400,-0.000674
3905.843211,-0.000059
3907.772023,0.000771
3909.700834,0.001034
3911.629646,0.000972
3913.558457,0.000835
3915.487269,0.000466
3917.416080,0.000076
3919.344892,0.000039
3921.273703,0.000262
3923.202515,0.000358
3925.131326,0.000414
3927.060137,0.000522
3928.988949,0.000377
3930.917760,0.000152
3932.846572,0.000224
3934.775383,0.000476
3936.704195,0.000623
3938.633006,0.000572
3940.561818,0.000311
3942.490629,0.000059
3944.419441,0.000103
3946.348252,0.000142
3948.277064,0.000109
3950.205875,0.000254
3952.134686,0.000304
3954.063498,0.000217
3955.992309,0.000168
3957.921121,0.000180
3959.849932,0.000229
3961.778744,0.000198
3963.707555,0.000275
3965.636367,0.000392
3967.565178,0.000237
3969.493990,0.000095
3971.422801,0.000166
3973.351613,0.000188
3975.280424,0.000101
3977.209235,0.000079
3979.138047,0.000144
3981.066858,0.000165
3982.995670,0.000214
3984.924481,0.000223
3986.853293,0.000092
3988.782104,0.000028
3990.710916,0.000055
3992.639727,0.000044
3994.568539,0.000051
3996.497350,0.000102
3998.426162,0.000153
4000.354973,0.000214
