898.826141,-0.000267
900.754953,-0.000356
902.683764,-0.000194
904.612576,0.000066
906.541387,0.000103
908.470199,0.000010
910.399010,0.000006
912.327822,0.000442
914.256633,0.001091
916.185445,0.000692
918.114256,-0.000037
920.043068,-0.000243
921.971879,-0.000483
923.900690,-0.000600
925.829502,-0.000607
927.758313,-0.000376
929.687125,0.000130
931.615936,0.000640
933.544748,0.001085
935.473559,0.000697
937.402371,-0.000204
939.331182,-0.000430
941.259994,-0.000217
943.188805,-0.000256
945.117617,-0.000550
947.046428,-0.000514
948.975240,-0.000066
950.904051,0.000220
952.832862,0.000134
954.761674,0.000078
956.690485,0.000120
958.619297,-0.000028
960.548108,-0.000170
962.476920,-0.000207
964.405731,-0.000181
966.334543,-0.000052
968.263354,-0.000099
970.192166,-0.000008
972.120977,0.000383
974.049789,0.000456
975.978600,0.000318
977.907411,0.000166
979.836223,0.000015
981.765034,0.000020
983.693846,-0.000168
985.622657,-0.000311
987.551469,-0.000150
989.480280,-0.000184
991.409092,-0.000207
993.337903,0.000003
995.266715,0.000081
997.195526,0.000003
999.124338,-0.000074
1001.053149,-0.000124
1002.981960,-0.000156
1004.910772,-0.000164
1006.839583,-0.000173
1008.768395,-0.000131
1010.697206,-0.000118
1012.626018,-0.000248
1014.554829,-0.000321
1016.483641,-0.000297
1018.412452,-0.000318
1020.341264,-0.000318
1022.270075,-0.000308
1024.198887,-0.000317
1026.127698,-0.000303
1028.056509,-0.000210
1029.985321,-0.000122
1031.914132,-0.000078
1033.842944,0.000071
1035.771755,0.000126
1037.700567,0.000005
1039.629378,0.000046
1041.558190,0.000174
1043.487001,0.000146
1045.415813,0.000130
1047.344624,0.000212
1049.273436,0.000206
1051.202247,0.000131
1053.131058,0.000157
1055.059870,0.000246
1056.988681,0.000231
1058.917493,0.000126
1060.846304,0.000113
1062.775116,0.000180
1064.703927,0.000163
1066.632739,0.000062
1068.561550,0.000067
1070.490362,0.000169
1072.419173,0.000174
1074.347985,0.000198
1076.276796,0.000294
1078.205607,0.000273
1080.134419,0.000227
1082.063230,0.000297
1083.992042,0.000351
1085.920853,0.000286
1087.849665,0.000240
1089.778476,0.000271
1091.707288,0.000225
1093.636099,0.000148
1095.564911,0.000117
1097.493722,0.000099
1099.422534,0.000052
1101.351345,0.000020
1103.280156,0.000092
1105.208968,0.000150
1107.137779,0.000143
1109.066591,0.000146
1110.995402,0.000114
1112.924214,0.000074
1114.853025,0.000053
1116.781837,0.000039
1118.710648,0.000024
1120.639460,-0.000046
1122.568271,-0.000020
1124.497083,0.000086
1126.425894,0.000050
1128.354706,-0.000010
1130.283517,0.000001
1132.212328,-0.000043
1134.141140,-0.000123
1136.069951,-0.000131
1137.998763,-0.000086
1139.927574,-0.000069
1141.856386,-0.000111
1143.785197,-0.000135
1145.714009,-0.000070
1147.642820,-0.000030
1149.571632,-0.000071
1151.500443,-0.000092
1153.429255,-0.000060
1155.358066,0.000012
1157.286877,0.000025
1159.215689,-0.000059
1161.144500,-0.000103
1163.073312,-0.000104
1165.002123,-0.000111
1166.930935,-0.000079
1168.859746,-0.000042
1170.788558,-0.000055
1172.717369,-0.000095
1174.646181,-0.000097
1176.574992,-0.000051
1178.503804,-0.000020
1180.432615,-0.000025
1182.361426,-0.000056
1184.290238,-0.000056
1186.219049,-0.000043
1188.147861,-0.000084
1190.076672,-0.000043
1192.005484,0.000063
1193.934295,0.000063
1195.863107,0.000019
1197.791918,-0.000009
1199.720730,-0.000029
1201.649541,-0.000065
1203.578353,-0.000121
1205.507164,-0.000097
1207.435975,-0.000070
1209.364787,-0.000104
1211.293598,-0.000032
1213.222410,0.000063
1215.151221,0.000138
1217.080033,0.000265
1219.008844,0.000366
1220.937656,0.000585
1222.866467,0.000859
1224.795279,0.001077
1226.724090,0.001486
1228.652902,0.001941
1230.581713,0.002421
1232.510524,0.003218
1234.439336,0.004090
1236.368147,0.005048
1238.296959,0.006382
1240.225770,0.007869
1242.154582,0.009819
1244.083393,0.012554
1246.012205,0.015674
1247.941016,0.019086
1249.869828,0.022401
1251.798639,0.024844
1253.727451,0.025371
1255.656262,0.024093
1257.585073,0.023225
1259.513885,0.024213
1261.442696,0.027271
1263.371508,0.028858
1265.300319,0.025852
1267.229131,0.023799
1269.157942,0.025644
1271.086754,0.026769
1273.015565,0.025055
1274.944377,0.021435
1276.873188,0.017307
1278.802000,0.013893
1280.730811,0.011368
1282.659622,0.009396
1284.588434,0.007646
1286.517245,0.006226
1288.446057,0.004981
1290.374868,0.003920
1292.303680,0.003200
1294.232491,0.002499
1296.161303,0.001906
1298.090114,0.001457
1300.018926,0.001046
1301.947737,0.000814
1303.876549,0.000601
1305.805360,0.000310
1307.734172,0.000143
1309.662983,0.000055
1311.591794,-0.000142
1313.520606,-0.000314
1315.449417,-0.000423
1317.378229,-0.000611
1319.307040,-0.000673
1321.235852,-0.000490
1323.164663,-0.000380
1325.093475,-0.000314
1327.022286,-0.000169
1328.951098,-0.000072
1330.879909,-0.000017
1332.808721,0.000038
1334.737532,-0.000050
1336.666343,-0.000334
1338.595155,-0.000587
1340.523966,-0.000409
1342.452778,0.000043
1344.381589,0.000299
1346.310401,0.000388
1348.239212,0.000431
1350.168024,0.000438
1352.096835,0.000437
1354.025647,0.000438
1355.954458,0.000539
1357.883270,0.000623
1359.812081,0.000237
1361.740892,-0.000386
1363.669704,-0.000172
1365.598515,0.000502
1367.527327,0.000575
1369.456138,0.000533
1371.384950,0.000450
1373.313761,-0.000025
1375.242573,0.000008
1377.171384,0.000528
1379.100196,0.000733
1381.029007,0.000836
1382.957819,0.000893
1384.886630,0.000455
1386.815441,-0.000102
1388.744253,0.000274
1390.673064,0.000855
1392.601876,0.000267
1394.530687,-0.000443
1396.459499,-0.000334
1398.388310,-0.000295
1400.317122,0.000183
1402.245933,0.000776
1404.174745,0.000564
1406.103556,0.000631
1408.032368,0.001078
1409.961179,0.001221
1411.889990,0.001215
1413.818802,0.001199
1415.747613,0.000712
1417.676425,-0.000737
1419.605236,-0.001048
1421.534048,0.000340
1423.462859,0.000906
1425.391671,0.001104
1427.320482,0.001295
1429.249294,0.000906
1431.178105,0.001099
1433.106917,0.001362
1435.035728,-0.000010
1436.964539,-0.000760
1438.893351,0.000886
1440.822162,0.001824
1442.750974,0.001839
1444.679785,0.001827
1446.608597,0.001283
1448.537408,0.001113
1450.466220,0.001502
1452.395031,0.001413
1454.323843,-0.000087
1456.252654,-0.002768
1458.181466,-0.002221
1460.110277,0.000814
1462.039089,0.001685
1463.967900,0.000854
1465.896711,0.001081
1467.825523,0.002145
1469.754334,0.001369
1471.683146,-0.000736
1473.611957,-0.000878
1475.540769,0.000535
1477.469580,0.001817
1479.398392,0.002498
1481.327203,0.002545
1483.256015,0.002585
1485.184826,0.002203
1487.113638,0.001023
1489.042449,0.000071
1490.971260,0.000779
1492.900072,0.001991
1494.828883,0.001349
1496.757695,0.000177
1498.686506,0.000727
1500.615318,0.001857
1502.544129,0.001976
1504.472941,-0.000676
1506.401752,-0.003953
1508.330564,-0.002097
1510.259375,0.000508
1512.188187,0.001385
1514.116998,0.001173
1516.045809,0.000126
1517.974621,-0.000427
1519.903432,-0.001252
1521.832244,-0.001750
1523.761055,-0.000325
1525.689867,0.000594
1527.618678,0.001302
1529.547490,0.002293
1531.476301,0.001628
1533.405113,0.000661
1535.333924,0.001566
1537.262736,0.000728
1539.191547,-0.002912
1541.120358,-0.003017
1543.049170,-0.000406
1544.977981,0.001764
1546.906793,0.003426
1548.835604,0.003994
1550.764416,0.004347
1552.693227,0.004508
1554.622039,0.004499
1556.550850,0.003515
1558.479662,0.002180
1560.408473,0.007745
1562.337285,0.014915
1564.266096,0.019639
1566.194907,0.024690
1568.123719,0.030060
1570.052530,0.038243
1571.981342,0.049875
1573.910153,0.060697
1575.838965,0.075057
1577.767776,0.095818
1579.696588,0.117713
1581.625399,0.141645
1583.554211,0.168053
1585.483022,0.196846
1587.411834,0.227811
1589.340645,0.260778
1591.269456,0.294869
1593.198268,0.325140
1595.127079,0.348146
1597.055891,0.362232
1598.984702,0.368797
1600.913514,0.366787
1602.842325,0.358328
1604.771137,0.347976
1606.699948,0.332383
1608.628760,0.312100
1610.557571,0.284135
1612.486383,0.252715
1614.415194,0.218588
1616.344005,0.186381
1618.272817,0.213668
1620.201628,0.300099
1622.130440,0.390458
1624.059251,0.454259
1625.988063,0.490784
1627.916874,0.507277
1629.845686,0.499717
1631.774497,0.465173
1633.703309,0.413952
1635.632120,0.346643
1637.560932,0.284757
1639.489743,0.234568
1641.418555,0.181749
1643.347366,0.134103
1645.276177,0.094184
1647.204989,0.058924
1649.133800,0.037032
1651.062612,0.021206
1652.991423,0.006279
1654.920235,0.003299
1656.849046,0.004602
1658.777858,0.003590
1660.706669,0.001927
1662.635481,0.000663
1664.564292,0.000966
1666.493104,0.001010
1668.421915,-0.000678
1670.350726,-0.000632
1672.279538,0.000678
1674.208349,0.000701
1676.137161,0.001715
1678.065972,0.003764
1679.994784,0.004350
1681.923595,0.002985
1683.852407,0.001292
1685.781218,0.002944
1687.710030,0.004888
1689.638841,0.004472
1691.567653,0.003861
1693.496464,0.001623
1695.425275,-0.000089
1697.354087,0.003482
1699.282898,0.003386
1701.211710,-0.000650
1703.140521,0.000009
1705.069333,0.002035
1706.998144,0.004582
1708.926956,0.007552
1710.855767,0.009011
1712.784579,0.009141
1714.713390,0.008079
1716.642202,0.006560
1718.571013,0.007099
1720.499824,0.008992
1722.428636,0.009630
1724.357447,0.009679
1726.286259,0.010065
1728.215070,0.010139
1730.143882,0.010462
1732.072693,0.010186
1734.001505,0.010785
1735.930316,0.014960
1737.859128,0.017892
1739.787939,0.018992
1741.716751,0.020552
1743.645562,0.021450
1745.574373,0.021038
1747.503185,0.020012
1749.431996,0.018870
1751.360808,0.019163
1753.289619,0.020657
1755.218431,0.020862
1757.147242,0.020176
1759.076054,0.019096
1761.004865,0.016100
1762.933677,0.012805
1764.862488,0.010360
1766.791300,0.007049
1768.720111,0.003837
1770.648922,0.001175
1772.577734,-0.000522
1774.506545,0.000016
1776.435357,0.000650
1778.364168,0.000420
1780.292980,0.000249
1782.221791,0.000559
1784.150603,0.000874
1786.079414,0.001265
1788.008226,0.001697
1789.937037,0.000865
1791.865849,-0.000449
1793.794660,-0.000138
1795.723471,0.000684
1797.652283,0.000666
1799.581094,0.000065
1801.509906,-0.000051
1803.438717,0.000778
1805.367529,0.001524
1807.296340,0.001638
1809.225152,0.001365
1811.153963,0.001188
1813.082775,0.001373
1815.011586,0.001405
1816.940398,0.001182
1818.869209,0.001062
1820.798021,0.001026
1822.726832,0.000608
1824.655643,0.000129
1826.584455,0.000186
1828.513266,-0.000060
1830.442078,-0.000084
1832.370889,0.000878
1834.299701,0.001463
1836.228512,0.001500
1838.157324,0.001685
1840.086135,0.001807
1842.014947,0.001161
1843.943758,0.000386
1845.872570,0.000990
1847.801381,0.001865
1849.730192,0.002147
1851.659004,0.002296
1853.587815,0.002265
1855.516627,0.002178
1857.445438,0.002032
1859.374250,0.001828
1861.303061,0.001637
1863.231873,0.001361
1865.160684,0.000811
1867.089496,-0.000258
1869.018307,-0.000874
1870.947119,-0.000407
1872.875930,0.000545
1874.804741,0.001463
1876.733553,0.001124
1878.662364,0.000129
1880.591176,0.000219
1882.519987,0.000771
1884.448799,0.001177
1886.377610,0.001497
1888.306422,0.001560
1890.235233,0.001966
1892.164045,0.002646
1894.092856,0.002954
1896.021668,0.003196
1897.950479,0.003575
1899.879290,0.003808
1901.808102,0.003852
1903.736913,0.003860
1905.665725,0.003788
1907.594536,0.003563
1909.523348,0.003432
1911.452159,0.003432
1913.380971,0.003332
1915.309782,0.002864
1917.238594,0.002176
1919.167405,0.002029
1921.096217,0.002110
1923.025028,0.001920
1924.953839,0.001902
1926.882651,0.001860
1928.811462,0.001632
1930.740274,0.001459
1932.669085,0.001267
1934.597897,0.001061
1936.526708,0.000860
1938.455520,0.000664
1940.384331,0.000316
1942.313143,-0.000059
1944.241954,-0.000018
1946.170766,0.000192
1948.099577,0.000276
1950.028388,0.000296
1951.957200,0.000250
1953.886011,0.000195
1955.814823,0.000148
1957.743634,0.000121
1959.672446,0.000103
1961.601257,0.000111
1963.530069,0.000105
1965.458880,-0.000039
1967.387692,-0.000137
1969.316503,-0.000037
1971.245315,0.000040
1973.174126,0.000039
1975.102938,0.000044
1977.031749,0.000031
1978.960560,0.000044
1980.889372,0.000074
1982.818183,0.000069
1984.746995,0.000059
1986.675806,0.000044
1988.604618,-0.000034
1990.533429,-0.000223
1992.462241,-0.000267
1994.391052,-0.000051
1996.319864,0.000054
1998.248675,0.000008
2000.177487,0.000023
2002.106298,0.000078
2004.035109,0.000099
2005.963921,0.000044
2007.892732,-0.000017
2009.821544,0.000010
2011.750355,0.000058
2013.679167,-0.000006
2015.607978,-0.000136
2017.536790,-0.000145
2019.465601,-0.000064
2021.394413,-0.000031
2023.323224,-0.000013
2025.252036,0.000020
2027.180847,0.000034
2029.109658,0.000026
2031.038470,-0.000002
2032.967281,-0.000038
2034.896093,-0.000044
2036.824904,-0.000036
2038.753716,-0.000052
2040.682527,-0.000054
2042.611339,-0.000022
2044.540150,-0.000003
2046.468962,-0.000020
2048.397773,-0.000048
2050.326585,-0.000060
2052.255396,-0.000028
2054.184207,0.000003
2056.113019,-0.000040
2058.041830,-0.000083
2059.970642,-0.000080
2061.899453,-0.000111
2063.828265,-0.000176
2065.757076,-0.000188
2067.685888,-0.000137
2069.614699,-0.000092
2071.543511,-0.000068
2073.472322,-0.000076
2075.401134,-0.000114
2077.329945,-0.000129
2079.258756,-0.000101
2081.187568,-0.000066
2083.116379,-0.000071
2085.045191,-0.000069
2086.974002,-0.000050
2088.902814,-0.000080
2090.831625,-0.000102
2092.760437,-0.000091
2094.689248,-0.000098
2096.618060,-0.000079
2098.546871,-0.000034
2100.475683,-0.000014
2102.404494,0.000000
2104.333305,0.000005
2106.262117,0.000025
2108.190928,0.000060
2110.119740,0.000031
2112.048551,0.000010
2113.977363,0.000041
2115.906174,0.000031
2117.834986,0.000004
2119.763797,0.000018
2121.692609,0.000032
2123.621420,-0.000000
2125.550232,-0.000066
2127.479043,-0.000119
2129.407854,-0.000106
2131.336666,-0.000090
2133.265477,-0.000159
2135.194289,-0.000194
2137.123100,-0.000142
2139.051912,-0.000149
2140.980723,-0.000245
2142.909535,-0.000299
2144.838346,-0.000290
2146.767158,-0.000284
2148.695969,-0.000240
2150.624781,-0.000184
2152.553592,-0.000169
2154.482404,-0.000100
2156.411215,-0.000009
2158.340026,-0.000013
2160.268838,-0.000066
2162.197649,-0.000063
2164.126461,0.000008
2166.055272,0.000061
2167.984084,0.000044
2169.912895,0.000037
2171.841707,0.000093
2173.770518,0.000125
2175.699330,0.000099
2177.628141,0.000130
2179.556953,0.000236
2181.485764,0.000294
2183.414575,0.000329
2185.343387,0.000432
2187.272198,0.000531
2189.201010,0.000615
2191.129821,0.000740
2193.058633,0.000882
2194.987444,0.001048
2196.916256,0.001239
2198.845067,0.001395
2200.773879,0.001513
2202.702690,0.001662
2204.631502,0.001795
2206.560313,0.001847
2208.489124,0.001898
2210.417936,0.001970
2212.346747,0.001993
2214.275559,0.001894
2216.204370,0.001656
2218.133182,0.001357
2220.061993,0.000982
2221.990805,0.000578
2223.919616,0.000474
2225.848428,0.000796
2227.777239,0.001290
2229.706051,0.001818
2231.634862,0.002328
2233.563673,0.002651
2235.492485,0.002764
2237.421296,0.002731
2239.350108,0.002576
2241.278919,0.002364
2243.207731,0.002053
2245.136542,0.001612
2247.065354,0.001196
2248.994165,0.000843
2250.922977,0.000504
2252.851788,0.000221
2254.780600,-0.000011
2256.709411,-0.000173
2258.638222,-0.000236
2260.567034,-0.000279
2262.495845,-0.000325
2264.424657,-0.000346
2266.353468,-0.000370
2268.282280,-0.000400
2270.211091,-0.000397
2272.139903,-0.000387
2274.068714,-0.000381
2275.997526,-0.000320
2277.926337,-0.000232
2279.855149,-0.000194
2281.783960,-0.000212
2283.712771,-0.000275
2285.641583,-0.000340
2287.570394,-0.000381
2289.499206,-0.000424
2291.428017,-0.000475
2293.356829,-0.000553
2295.285640,-0.000646
2297.214452,-0.000683
2299.143263,-0.000491
2301.072075,-0.000374
2303.000886,-0.000240
2304.929698,-0.000092
2306.858509,0.000031
2308.787320,0.000108
2310.716132,0.000109
2312.644943,0.000100
2314.573755,0.000095
2316.502566,0.000039
2318.431378,-0.000086
2320.360189,-0.000263
2322.289001,-0.000405
2324.217812,-0.000418
2326.146624,-0.000312
2328.075435,-0.000265
2330.004247,-0.000308
2331.933058,-0.000302
2333.861870,-0.000264
2335.790681,-0.000223
2337.719492,-0.000073
2339.648304,0.000074
2341.577115,0.000317
2343.505927,0.000829
2345.434738,0.001693
2347.363550,0.002801
2349.292361,0.003234
2351.221173,0.002549
2353.149984,0.001588
2355.078796,0.000942
2357.007607,0.000528
2358.936419,0.000378
2360.865230,0.000457
2362.794041,0.000040
2364.722853,-0.000188
2366.651664,-0.000319
2368.580476,-0.000313
2370.509287,-0.000202
2372.438099,0.000012
2374.366910,0.000282
2376.295722,0.000458
2378.224533,0.000488
2380.153345,0.000416
2382.082156,0.000239
2384.010968,-0.000078
2385.939779,0.000044
2387.868590,0.000103
2389.797402,0.000102
2391.726213,0.000100
2393.655025,0.000108
2395.583836,0.000106
2397.512648,0.000108
2399.441459,0.000113
2401.370271,0.000129
2403.299082,0.000141
2405.227894,0.000115
2407.156705,0.000096
2409.085517,0.000127
2411.014328,0.000177
2412.943139,0.000209
2414.871951,0.000195
2416.800762,0.000138
2418.729574,0.000102
2420.658385,0.000129
2422.587197,0.000176
2424.516008,0.000201
2426.444820,0.000205
2428.373631,0.000201
2430.302443,0.000168
2432.231254,0.000109
2434.160066,0.000126
2436.088877,0.000209
2438.017688,0.000201
2439.946500,0.000152
2441.875311,0.000196
2443.804123,0.000232
2445.732934,0.000219
2447.661746,0.000218
2449.590557,0.000202
2451.519369,0.000252
2453.448180,0.000308
2455.376992,0.000240
2457.305803,0.000216
2459.234615,0.000251
2461.163426,0.000248
2463.092237,0.000277
2465.021049,0.000314
2466.949860,0.000340
2468.878672,0.000353
2470.807483,0.000348
2472.736295,0.000385
2474.665106,0.000379
2476.593918,0.000333
2478.522729,0.000352
2480.451541,0.000333
2482.380352,0.000296
2484.309164,0.000309
2486.237975,0.000287
2488.166786,0.000272
2490.095598,0.000325
2492.024409,0.000424
2493.953221,0.000477
2495.882032,0.000412
2497.810844,0.000346
2499.739655,0.000330
2501.668467,0.000351
2503.597278,0.000423
2505.526090,0.000460
2507.454901,0.000438
2509.383713,0.000404
2511.312524,0.000361
2513.241336,0.000338
2515.170147,0.000344
2517.098958,0.000310
2519.027770,0.000236
2520.956581,0.000195
2522.885393,0.000200
2524.814204,0.000207
2526.743016,0.000184
2528.671827,0.000186
2530.600639,0.000183
2532.529450,0.000131
2534.458262,0.000140
2536.387073,0.000175
2538.315885,0.000189
2540.244696,0.000196
2542.173507,0.000140
2544.102319,0.000129
2546.031130,0.000141
2547.959942,0.000061
2549.888753,0.000049
2551.817565,0.000095
2553.746376,0.000074
2555.675188,0.000077
2557.603999,0.000128
2559.532811,0.000163
2561.461622,0.000138
2563.390434,0.000089
2565.319245,0.000143
2567.248056,0.000204
2569.176868,0.000147
2571.105679,0.000140
2573.034491,0.000208
2574.963302,0.000214
2576.892114,0.000191
2578.820925,0.000177
2580.749737,0.000174
2582.678548,0.000147
2584.607360,0.000061
2586.536171,0.000028
2588.464983,0.000052
2590.393794,0.000045
2592.322605,0.000054
2594.251417,0.000076
2596.180228,0.000064
2598.109040,0.000050
2600.037851,0.000052
2601.966663,0.000068
2603.895474,0.000069
2605.824286,0.000044
2607.753097,0.000080
2609.681909,0.000136
2611.610720,0.000100
2613.539532,0.000083
2615.468343,0.000152
2617.397154,0.000208
2619.325966,0.000207
2621.254777,0.000202
2623.183589,0.000251
2625.112400,0.000281
2627.041212,0.000271
2628.970023,0.000273
2630.898835,0.000249
2632.827646,0.000252
2634.756458,0.000309
2636.685269,0.000333
2638.614081,0.000297
2640.542892,0.000223
2642.471703,0.000160
2644.400515,0.000101
2646.329326,0.000051
2648.258138,0.000022
2650.186949,-0.000044
2652.115761,-0.000119
2654.044572,-0.000150
2655.973384,-0.000122
2657.902195,-0.000076
2659.831007,-0.000068
2661.759818,-0.000071
2663.688630,-0.000066
2665.617441,-0.000044
2667.546253,-0.000045
2669.475064,-0.000118
2671.403875,-0.000173
2673.332687,-0.000167
2675.261498,-0.000130
2677.190310,-0.000092
2679.119121,-0.000108
2681.047933,-0.000134
2682.976744,-0.000122
2684.905556,-0.000136
2686.834367,-0.000170
2688.763179,-0.000135
2690.691990,-0.000057
2692.620802,-0.000048
2694.549613,-0.000093
2696.478424,-0.000115
2698.407236,-0.000115
2700.336047,-0.000110
2702.264859,-0.000116
2704.193670,-0.000119
2706.122482,-0.000120
2708.051293,-0.000156
2709.980105,-0.000194
2711.908916,-0.000195
2713.837728,-0.000165
2715.766539,-0.000137
2717.695351,-0.000171
2719.624162,-0.000202
2721.552973,-0.000152
2723.481785,-0.000115
2725.410596,-0.000127
2727.339408,-0.000116
2729.268219,-0.000107
2731.197031,-0.000131
2733.125842,-0.000128
2735.054654,-0.000128
2736.983465,-0.000181
2738.912277,-0.000202
2740.841088,-0.000184
2742.769900,-0.000170
2744.698711,-0.000160
2746.627522,-0.000161
2748.556334,-0.000143
2750.485145,-0.000162
2752.413957,-0.000219
2754.342768,-0.000206
2756.271580,-0.000181
2758.200391,-0.000179
2760.129203,-0.000176
2762.058014,-0.000185
2763.986826,-0.000194
2765.915637,-0.000202
2767.844449,-0.000195
2769.773260,-0.000217
2771.702071,-0.000300
2773.630883,-0.000325
2775.559694,-0.000254
2777.488506,-0.000207
2779.417317,-0.000193
2781.346129,-0.000172
2783.274940,-0.000185
2785.203752,-0.000231
2787.132563,-0.000269
2789.061375,-0.000266
2790.990186,-0.000243
2792.918998,-0.000256
2794.847809,-0.000282
2796.776620,-0.000274
2798.705432,-0.000245
2800.634243,-0.000231
2802.563055,-0.000248
2804.491866,-0.000268
2806.420678,-0.000230
2808.349489,-0.000206
2810.278301,-0.000275
2812.207112,-0.000312
2814.135924,-0.000293
2816.064735,-0.000300
2817.993547,-0.000286
2819.922358,-0.000257
2821.851169,-0.000216
2823.779981,-0.000141
2825.708792,-0.000129
2827.637604,-0.000142
2829.566415,-0.000092
2831.495227,-0.000073
2833.424038,-0.000063
2835.352850,-0.000037
2837.281661,-0.000039
2839.210473,0.000042
2841.139284,0.000185
2843.068096,0.000265
2844.996907,0.000365
2846.925719,0.000489
2848.854530,0.000628
2850.783341,0.000895
2852.712153,0.001242
2854.640964,0.001528
2856.569776,0.001790
2858.498587,0.002132
2860.427399,0.002679
2862.356210,0.003431
2864.285022,0.004294
2866.213833,0.005286
2868.142645,0.006303
2870.071456,0.007329
2872.000268,0.008573
2873.929079,0.010089
2875.857890,0.011743
2877.786702,0.013316
2879.715513,0.014815
2881.644325,0.016330
2883.573136,0.017731
2885.501948,0.018887
2887.430759,0.019751
2889.359571,0.020298
2891.288382,0.020433
2893.217194,0.020141
2895.146005,0.019427
2897.074817,0.018258
2899.003628,0.016786
2900.932439,0.015314
2902.861251,0.013526
2904.790062,0.010891
2906.718874,0.009847
2908.647685,0.013434
2910.576497,0.019728
2912.505308,0.025337
2914.434120,0.029470
2916.362931,0.031910
2918.291743,0.032469
2920.220554,0.031161
2922.149366,0.028168
2924.078177,0.023989
2926.006988,0.019020
2927.935800,0.013900
2929.864611,0.009326
2931.793423,0.005592
2933.722234,0.002816
2935.651046,0.001122
2937.579857,0.000422
2939.508669,0.000254
2941.437480,0.000238
2943.366292,0.000332
2945.295103,0.000418
2947.223915,0.000416
2949.152726,0.000400
2951.081537,0.000428
2953.010349,0.000478
2954.939160,0.000484
2956.867972,0.000506
2958.796783,0.000565
2960.725595,0.000617
2962.654406,0.000655
2964.583218,0.000596
2966.512029,0.000503
2968.440841,0.000482
2970.369652,0.000491
2972.298464,0.000540
2974.227275,0.000591
2976.156086,0.000616
2978.084898,0.000610
2980.013709,0.000531
2981.942521,0.000454
2983.871332,0.000395
2985.800144,0.000273
2987.728955,0.000137
2989.657767,0.000078
2991.586578,0.000060
2993.515390,-0.000009
2995.444201,-0.000099
2997.373013,-0.000089
2999.301824,-0.000010
3001.230635,0.000038
3003.159447,0.000047
3005.088258,-0.000012
3007.017070,-0.000091
3008.945881,-0.000096
3010.874693,-0.000093
3012.803504,-0.000107
3014.732316,-0.000131
3016.661127,-0.000190
3018.589939,-0.000196
3020.518750,-0.000121
3022.447562,-0.000084
3024.376373,-0.000134
3026.305185,-0.000160
3028.233996,-0.000148
3030.162807,-0.000214
3032.091619,-0.000276
3034.020430,-0.000274
3035.949242,-0.000252
3037.878053,-0.000168
3039.806865,-0.000144
3041.735676,-0.000210
3043.664488,-0.000171
3045.593299,-0.000121
3047.522111,-0.000162
3049.450922,-0.000160
3051.379734,-0.000177
3053.308545,-0.000290
3055.237356,-0.000349
3057.166168,-0.000308
3059.094979,-0.000282
3061.023791,-0.000340
3062.952602,-0.000395
3064.881414,-0.000355
3066.810225,-0.000285
3068.739037,-0.000241
3070.667848,-0.000268
3072.596660,-0.000317
3074.525471,-0.000303
3076.454283,-0.000293
3078.383094,-0.000322
3080.311905,-0.000270
3082.240717,-0.000153
3084.169528,-0.000144
3086.098340,-0.000199
3088.027151,-0.000161
3089.955963,-0.000152
3091.884774,-0.000246
3093.813586,-0.000295
3095.742397,-0.000270
3097.671209,-0.000201
3099.600020,-0.000108
3101.528832,-0.000055
3103.457643,-0.000029
3105.386454,0.000069
3107.315266,0.000146
3109.244077,0.000080
3111.172889,0.000050
3113.101700,0.000072
3115.030512,0.000023
3116.959323,0.000019
3118.888135,0.000054
3120.816946,0.000040
3122.745758,0.000036
3124.674569,0.000058
3126.603381,0.000068
3128.532192,0.000045
3130.461003,0.000014
3132.389815,-0.000041
3134.318626,-0.000133
3136.247438,-0.000179
3138.176249,-0.000174
3140.105061,-0.000171
3142.033872,-0.000139
3143.962684,-0.000093
3145.891495,-0.000099
3147.820307,-0.000133
3149.749118,-0.000152
3151.677930,-0.000170
3153.606741,-0.000175
3155.535552,-0.000184
3157.464364,-0.000214
3159.393175,-0.000194
3161.321987,-0.000151
3163.250798,-0.000123
3165.179610,-0.000076
3167.108421,-0.000102
3169.037233,-0.000178
3170.966044,-0.000149
3172.894856,-0.000040
3174.823667,-0.000003
3176.752479,-0.000079
3178.681290,-0.000118
3180.610102,-0.000116
3182.538913,-0.000170
3184.467724,-0.000199
3186.396536,-0.000204
3188.325347,-0.000189
3190.254159,-0.000132
3192.182970,-0.000170
3194.111782,-0.000246
3196.040593,-0.000243
3197.969405,-0.000247
3199.898216,-0.000224
3201.827028,-0.000136
3203.755839,-0.000095
3205.684651,-0.000160
3207.613462,-0.000242
3209.542273,-0.000248
3211.471085,-0.000239
3213.399896,-0.000227
3215.328708,-0.000183
3217.257519,-0.000141
3219.186331,-0.000100
3221.115142,-0.000121
3223.043954,-0.000155
3224.972765,-0.000138
3226.901577,-0.000175
3228.830388,-0.000207
3230.759200,-0.000204
3232.688011,-0.000172
3234.616822,-0.000064
3236.545634,-0.000040
3238.474445,-0.000034
3240.403257,0.000035
3242.332068,-0.000023
3244.260880,-0.000047
3246.189691,-0.000031
3248.118503,-0.000185
3250.047314,-0.000252
3251.976126,-0.000195
3253.904937,-0.000137
3255.833749,0.000007
3257.762560,0.000094
3259.691371,0.000102
3261.620183,0.000059
3263.548994,0.000016
3265.477806,0.000137
3267.406617,0.000131
3269.335429,-0.000115
3271.264240,-0.000234
3273.193052,-0.000176
3275.121863,-0.000095
3277.050675,-0.000078
3278.979486,-0.000125
3280.908298,-0.000149
3282.837109,-0.000113
3284.765920,-0.000095
3286.694732,-0.000180
3288.623543,-0.000292
3290.552355,-0.000322
3292.481166,-0.000302
3294.409978,-0.000327
3296.338789,-0.000362
3298.267601,-0.000273
3300.196412,-0.000134
3302.125224,-0.000074
3304.054035,-0.000107
3305.982847,-0.000221
3307.911658,-0.000311
3309.840469,-0.000384
3311.769281,-0.000447
3313.698092,-0.000356
3315.626904,-0.000243
3317.555715,-0.000154
3319.484527,-0.000022
3321.413338,-0.000116
3323.342150,-0.000325
3325.270961,-0.000297
3327.199773,-0.000230
3329.128584,-0.000283
3331.057396,-0.000297
3332.986207,-0.000188
3334.915018,-0.000062
3336.843830,-0.000067
3338.772641,-0.000134
3340.701453,-0.000132
3342.630264,-0.000073
3344.559076,-0.000022
3346.487887,-0.000007
3348.416699,0.000034
3350.345510,0.000097
3352.274322,0.000118
3354.203133,0.000130
3356.131945,0.000169
3358.060756,0.000086
3359.989568,-0.000063
3361.918379,0.000027
3363.847190,0.000111
3365.776002,0.000002
3367.704813,0.000078
3369.633625,0.000240
3371.562436,0.000153
3373.491248,-0.000036
3375.420059,-0.000104
3377.348871,-0.000083
3379.277682,-0.000050
3381.206494,0.000064
3383.135305,0.000263
3385.064117,0.000404
3386.992928,0.000364
3388.921739,0.000213
3390.850551,0.000121
3392.779362,0.000061
3394.708174,0.000018
3396.636985,0.000096
3398.565797,0.000222
3400.494608,0.000231
3402.423420,0.000166
3404.352231,0.000224
3406.281043,0.000343
3408.209854,0.000317
3410.138666,0.000171
3412.067477,0.000057
3413.996288,0.000119
3415.925100,0.000196
3417.853911,-0.000004
3419.782723,-0.000215
3421.711534,-0.000155
3423.640346,-0.000034
3425.569157,-0.000011
3427.497969,0.000005
3429.426780,0.000105
3431.355592,0.000216
3433.284403,0.000293
3435.213215,0.000317
3437.142026,0.000334
3439.070837,0.000377
3440.999649,0.000239
3442.928460,0.000067
3444.857272,0.000140
3446.786083,0.000166
3448.714895,0.000062
3450.643706,0.000097
3452.572518,0.000238
3454.501329,0.000379
3456.430141,0.000395
3458.358952,0.000176
3460.287764,0.000005
3462.216575,0.000047
3464.145386,0.000107
3466.074198,0.000125
3468.003009,0.000189
3469.931821,0.000219
3471.860632,0.000130
3473.789444,0.000132
3475.718255,0.000154
3477.647067,0.000017
3479.575878,-0.000089
3481.504690,-0.000170
3483.433501,-0.000151
3485.362313,0.000021
3487.291124,0.000056
3489.219935,0.000020
3491.148747,0.000138
3493.077558,0.000302
3495.006370,0.000241
3496.935181,0.000084
3498.863993,0.000094
3500.792804,-0.000026
3502.721616,-0.000279
3504.650427,-0.000277
3506.579239,-0.000142
3508.508050,-0.000070
3510.436862,-0.000067
3512.365673,-0.000070
3514.294484,0.000114
3516.223296,0.000206
3518.152107,-0.000114
3520.080919,-0.000345
3522.009730,-0.000252
3523.938542,-0.000185
3525.867353,-0.000206
3527.796165,-0.000255
3529.724976,-0.000138
3531.653788,0.000217
3533.582599,0.000331
3535.511411,0.000146
3537.440222,0.000044
3539.369034,0.000022
3541.297845,0.000126
3543.226656,0.000214
3545.155468,-0.000038
3547.084279,-0.000115
3549.013091,0.000149
3550.941902,0.000229
3552.870714,0.000342
3554.799525,0.000698
3556.728337,0.000985
3558.657148,0.001101
3560.585960,0.001135
3562.514771,0.001198
3564.443583,0.001103
3566.372394,0.000869
3568.301205,0.001360
3570.230017,0.002496
3572.158828,0.003122
3574.087640,0.003245
3576.016451,0.003381
3577.945263,0.003382
3579.874074,0.003044
3581.802886,0.002460
3583.731697,0.001800
3585.660509,0.001047
3587.589320,0.001027
3589.518132,0.002079
3591.446943,0.002183
3593.375754,0.001314
3595.304566,0.001433
3597.233377,0.002232
3599.162189,0.002722
3601.091000,0.003111
3603.019812,0.003417
3604.948623,0.003179
3606.877435,0.002364
3608.806246,0.001803
3610.735058,0.001656
3612.663869,0.001396
3614.592681,0.001261
3616.521492,0.000869
3618.450303,0.000088
3620.379115,0.000086
3622.307926,0.000551
3624.236738,0.000573
3626.165549,-0.000285
3628.094361,-0.001792
3630.023172,-0.001723
3631.951984,-0.000338
3633.880795,0.000367
3635.809607,0.000692
3637.738418,0.000913
3639.667230,0.000852
3641.596041,0.000626
3643.524852,0.000228
3645.453664,-0.000717
3647.382475,-0.002247
3649.311287,-0.003046
3651.240098,-0.001973
3653.168910,-0.000485
3655.097721,-0.000194
3657.026533,-0.000106
3658.955344,0.000762
3660.884156,0.001317
3662.812967,0.001302
3664.741779,0.001096
3666.670590,0.000335
3668.599401,-0.001101
3670.528213,-0.001866
3672.457024,-0.001613
3674.385836,-0.002113
3676.314647,-0.002200
3678.243459,-0.000599
3680.172270,0.000653
3682.101082,0.001006
3684.029893,0.000922
3685.958705,0.000247
3687.887516,-0.000915
3689.816328,-0.001226
3691.745139,-0.000165
3693.673951,0.000871
3695.602762,0.001289
3697.531573,0.001326
3699.460385,0.001033
3701.389196,0.000626
3703.318008,0.000751
3705.246819,0.001106
3707.175631,0.000650
3709.104442,-0.000360
3711.033254,-0.000976
3712.962065,-0.000489
3714.890877,0.000682
3716.819688,0.001206
3718.748500,0.000949
3720.677311,0.000595
3722.606122,0.000449
3724.534934,0.000318
3726.463745,0.000224
3728.392557,0.000253
3730.321368,-0.000231
3732.250180,-0.001215
3734.178991,-0.001836
3736.107803,-0.001633
3738.036614,-0.000680
3739.965426,0.000035
3741.894237,-0.000677
3743.823049,-0.002378
3745.751860,-0.002599
3747.680671,-0.001947
3749.609483,-0.002448
3751.538294,-0.002318
3753.467106,-0.000743
3755.395917,0.000479
3757.324729,0.000788
3759.253540,0.000595
3761.182352,0.000845
3763.111163,0.001174
3765.039975,0.000923
3766.968786,0.000739
3768.897598,0.000683
3770.826409,0.000911
3772.755220,0.001620
3774.684032,0.001963
3776.612843,0.001649
3778.541655,0.001147
3780.470466,0.001202
3782.399278,0.001711
3784.328089,0.001836
3786.256901,0.001896
3788.185712,0.002133
3790.114524,0.002079
3792.043335,0.001930
3793.972147,0.001576
3795.900958,0.000888
3797.829769,0.000525
3799.758581,-0.000085
3801.687392,-0.000709
3803.616204,0.000013
3805.545015,0.000447
3807.473827,0.000457
3809.402638,0.001392
3811.331450,0.001966
3813.260261,0.001286
3815.189073,0.000102
3817.117884,-0.000240
3819.046696,-0.000238
3820.975507,-0.000719
3822.904318,-0.000028
3824.833130,0.001133
3826.761941,0.001330
3828.690753,0.001285
3830.619564,0.001008
3832.548376,0.000447
3834.477187,-0.000025
3836.405999,-0.000644
3838.334810,-0.000867
3840.263622,-0.000170
3842.192433,0.000606
3844.121245,0.001139
3846.050056,0.001631
3847.978867,0.001500
3849.907679,0.000229
3851.836490,-0.001951
3853.765302,-0.002945
3855.694113,-0.001048
3857.622925,0.000811
3859.551736,0.001088
3861.480548,0.000656
3863.409359,0.000123
3865.338171,-0.000060
3867.266982,-0.000117
3869.195794,-0.000580
3871.124605,-0.000414
3873.053417,0.000216
3874.982228,0.000453
3876.911039,0.000746
3878.839851,0.000531
3880.768662,0.000004
3882.697474,0.000003
3884.626285,-0.000221
3886.555097,-0.000188
3888.483908,0.000314
3890.412720,0.000142
3892.341531,0.000023
3894.270343,0.000587
3896.199154,0.000557
3898.127966,-0.000354
3900.056777,-0.001041
3901.985588,-0.001217
3903.914400,-0.001059
3905.843211,-0.000243
3907.772023,0.000668
3909.700834,0.000937
3911.629646,0.000883
3913.558457,0.000713
3915.487269,0.000225
3917.416080,-0.000135
3919.344892,-0.000000
3921.273703,0.000166
3923.202515,0.000154
3925.131326,0.000200
3927.060137,0.000300
3928.988949,0.000236
3930.917760,0.000018
3932.846572,0.000016
3934.775383,0.000299
3936.704195,0.000459
3938.633006,0.000384
3940.561818,0.000106
3942.490629,-0.000158
3944.419441,-0.000059
3946.348252,0.000003
3948.277064,-0.000093
3950.205875,-0.000009
3952.134686,0.000027
3954.063498,0.000046
3955.992309,0.000091
3957.921121,0.000010
3959.849932,0.000032
3961.778744,0.000104
3963.707555,0.000088
3965.636367,0.000020
3967.565178,-0.000111
3969.493990,-0.000150
3971.422801,-0.000104
3973.351613,-0.000125
3975.280424,-0.000128
3977.209235,-0.000031
3979.138047,0.000019
3981.066858,-0.000138
3982.995670,-0.000290
3984.924481,-0.000292
3986.853293,-0.000295
3988.782104,-0.000346
3990.710916,-0.000282
3992.639727,-0.000157
3994.568539,-0.000095
3996.497350,-0.000064
3998.426162,-0.000138
4000.354973,-0.000247
