898.826141,0.000637
900.754953,0.000681
902.683764,0.000432
904.612576,0.000319
906.541387,0.000621
908.470199,0.000819
910.399010,0.000485
912.327822,0.000057
914.256633,0.000162
916.185445,0.000391
918.114256,0.000468
920.043068,0.000234
921.971879,0.000133
923.900690,0.000184
925.829502,-0.000535
927.758313,-0.001110
929.687125,-0.000556
931.615936,0.000521
933.544748,0.001064
935.473559,0.000574
937.402371,-0.000239
939.331182,-0.000601
941.259994,-0.000460
943.188805,-0.000220
945.117617,-0.000222
947.046428,-0.000162
948.975240,0.000131
950.904051,0.000390
952.832862,0.000392
954.761674,0.000155
956.690485,-0.000036
958.619297,-0.000072
960.548108,-0.000083
962.476920,-0.000016
964.405731,0.000139
966.334543,0.000294
968.263354,0.000426
970.192166,0.000383
972.120977,0.000231
974.049789,0.000105
975.978600,-0.000059
977.907411,-0.000032
979.836223,0.000234
981.765034,0.000267
983.693846,-0.000028
985.622657,-0.000193
987.551469,-0.000130
989.480280,-0.000107
991.409092,-0.000106
993.337903,-0.000040
995.266715,0.000009
997.195526,0.000006
999.124338,-0.000001
1001.053149,-0.000030
1002.981960,-0.000096
1004.910772,-0.000135
1006.839583,-0.000147
1008.768395,-0.000133
1010.697206,-0.000155
1012.626018,-0.000224
1014.554829,-0.000218
1016.483641,-0.000240
1018.412452,-0.000344
1020.341264,-0.000368
1022.270075,-0.000359
1024.198887,-0.000406
1026.127698,-0.000367
1028.056509,-0.000271
1029.985321,-0.000239
1031.914132,-0.000141
1033.842944,0.000041
1035.771755,0.000082
1037.700567,0.000009
1039.629378,0.000037
1041.558190,0.000114
1043.487001,0.000114
1045.415813,0.000160
1047.344624,0.000233
1049.273436,0.000148
1051.202247,0.000068
1053.131058,0.000138
1055.059870,0.000182
1056.988681,0.000143
1058.917493,0.000114
1060.846304,0.000067
1062.775116,0.000022
1064.703927,0.000046
1066.632739,0.000007
1068.561550,-0.000063
1070.490362,-0.000029
1072.419173,-0.000021
1074.347985,0.000020
1076.276796,0.000164
1078.205607,0.000174
1080.134419,0.000080
1082.063230,0.000050
1083.992042,0.000046
1085.920853,0.000019
1087.849665,0.000029
1089.778476,0.000060
1091.707288,-0.000006
1093.636099,-0.000091
1095.564911,-0.000096
1097.493722,-0.000143
1099.422534,-0.000196
1101.351345,-0.000106
1103.280156,0.000010
1105.208968,-0.000007
1107.137779,-0.000032
1109.066591,0.000054
1110.995402,0.000092
1112.924214,0.000023
1114.853025,-0.000007
1116.781837,0.000026
1118.710648,0.000018
1120.639460,-0.000055
1122.568271,-0.000066
1124.497083,-0.000018
1126.425894,-0.000020
1128.354706,-0.000025
1130.283517,-0.000019
1132.212328,-0.000049
1134.141140,-0.000075
1136.069951,-0.000046
1137.998763,-0.000015
1139.927574,-0.000025
1141.856386,-0.000049
1143.785197,-0.000059
1145.714009,0.000021
1147.642820,0.000123
1149.571632,0.000120
1151.500443,0.000082
1153.429255,0.000067
1155.358066,0.000094
1157.286877,0.000146
1159.215689,0.000146
1161.144500,0.000120
1163.073312,0.000140
1165.002123,0.000187
1166.930935,0.000195
1168.859746,0.000177
1170.788558,0.000146
1172.717369,0.000095
1174.646181,0.000102
1176.574992,0.000149
1178.503804,0.000174
1180.432615,0.000186
1182.361426,0.000156
1184.290238,0.000157
1186.219049,0.000206
1188.147861,0.000212
1190.076672,0.000257
1192.005484,0.000342
1193.934295,0.000352
1195.863107,0.000302
1197.791918,0.000246
1199.720730,0.000196
1201.649541,0.000197
1203.578353,0.000205
1205.507164,0.000198
1207.435975,0.000202
1209.364787,0.000167
1211.293598,0.000174
1213.222410,0.000260
1215.151221,0.000374
1217.080033,0.000499
1219.008844,0.000601
1220.937656,0.000776
1222.866467,0.000942
1224.795279,0.001095
1226.724090,0.001427
1228.652902,0.001760
1230.581713,0.002171
1232.510524,0.002851
1234.439336,0.003555
1236.368147,0.004402
1238.296959,0.005598
1240.225770,0.006916
1242.154582,0.008617
1244.083393,0.010973
1246.012205,0.013699
1247.941016,0.016744
1249.869828,0.019722
1251.798639,0.021864
1253.727451,0.022333
1255.656262,0.021265
1257.585073,0.020555
1259.513885,0.021532
1261.442696,0.024166
1263.371508,0.025386
1265.300319,0.022831
1267.229131,0.021183
1269.157942,0.022817
1271.086754,0.023769
1273.015565,0.022188
1274.944377,0.018934
1276.873188,0.015273
1278.802000,0.012303
1280.730811,0.010114
1282.659622,0.008331
1284.588434,0.006794
1286.517245,0.005633
1288.446057,0.004632
1290.374868,0.003805
1292.303680,0.003260
1294.232491,0.002731
1296.161303,0.002309
1298.090114,0.001968
1300.018926,0.001593
1301.947737,0.001352
1303.876549,0.001208
1305.805360,0.001020
1307.734172,0.000873
1309.662983,0.000755
1311.591794,0.000492
1313.520606,0.000284
1315.449417,0.000148
1317.378229,-0.000131
1319.307040,-0.000293
1321.235852,-0.000264
1323.164663,-0.000210
1325.093475,-0.000138
1327.022286,-0.000088
1328.951098,-0.000123
1330.879909,-0.000076
1332.808721,-0.000018
1334.737532,-0.000142
1336.666343,-0.000462
1338.595155,-0.000752
1340.523966,-0.000550
1342.452778,-0.000056
1344.381589,0.000163
1346.310401,0.000219
1348.239212,0.000242
1350.168024,0.000235
1352.096835,0.000284
1354.025647,0.000332
1355.954458,0.000420
1357.883270,0.000456
1359.812081,0.000000
1361.740892,-0.000741
1363.669704,-0.000526
1365.598515,0.000287
1367.527327,0.000423
1369.456138,0.000408
1371.384950,0.000274
1373.313761,-0.000305
1375.242573,-0.000213
1377.171384,0.000416
1379.100196,0.000639
1381.029007,0.000691
1382.957819,0.000676
1384.886630,0.000196
1386.815441,-0.000412
1388.744253,-0.000061
1390.673064,0.000530
1392.601876,-0.000205
1394.530687,-0.001104
1396.459499,-0.000988
1398.388310,-0.000903
1400.317122,-0.000255
1402.245933,0.000518
1404.174745,0.000241
1406.103556,0.000365
1408.032368,0.000971
1409.961179,0.001090
1411.889990,0.001041
1413.818802,0.001013
1415.747613,0.000457
1417.676425,-0.001185
1419.605236,-0.001520
1421.534048,0.000145
1423.462859,0.000903
1425.391671,0.001241
1427.320482,0.001497
1429.249294,0.000958
1431.178105,0.001116
1433.106917,0.001476
1435.035728,-0.000029
1436.964539,-0.000795
1438.893351,0.001261
1440.822162,0.002452
1442.750974,0.002470
1444.679785,0.002409
1446.608597,0.001776
1448.537408,0.001664
1450.466220,0.002221
1452.395031,0.002157
1454.323843,0.000384
1456.252654,-0.002811
1458.181466,-0.002174
1460.110277,0.001472
1462.039089,0.002538
1463.967900,0.001554
1465.896711,0.001847
1467.825523,0.003148
1469.754334,0.002298
1471.683146,-0.000128
1473.611957,-0.000276
1475.540769,0.001408
1477.469580,0.002904
1479.398392,0.003706
1481.327203,0.003822
1483.256015,0.003867
1485.184826,0.003361
1487.113638,0.001980
1489.042449,0.000859
1490.971260,0.001669
1492.900072,0.003097
1494.828883,0.002261
1496.757695,0.000764
1498.686506,0.001410
1500.615318,0.002757
1502.544129,0.002822
1504.472941,-0.000434
1506.401752,-0.004323
1508.330564,-0.002068
1510.259375,0.000976
1512.188187,0.001982
1514.116998,0.001714
1516.045809,0.000403
1517.974621,-0.000276
1519.903432,-0.001242
1521.832244,-0.001877
1523.761055,-0.000216
1525.689867,0.000838
1527.618678,0.001598
1529.547490,0.002742
1531.476301,0.001940
1533.405113,0.000775
1535.333924,0.001841
1537.262736,0.000811
1539.191547,-0.003417
1541.120358,-0.003487
1543.049170,-0.000498
1544.977981,0.001983
1546.906793,0.003916
1548.835604,0.004576
1550.764416,0.004939
1552.693227,0.004961
1554.622039,0.004649
1556.550850,0.003053
1558.479662,0.000870
1560.408473,0.006771
1562.337285,0.014561
1564.266096,0.019229
1566.194907,0.024016
1568.123719,0.028866
1570.052530,0.036414
1571.981342,0.047679
1573.910153,0.057744
1575.838965,0.070790
1577.767776,0.090578
1579.696588,0.111567
1581.625399,0.134151
1583.554211,0.159055
1585.483022,0.186211
1587.411834,0.215437
1589.340645,0.246606
1591.269456,0.278721
1593.198268,0.307225
1595.127079,0.329139
1597.055891,0.342854
1598.984702,0.349420
1600.913514,0.347909
1602.842325,0.340091
1604.771137,0.329997
1606.699948,0.314841
1608.628760,0.295252
1610.557571,0.268542
1612.486383,0.238742
1614.415194,0.206085
1616.344005,0.174981
1618.272817,0.200780
1620.201628,0.282595
1622.130440,0.367694
1624.059251,0.428172
1625.988063,0.462983
1627.916874,0.478461
1629.845686,0.471654
1631.774497,0.439764
1633.703309,0.391310
1635.632120,0.327464
1637.560932,0.269053
1639.489743,0.221574
1641.418555,0.171731
1643.347366,0.126648
1645.276177,0.088311
1647.204989,0.054730
1649.133800,0.034374
1651.062612,0.018977
1652.991423,0.004113
1654.920235,0.002066
1656.849046,0.004140
1658.777858,0.003393
1660.706669,0.001724
1662.635481,0.000472
1664.564292,0.000931
1666.493104,0.000906
1668.421915,-0.001174
1670.350726,-0.001226
1672.279538,0.000190
1674.208349,0.000013
1676.137161,0.000991
1678.065972,0.003253
1679.994784,0.003826
1681.923595,0.002061
1683.852407,-0.000086
1685.781218,0.002008
1687.710030,0.004568
1689.638841,0.004419
1691.567653,0.004086
1693.496464,0.001838
1695.425275,-0.000293
1697.354087,0.002542
1699.282898,0.001935
1701.211710,-0.001224
1703.140521,0.000294
1705.069333,0.002168
1706.998144,0.004395
1708.926956,0.007265
1710.855767,0.008683
1712.784579,0.008605
1714.713390,0.007150
1716.642202,0.005363
1718.571013,0.006114
1720.499824,0.008548
1722.428636,0.009459
1724.357447,0.009517
1726.286259,0.009899
1728.215070,0.009833
1730.143882,0.009824
1732.072693,0.008925
1734.001505,0.008923
1735.930316,0.013146
1737.859128,0.016055
1739.787939,0.016880
1741.716751,0.018365
1743.645562,0.019280
1745.574373,0.018872
1747.503185,0.017820
1749.431996,0.016573
1751.360808,0.016905
1753.289619,0.018582
1755.218431,0.018784
1757.147242,0.018082
1759.076054,0.017172
1761.004865,0.014403
1762.933677,0.011579
1764.862488,0.009592
1766.791300,0.006474
1768.720111,0.003410
1770.648922,0.000766
1772.577734,-0.000881
1774.506545,0.000005
1776.435357,0.000907
1778.364168,0.000699
1780.292980,0.000465
1782.221791,0.000741
1784.150603,0.001036
1786.079414,0.001401
1788.008226,0.001799
1789.937037,0.000799
1791.865849,-0.000690
1793.794660,-0.000223
1795.723471,0.000795
1797.652283,0.000717
1799.581094,0.000040
1801.509906,-0.000011
1803.438717,0.000852
1805.367529,0.001581
1807.296340,0.001684
1809.225152,0.001337
1811.153963,0.001128
1813.082775,0.001373
1815.011586,0.001419
1816.940398,0.001172
1818.869209,0.001044
1820.798021,0.000990
1822.726832,0.000454
1824.655643,-0.000137
1826.584455,-0.000072
1828.513266,-0.000428
1830.442078,-0.000537
1832.370889,0.000576
1834.299701,0.001256
1836.228512,0.001252
1838.157324,0.001381
1840.086135,0.001437
1842.014947,0.000586
1843.943758,-0.000415
1845.872570,0.000267
1847.801381,0.001298
1849.730192,0.001650
1851.659004,0.001883
1853.587815,0.001894
1855.516627,0.001793
1857.445438,0.001655
1859.374250,0.001502
1861.303061,0.001363
1863.231873,0.001108
1865.160684,0.000547
1867.089496,-0.000589
1869.018307,-0.001201
1870.947119,-0.000538
1872.875930,0.000429
1874.804741,0.001144
1876.733553,0.000915
1878.662364,0.000178
1880.591176,0.000217
1882.519987,0.000582
1884.448799,0.000886
1886.377610,0.001125
1888.306422,0.001030
1890.235233,0.001330
1892.164045,0.001971
1894.092856,0.002168
1896.021668,0.002349
1897.950479,0.002701
1899.879290,0.002873
1901.808102,0.002910
1903.736913,0.002920
1905.665725,0.002846
1907.594536,0.002644
1909.523348,0.002488
1911.452159,0.002474
1913.380971,0.002468
1915.309782,0.002007
1917.238594,0.001233
1919.167405,0.001180
1921.096217,0.001396
1923.025028,0.001251
1924.953839,0.001297
1926.882651,0.001328
1928.811462,0.001157
1930.740274,0.001011
1932.669085,0.000851
1934.597897,0.000696
1936.526708,0.000532
1938.455520,0.000364
1940.384331,0.000004
1942.313143,-0.000372
1944.241954,-0.000266
1946.170766,-0.000008
1948.099577,0.000074
1950.028388,0.000083
1951.957200,0.000061
1953.886011,0.000004
1955.814823,-0.000058
1957.743634,-0.000032
1959.672446,-0.000017
1961.601257,-0.000039
1963.530069,-0.000062
1965.458880,-0.000198
1967.387692,-0.000275
1969.316503,-0.000160
1971.245315,-0.000056
1973.174126,-0.000023
1975.102938,-0.000021
1977.031749,-0.000054
1978.960560,-0.000048
1980.889372,-0.000013
1982.818183,-0.000023
1984.746995,-0.000052
1986.675806,-0.000069
1988.604618,-0.000162
1990.533429,-0.000376
1992.462241,-0.000402
1994.391052,-0.000150
1996.319864,-0.000025
1998.248675,-0.000013
2000.177487,0.000072
2002.106298,0.000102
2004.035109,0.000034
2005.963921,-0.000047
2007.892732,-0.000043
2009.821544,0.000023
2011.750355,0.000066
2013.679167,0.000030
2015.607978,-0.000109
2017.536790,-0.000149
2019.465601,-0.000047
2021.394413,-0.000012
2023.323224,-0.000029
2025.252036,-0.000005
2027.180847,0.000046
2029.109658,0.000074
2031.038470,0.000062
2032.967281,0.000028
2034.896093,-0.000007
2036.824904,-0.000003
2038.753716,0.000021
2040.682527,0.000021
2042.611339,0.000028
2044.540150,0.000051
2046.468962,0.000055
2048.397773,0.000051
2050.326585,0.000059
2052.255396,0.000082
2054.184207,0.000086
2056.113019,0.000046
2058.041830,-0.000005
2059.970642,-0.000016
2061.899453,-0.000001
2063.828265,-0.000024
2065.757076,-0.000045
2067.685888,-0.000007
2069.614699,0.000051
2071.543511,0.000103
2073.472322,0.000094
2075.401134,0.000062
2077.329945,0.000084
2079.258756,0.000097
2081.187568,0.000104
2083.116379,0.000129
2085.045191,0.000155
2086.974002,0.000179
2088.902814,0.000151
2090.831625,0.000123
2092.760437,0.000131
2094.689248,0.000121
2096.618060,0.000167
2098.546871,0.000243
2100.475683,0.000242
2102.404494,0.000224
2104.333305,0.000228
2106.262117,0.000251
2108.190928,0.000289
2110.119740,0.000281
2112.048551,0.000265
2113.977363,0.000295
2115.906174,0.000304
2117.834986,0.000270
2119.763797,0.000279
2121.692609,0.000320
2123.621420,0.000296
2125.550232,0.000245
2127.479043,0.000213
2129.407854,0.000208
2131.336666,0.000229
2133.265477,0.000218
2135.194289,0.000188
2137.123100,0.000199
2139.051912,0.000177
2140.980723,0.000059
2142.909535,-0.000032
2144.838346,-0.000029
2146.767158,0.000020
2148.695969,0.000124
2150.624781,0.000185
2152.553592,0.000190
2154.482404,0.000282
2156.411215,0.000367
2158.340026,0.000344
2160.268838,0.000328
2162.197649,0.000376
2164.126461,0.000435
2166.055272,0.000434
2167.984084,0.000420
2169.912895,0.000482
2171.841707,0.000564
2173.770518,0.000587
2175.699330,0.000581
2177.628141,0.000615
2179.556953,0.000707
2181.485764,0.000783
2183.414575,0.000831
2185.343387,0.000929
2187.272198,0.001074
2189.201010,0.001212
2191.129821,0.001351
2193.058633,0.001540
2194.987444,0.001763
2196.916256,0.001981
2198.845067,0.002199
2200.773879,0.002410
2202.702690,0.002596
2204.631502,0.002726
2206.560313,0.002829
2208.489124,0.002914
2210.417936,0.002969
2212.346747,0.003014
2214.275559,0.002934
2216.204370,0.002662
2218.133182,0.002275
2220.061993,0.001779
2221.990805,0.001301
2223.919616,0.001174
2225.848428,0.001562
2227.777239,0.002206
2229.706051,0.002825
2231.634862,0.003392
2233.563673,0.003803
2235.492485,0.003966
2237.421296,0.003946
2239.350108,0.003780
2241.278919,0.003499
2243.207731,0.003065
2245.136542,0.002506
2247.065354,0.001991
2248.994165,0.001535
2250.922977,0.001146
2252.851788,0.000858
2254.780600,0.000579
2256.709411,0.000362
2258.638222,0.000280
2260.567034,0.000227
2262.495845,0.000141
2264.424657,0.000089
2266.353468,0.000091
2268.282280,0.000083
2270.211091,0.000092
2272.139903,0.000134
2274.068714,0.000152
2275.997526,0.000174
2277.926337,0.000230
2279.855149,0.000256
2281.783960,0.000232
2283.712771,0.000220
2285.641583,0.000203
2287.570394,0.000150
2289.499206,0.000106
2291.428017,0.000072
2293.356829,0.000002
2295.285640,-0.000094
2297.214452,-0.000123
2299.143263,-0.000119
2301.072075,-0.000202
2303.000886,-0.000304
2304.929698,-0.000383
2306.858509,-0.000514
2308.787320,-0.000721
2310.716132,-0.000582
2312.644943,-0.000446
2314.573755,-0.000256
2316.502566,-0.000087
2318.431378,-0.000032
2320.360189,-0.000019
2322.289001,0.000074
2324.217812,0.000252
2326.146624,0.000232
2328.075435,0.000163
2330.004247,0.000077
2331.933058,0.000114
2333.861870,0.000132
2335.790681,0.000169
2337.719492,0.000389
2339.648304,0.000536
2341.577115,0.000703
2343.505927,0.001220
2345.434738,0.002060
2347.363550,0.003029
2349.292361,0.003398
2351.221173,0.002740
2353.149984,0.001788
2355.078796,0.001146
2357.007607,0.000709
2358.936419,0.000527
2360.865230,0.000615
2362.794041,0.000231
2364.722853,0.000046
2366.651664,-0.000084
2368.580476,-0.000108
2370.509287,0.000053
2372.438099,0.000308
2374.366910,0.000543
2376.295722,0.000712
2378.224533,0.000770
2380.153345,0.000670
2382.082156,0.000450
2384.010968,0.000136
2385.939779,-0.000301
2387.868590,-0.000262
2389.797402,-0.000236
2391.726213,-0.000235
2393.655025,-0.000254
2395.583836,-0.000245
2397.512648,-0.000194
2399.441459,-0.000165
2401.370271,-0.000159
2403.299082,-0.000174
2405.227894,-0.000211
2407.156705,-0.000196
2409.085517,-0.000159
2411.014328,-0.000135
2412.943139,-0.000120
2414.871951,-0.000160
2416.800762,-0.000222
2418.729574,-0.000231
2420.658385,-0.000170
2422.587197,-0.000108
2424.516008,-0.000086
2426.444820,-0.000099
2428.373631,-0.000108
2430.302443,-0.000095
2432.231254,-0.000125
2434.160066,-0.000142
2436.088877,-0.000079
2438.017688,-0.000038
2439.946500,-0.000034
2441.875311,-0.000023
2443.804123,-0.000028
2445.732934,-0.000043
2447.661746,-0.000060
2449.590557,-0.000066
2451.519369,-0.000019
2453.448180,0.000004
2455.376992,-0.000017
2457.305803,0.000002
2459.234615,-0.000009
2461.163426,-0.000046
2463.092237,-0.000001
2465.021049,0.000070
2466.949860,0.000095
2468.878672,0.000087
2470.807483,0.000120
2472.736295,0.000177
2474.665106,0.000175
2476.593918,0.000165
2478.522729,0.000172
2480.451541,0.000150
2482.380352,0.000125
2484.309164,0.000125
2486.237975,0.000124
2488.166786,0.000098
2490.095598,0.000102
2492.024409,0.000187
2493.953221,0.000242
2495.882032,0.000188
2497.810844,0.000147
2499.739655,0.000185
2501.668467,0.000242
2503.597278,0.000247
2505.526090,0.000209
2507.454901,0.000221
2509.383713,0.000233
2511.312524,0.000187
2513.241336,0.000167
2515.170147,0.000165
2517.098958,0.000158
2519.027770,0.000170
2520.956581,0.000147
2522.885393,0.000096
2524.814204,0.000073
2526.743016,0.000063
2528.671827,0.000073
2530.600639,0.000087
2532.529450,0.000074
2534.458262,0.000071
2536.387073,0.000078
2538.315885,0.000087
2540.244696,0.000087
2542.173507,0.000058
2544.102319,0.000069
2546.031130,0.000091
2547.959942,0.000046
2549.888753,0.000008
2551.817565,0.000012
2553.746376,0.000033
2555.675188,0.000050
2557.603999,0.000058
2559.532811,0.000066
2561.461622,0.000035
2563.390434,0.000003
2565.319245,0.000062
2567.248056,0.000121
2569.176868,0.000104
2571.105679,0.000095
2573.034491,0.000131
2574.963302,0.000145
2576.892114,0.000111
2578.820925,0.000081
2580.749737,0.000061
2582.678548,0.000024
2584.607360,0.000015
2586.536171,0.000040
2588.464983,0.000056
2590.393794,0.000064
2592.322605,0.000057
2594.251417,0.000035
2596.180228,-0.000006
2598.109040,-0.000042
2600.037851,-0.000015
2601.966663,0.000050
2603.895474,0.000060
2605.824286,0.000007
2607.753097,0.000015
2609.681909,0.000062
2611.610720,0.000065
2613.539532,0.000103
2615.468343,0.000157
2617.397154,0.000162
2619.325966,0.000161
2621.254777,0.000177
2623.183589,0.000211
2625.112400,0.000221
2627.041212,0.000212
2628.970023,0.000217
2630.898835,0.000211
2632.827646,0.000208
2634.756458,0.000214
2636.685269,0.000244
2638.614081,0.000260
2640.542892,0.000207
2642.471703,0.000159
2644.400515,0.000099
2646.329326,0.000007
2648.258138,-0.000056
2650.186949,-0.000081
2652.115761,-0.000050
2654.044572,-0.000035
2655.973384,-0.000089
2657.902195,-0.000112
2659.831007,-0.000069
2661.759818,-0.000015
2663.688630,0.000007
2665.617441,0.000026
2667.546253,0.000037
2669.475064,-0.000026
2671.403875,-0.000070
2673.332687,-0.000060
2675.261498,-0.000066
2677.190310,-0.000050
2679.119121,-0.000042
2681.047933,-0.000060
2682.976744,-0.000026
2684.905556,-0.000008
2686.834367,-0.000047
2688.763179,-0.000023
2690.691990,0.000025
2692.620802,-0.000006
2694.549613,-0.000012
2696.478424,0.000027
2698.407236,0.000030
2700.336047,0.000028
2702.264859,-0.000006
2704.193670,-0.000054
2706.122482,-0.000057
2708.051293,-0.000087
2709.980105,-0.000119
2711.908916,-0.000122
2713.837728,-0.000142
2715.766539,-0.000128
2717.695351,-0.000085
2719.624162,-0.000070
2721.552973,-0.000064
2723.481785,-0.000042
2725.410596,-0.000025
2727.339408,-0.000021
2729.268219,-0.000021
2731.197031,-0.000005
2733.125842,0.000057
2735.054654,0.000057
2736.983465,-0.000052
2738.912277,-0.000096
2740.841088,-0.000056
2742.769900,-0.000032
2744.698711,-0.000041
2746.627522,-0.000062
2748.556334,-0.000044
2750.485145,-0.000060
2752.413957,-0.000148
2754.342768,-0.000164
2756.271580,-0.000102
2758.200391,-0.000085
2760.129203,-0.000078
2762.058014,0.000002
2763.986826,0.000067
2765.915637,0.000032
2767.844449,-0.000052
2769.773260,-0.000103
2771.702071,-0.000122
2773.630883,-0.000103
2775.559694,-0.000030
2777.488506,0.000004
2779.417317,-0.000005
2781.346129,-0.000032
2783.274940,-0.000095
2785.203752,-0.000102
2787.132563,-0.000081
2789.061375,-0.000088
2790.990186,-0.000078
2792.918998,-0.000087
2794.847809,-0.000115
2796.776620,-0.000093
2798.705432,-0.000039
2800.634243,-0.000043
2802.563055,-0.000103
2804.491866,-0.000107
2806.420678,-0.000025
2808.349489,0.000034
2810.278301,0.000013
2812.207112,-0.000001
2814.135924,0.000000
2816.064735,-0.000028
2817.993547,-0.000064
2819.922358,-0.000060
2821.851169,0.000027
2823.779981,0.000090
2825.708792,0.000048
2827.637604,0.000057
2829.566415,0.000175
2831.495227,0.000223
2833.424038,0.000209
2835.352850,0.000237
2837.281661,0.000274
2839.210473,0.000333
2841.139284,0.000384
2843.068096,0.000419
2844.996907,0.000544
2846.925719,0.000680
2848.854530,0.000775
2850.783341,0.000981
2852.712153,0.001266
2854.640964,0.001510
2856.569776,0.001789
2858.498587,0.002171
2860.427399,0.002683
2862.356210,0.003351
2864.285022,0.004140
2866.213833,0.005007
2868.142645,0.005856
2870.071456,0.006835
2872.000268,0.008126
2873.929079,0.009527
2875.857890,0.011001
2877.786702,0.012518
2879.715513,0.013914
2881.644325,0.015323
2883.573136,0.016700
2885.501948,0.017795
2887.430759,0.018605
2889.359571,0.019102
2891.288382,0.019221
2893.217194,0.018942
2895.146005,0.018158
2897.074817,0.016987
2899.003628,0.015636
2900.932439,0.014246
2902.861251,0.012513
2904.790062,0.010006
2906.718874,0.009047
2908.647685,0.012457
2910.576497,0.018384
2912.505308,0.023641
2914.434120,0.027533
2916.362931,0.029839
2918.291743,0.030265
2920.220554,0.028935
2922.149366,0.026169
2924.078177,0.022284
2926.006988,0.017625
2927.935800,0.012848
2929.864611,0.008528
2931.793423,0.004969
2933.722234,0.002371
2935.651046,0.000848
2937.579857,0.000230
2939.508669,0.000047
2941.437480,0.000011
2943.366292,0.000036
2945.295103,0.000049
2947.223915,0.000101
2949.152726,0.000161
2951.081537,0.000216
2953.010349,0.000303
2954.939160,0.000297
2956.867972,0.000289
2958.796783,0.000396
2960.725595,0.000468
2962.654406,0.000454
2964.583218,0.000372
2966.512029,0.000322
2968.440841,0.000410
2970.369652,0.000489
2972.298464,0.000482
2974.227275,0.000459
2976.156086,0.000442
2978.084898,0.000409
2980.013709,0.000409
2981.942521,0.000433
2983.871332,0.000347
2985.800144,0.000233
2987.728955,0.000169
2989.657767,0.000110
2991.586578,0.000113
2993.515390,0.000087
2995.444201,-0.000013
2997.373013,-0.000031
2999.301824,-0.000015
3001.230635,-0.000046
3003.159447,-0.000070
3005.088258,-0.000062
3007.017070,-0.000035
3008.945881,-0.000030
3010.874693,-0.000043
3012.803504,-0.000030
3014.732316,-0.000008
3016.661127,-0.000053
3018.589939,-0.000101
3020.518750,-0.000018
3022.447562,0.000062
3024.376373,0.000046
3026.305185,0.000085
3028.233996,0.000106
3030.162807,0.000010
3032.091619,-0.000069
3034.020430,-0.000080
3035.949242,-0.000028
3037.878053,0.000053
3039.806865,0.000041
3041.735676,-0.000001
3043.664488,0.000074
3045.593299,0.000145
3047.522111,0.000107
3049.450922,0.000088
3051.379734,0.000091
3053.308545,-0.000012
3055.237356,-0.000139
3057.166168,-0.000109
3059.094979,0.000014
3061.023791,0.000030
3062.952602,-0.000001
3064.881414,0.000051
3066.810225,0.000062
3068.739037,0.000005
3070.667848,-0.000013
3072.596660,-0.000031
3074.525471,-0.000070
3076.454283,-0.000098
3078.383094,-0.000084
3080.311905,-0.000034
3082.240717,-0.000004
3084.169528,-0.000007
3086.098340,-0.000011
3088.027151,0.000028
3089.955963,0.000086
3091.884774,0.000087
3093.813586,0.000053
3095.742397,0.000018
3097.671209,0.000040
3099.600020,0.000101
3101.528832,0.000130
3103.457643,0.000207
3105.386454,0.000307
3107.315266,0.000282
3109.244077,0.000229
3111.172889,0.000249
3113.101700,0.000220
3115.030512,0.000152
3116.959323,0.000159
3118.888135,0.000207
3120.816946,0.000229
3122.745758,0.000245
3124.674569,0.000261
3126.603381,0.000199
3128.532192,0.000143
3130.461003,0.000182
3132.389815,0.000140
3134.318626,0.000029
3136.247438,-0.000007
3138.176249,0.000019
3140.105061,0.000048
3142.033872,0.000011
3143.962684,-0.000011
3145.891495,0.000045
3147.820307,0.000070
3149.749118,0.000054
3151.677930,0.000030
3153.606741,0.000013
3155.535552,0.000028
3157.464364,0.000057
3159.393175,0.000069
3161.321987,0.000041
3163.250798,0.000006
3165.179610,-0.000022
3167.108421,-0.000082
3169.037233,-0.000143
3170.966044,-0.000100
3172.894856,0.000038
3174.823667,0.000064
3176.752479,-0.000014
3178.681290,-0.000016
3180.610102,-0.000019
3182.538913,-0.000043
3184.467724,-0.000010
3186.396536,0.000002
3188.325347,0.000008
3190.254159,0.000048
3192.182970,-0.000022
3194.111782,-0.000225
3196.040593,-0.000319
3197.969405,-0.000202
3199.898216,-0.000063
3201.827028,-0.000003
3203.755839,-0.000001
3205.684651,-0.000064
3207.613462,-0.000118
3209.542273,-0.000101
3211.471085,-0.000113
3213.399896,-0.000174
3215.328708,-0.000232
3217.257519,-0.000236
3219.186331,-0.000117
3221.115142,-0.000091
3223.043954,-0.000225
3224.972765,-0.000265
3226.901577,-0.000243
3228.830388,-0.000223
3230.759200,-0.000139
3232.688011,-0.000037
3234.616822,-0.000020
3236.545634,-0.000072
3238.474445,0.000023
3240.403257,0.000139
3242.332068,0.000014
3244.260880,-0.000098
3246.189691,-0.000078
3248.118503,-0.000107
3250.047314,-0.000160
3251.976126,-0.000177
3253.904937,-0.000119
3255.833749,-0.000021
3257.762560,0.000001
3259.691371,-0.000016
3261.620183,-0.000046
3263.548994,-0.000036
3265.477806,0.000041
3267.406617,-0.000003
3269.335429,-0.000156
3271.264240,-0.000244
3273.193052,-0.000198
3275.121863,-0.000067
3277.050675,-0.000046
3278.979486,-0.000090
3280.908298,-0.000003
3282.837109,0.000111
3284.765920,0.000148
3286.694732,0.000092
3288.623543,-0.000080
3290.552355,-0.000202
3292.481166,-0.000175
3294.409978,-0.000177
3296.338789,-0.000259
3298.267601,-0.000237
3300.196412,-0.000125
3302.125224,-0.000076
3304.054035,-0.000057
3305.982847,-0.000038
3307.911658,-0.000078
3309.840469,-0.000148
3311.769281,-0.000192
3313.698092,-0.000191
3315.626904,-0.000162
3317.555715,-0.000122
3319.484527,-0.000081
3321.413338,-0.000056
3323.342150,-0.000105
3325.270961,-0.000189
3327.199773,-0.000191
3329.128584,-0.000185
3331.057396,-0.000260
3332.986207,-0.000254
3334.915018,-0.000157
3336.843830,-0.000149
3338.772641,-0.000193
3340.701453,-0.000165
3342.630264,-0.000126
3344.559076,-0.000163
3346.487887,-0.000158
3348.416699,-0.000054
3350.345510,-0.000023
3352.274322,-0.000115
3354.203133,-0.000152
3356.131945,-0.000095
3358.060756,-0.000145
3359.989568,-0.000279
3361.918379,-0.000240
3363.847190,-0.000163
3365.776002,-0.000228
3367.704813,-0.000232
3369.633625,-0.000121
3371.562436,-0.000096
3373.491248,-0.000289
3375.420059,-0.000465
3377.348871,-0.000366
3379.277682,-0.000243
3381.206494,-0.000213
3383.135305,-0.000036
3385.064117,0.000167
3386.992928,0.000111
3388.921739,-0.000036
3390.850551,-0.000081
3392.779362,-0.000192
3394.708174,-0.000271
3396.636985,-0.000159
3398.565797,-0.000093
3400.494608,-0.000098
3402.423420,-0.000063
3404.352231,-0.000002
3406.281043,0.000137
3408.209854,0.000170
3410.138666,-0.000064
3412.067477,-0.000197
3413.996288,-0.000037
3415.925100,-0.000028
3417.853911,-0.000261
3419.782723,-0.000314
3421.711534,-0.000189
3423.640346,-0.000131
3425.569157,-0.000236
3427.497969,-0.000366
3429.426780,-0.000252
3431.355592,-0.000001
3433.284403,0.000166
3435.213215,0.000208
3437.142026,0.000185
3439.070837,0.000170
3440.999649,0.000100
3442.928460,0.000051
3444.857272,0.000097
3446.786083,0.000093
3448.714895,0.000060
3450.643706,0.000015
3452.572518,0.000053
3454.501329,0.000223
3456.430141,0.000251
3458.358952,0.000074
3460.287764,-0.000134
3462.216575,-0.000159
3464.145386,-0.000025
3466.074198,0.000034
3468.003009,0.000147
3469.931821,0.000196
3471.860632,0.000046
3473.789444,0.000058
3475.718255,0.000051
3477.647067,-0.000132
3479.575878,-0.000188
3481.504690,-0.000215
3483.433501,-0.000259
3485.362313,-0.000225
3487.291124,-0.000174
3489.219935,-0.000110
3491.148747,-0.000010
3493.077558,0.000060
3495.006370,-0.000039
3496.935181,-0.000161
3498.863993,-0.000126
3500.792804,-0.000242
3502.721616,-0.000480
3504.650427,-0.000436
3506.579239,-0.000292
3508.508050,-0.000249
3510.436862,-0.000240
3512.365673,-0.000204
3514.294484,-0.000062
3516.223296,-0.000076
3518.152107,-0.000236
3520.080919,-0.000246
3522.009730,-0.000328
3523.938542,-0.000487
3525.867353,-0.000480
3527.796165,-0.000401
3529.724976,-0.000246
3531.653788,-0.000002
3533.582599,0.000065
3535.511411,-0.000021
3537.440222,-0.000009
3539.369034,-0.000020
3541.297845,-0.000046
3543.226656,-0.000169
3545.155468,-0.000559
3547.084279,-0.000591
3549.013091,-0.000230
3550.941902,-0.000077
3552.870714,0.000074
3554.799525,0.000372
3556.728337,0.000599
3558.657148,0.000645
3560.585960,0.000585
3562.514771,0.000594
3564.443583,0.000351
3566.372394,-0.000112
3568.301205,0.000349
3570.230017,0.001566
3572.158828,0.002144
3574.087640,0.002259
3576.016451,0.002476
3577.945263,0.002527
3579.874074,0.002254
3581.802886,0.001683
3583.731697,0.000945
3585.660509,0.000064
3587.589320,-0.000083
3589.518132,0.001033
3591.446943,0.001370
3593.375754,0.000652
3595.304566,0.000727
3597.233377,0.001413
3599.162189,0.001804
3601.091000,0.002101
3603.019812,0.002400
3604.948623,0.002228
3606.877435,0.001411
3608.806246,0.000751
3610.735058,0.000563
3612.663869,0.000256
3614.592681,0.000121
3616.521492,-0.000005
3618.450303,-0.000605
3620.379115,-0.000584
3622.307926,0.000091
3624.236738,0.000206
3626.165549,-0.000914
3628.094361,-0.002665
3630.023172,-0.002469
3631.951984,-0.000798
3633.880795,0.000082
3635.809607,0.000524
3637.738418,0.000793
3639.667230,0.000710
3641.596041,0.000538
3643.524852,0.000136
3645.453664,-0.001062
3647.382475,-0.002875
3649.311287,-0.003749
3651.240098,-0.002461
3653.168910,-0.000707
3655.097721,-0.000377
3657.026533,-0.000228
3658.955344,0.000765
3660.884156,0.001317
3662.812967,0.001282
3664.741779,0.001023
3666.670590,0.000099
3668.599401,-0.001590
3670.528213,-0.002402
3672.457024,-0.002033
3674.385836,-0.002657
3676.314647,-0.002633
3678.243459,-0.000665
3680.172270,0.000669
3682.101082,0.001094
3684.029893,0.001044
3685.958705,0.000115
3687.887516,-0.001290
3689.816328,-0.001597
3691.745139,-0.000366
3693.673951,0.000880
3695.602762,0.001378
3697.531573,0.001377
3699.460385,0.000982
3701.389196,0.000465
3703.318008,0.000654
3705.246819,0.001066
3707.175631,0.000518
3709.104442,-0.000645
3711.033254,-0.001385
3712.962065,-0.000817
3714.890877,0.000423
3716.819688,0.000934
3718.748500,0.000750
3720.677311,0.000340
3722.606122,0.000030
3724.534934,-0.000154
3726.463745,-0.000241
3728.392557,-0.000175
3730.321368,-0.000735
3732.250180,-0.002034
3734.178991,-0.002969
3736.107803,-0.002822
3738.036614,-0.001659
3739.965426,-0.000706
3741.894237,-0.001533
3743.823049,-0.003553
3745.751860,-0.003808
3747.680671,-0.003155
3749.609483,-0.003805
3751.538294,-0.003534
3753.467106,-0.001566
3755.395917,-0.000193
3757.324729,0.000026
3759.253540,-0.000172
3761.182352,0.000205
3763.111163,0.000532
3765.039975,0.000127
3766.968786,-0.000186
3768.897598,-0.000292
3770.826409,0.000047
3772.755220,0.000923
3774.684032,0.001252
3776.612843,0.000873
3778.541655,0.000363
3780.470466,0.000395
3782.399278,0.000843
3784.328089,0.000938
3786.256901,0.001098
3788.185712,0.001380
3790.114524,0.001202
3792.043335,0.000945
3793.972147,0.000475
3795.900958,-0.000358
3797.829769,-0.000820
3799.758581,-0.001606
3801.687392,-0.002281
3803.616204,-0.001374
3805.545015,-0.000902
3807.473827,-0.000882
3809.402638,0.000120
3811.331450,0.000681
3813.260261,-0.000045
3815.189073,-0.001375
3817.117884,-0.001856
3819.046696,-0.002012
3820.975507,-0.002594
3822.904318,-0.001627
3824.833130,-0.000345
3826.761941,-0.000292
3828.690753,-0.000340
3830.619564,-0.000667
3832.548376,-0.001346
3834.477187,-0.001886
3836.405999,-0.002606
3838.334810,-0.002869
3840.263622,-0.002143
3842.192433,-0.001311
3844.121245,-0.000620
3846.050056,-0.000007
3847.978867,-0.000136
3849.907679,-0.001601
3851.836490,-0.004184
3853.765302,-0.005361
3855.694113,-0.003079
3857.622925,-0.000855
3859.551736,-0.000482
3861.480548,-0.000928
3863.409359,-0.001542
3865.338171,-0.001685
3867.266982,-0.001618
3869.195794,-0.002143
3871.124605,-0.002025
3873.053417,-0.001315
3874.982228,-0.000914
3876.911039,-0.000469
3878.839851,-0.000868
3880.768662,-0.001498
3882.697474,-0.001245
3884.626285,-0.001494
3886.555097,-0.001526
3888.483908,-0.000823
3890.412720,-0.000943
3892.341531,-0.000994
3894.270343,-0.000325
3896.199154,-0.000487
3898.127966,-0.001633
3900.056777,-0.002428
3901.985588,-0.002496
3903.914400,-0.002161
3905.843211,-0.001154
3907.772023,-0.000060
3909.700834,0.000291
3911.629646,0.000315
3913.558457,0.000176
3915.487269,-0.000350
3917.416080,-0.000761
3919.344892,-0.000683
3921.273703,-0.000437
3923.202515,-0.000370
3925.131326,-0.000366
3927.060137,-0.000255
3928.988949,-0.000277
3930.917760,-0.000496
3932.846572,-0.000458
3934.775383,0.000009
3936.704195,0.000320
3938.633006,0.000178
3940.561818,-0.000188
3942.490629,-0.000472
3944.419441,-0.000338
3946.348252,-0.000178
3948.277064,-0.000292
3950.205875,-0.000267
3952.134686,-0.000159
3954.063498,-0.000118
3955.992309,-0.000092
3957.921121,-0.000092
3959.849932,-0.000044
3961.778744,0.000013
3963.707555,0.000072
3965.636367,0.000118
3967.565178,0.000095
3969.493990,0.000067
3971.422801,0.000069
3973.351613,0.000084
3975.280424,0.000052
3977.209235,-0.000015
3979.138047,-0.000005
3981.066858,0.000069
3982.995670,0.000039
3984.924481,-0.000045
3986.853293,-0.000066
3988.782104,-0.000079
3990.710916,-0.000038
3992.639727,0.000015
3994.568539,0.000028
3996.497350,0.000068
3998.426162,-0.000011
4000.354973,-0.000115
