898.826141,0.000166
900.754953,0.000583
902.683764,0.000837
904.612576,0.000904
906.541387,0.000759
908.470199,0.001113
910.399010,0.001164
912.327822,0.000536
914.256633,0.000499
916.185445,0.000593
918.114256,0.000199
920.043068,-0.000377
921.971879,-0.000617
923.900690,-0.000068
925.829502,-0.000091
927.758313,-0.000774
929.687125,-0.000753
931.615936,-0.000298
933.544748,0.000322
935.473559,0.000777
937.402371,0.000647
939.331182,0.000302
941.259994,-0.000034
943.188805,-0.000272
945.117617,-0.000278
947.046428,-0.000079
948.975240,0.000029
950.904051,-0.000044
952.832862,0.000034
954.761674,0.000169
956.690485,0.000099
958.619297,-0.000021
960.548108,-0.000117
962.476920,-0.000155
964.405731,0.000003
966.334543,0.000099
968.263354,0.000048
970.192166,0.000080
972.120977,0.000309
974.049789,0.000646
975.978600,0.000442
977.907411,-0.000181
979.836223,-0.000202
981.765034,0.000115
983.693846,0.000070
985.622657,-0.000055
987.551469,0.000054
989.480280,0.000130
991.409092,0.000052
993.337903,0.000069
995.266715,0.000115
997.195526,0.000061
999.124338,0.000046
1001.053149,0.000075
1002.981960,0.000017
1004.910772,-0.000087
1006.839583,-0.000074
1008.768395,0.000015
1010.697206,0.000055
1012.626018,0.000041
1014.554829,0.000014
1016.483641,-0.000054
1018.412452,-0.000193
1020.341264,-0.000246
1022.270075,-0.000142
1024.198887,-0.000062
1026.127698,-0.000084
1028.056509,-0.000082
1029.985321,-0.000039
1031.914132,-0.000038
1033.842944,-0.000041
1035.771755,-0.000101
1037.700567,-0.000191
1039.629378,-0.000092
1041.558190,0.000060
1043.487001,-0.000012
1045.415813,-0.000130
1047.344624,-0.000068
1049.273436,-0.000017
1051.202247,-0.000058
1053.131058,-0.000040
1055.059870,0.000017
1056.988681,0.000103
1058.917493,0.000141
1060.846304,0.000044
1062.775116,-0.000003
1064.703927,0.000049
1066.632739,0.000078
1068.561550,0.000085
1070.490362,0.000058
1072.419173,-0.000012
1074.347985,-0.000014
1076.276796,0.000077
1078.205607,0.000110
1080.134419,0.000063
1082.063230,0.000066
1083.992042,0.000102
1085.920853,0.000077
1087.849665,0.000043
1089.778476,0.000031
1091.707288,0.000021
1093.636099,0.000040
1095.564911,0.000007
1097.493722,-0.000077
1099.422534,-0.000081
1101.351345,-0.000051
1103.280156,-0.000059
1105.208968,-0.000051
1107.137779,0.000020
1109.066591,0.000101
1110.995402,0.000086
1112.924214,0.000035
1114.853025,0.000015
1116.781837,0.000006
1118.710648,-0.000023
1120.639460,-0.000107
1122.568271,-0.000101
1124.497083,0.000031
1126.425894,0.000064
1128.354706,0.000019
1130.283517,0.000017
1132.212328,-0.000015
1134.141140,-0.000095
1136.069951,-0.000106
1137.998763,-0.000066
1139.927574,-0.000089
1141.856386,-0.000125
1143.785197,-0.000112
1145.714009,-0.000039
1147.642820,0.000089
1149.571632,0.000133
1151.500443,0.000063
1153.429255,0.000035
1155.358066,0.000050
1157.286877,0.000011
1159.215689,-0.000019
1161.144500,-0.000002
1163.073312,-0.000044
1165.002123,-0.000094
1166.930935,-0.000049
1168.859746,0.000013
1170.788558,0.000008
1172.717369,-0.000021
1174.646181,0.000008
1176.574992,0.000036
1178.503804,0.000001
1180.432615,-0.000011
1182.361426,-0.000019
1184.290238,-0.000034
1186.219049,0.000010
1188.147861,0.000018
1190.076672,-0.000036
1192.005484,-0.000043
1193.934295,-0.000006
1195.863107,0.000020
1197.791918,0.000012
1199.720730,-0.000017
1201.649541,-0.000032
1203.578353,-0.000013
1205.507164,0.000027
1207.435975,0.000027
1209.364787,-0.000003
1211.293598,0.000019
1213.222410,0.000036
1215.151221,0.000050
1217.080033,0.000080
1219.008844,0.000095
1220.937656,0.000164
1222.866467,0.000269
1224.795279,0.000315
1226.724090,0.000360
1228.652902,0.000426
1230.581713,0.000501
1232.510524,0.000602
1234.439336,0.000702
1236.368147,0.000866
1238.296959,0.001094
1240.225770,0.001254
1242.154582,0.001392
1244.083393,0.001565
1246.012205,0.001756
1247.941016,0.001961
1249.869828,0.002096
1251.798639,0.002186
1253.727451,0.002157
1255.656262,0.001973
1257.585073,0.001817
1259.513885,0.001718
1261.442696,0.002011
1263.371508,0.002485
1265.300319,0.002273
1267.229131,0.001882
1269.157942,0.001972
1271.086754,0.002136
1273.015565,0.002179
1274.944377,0.002141
1276.873188,0.002026
1278.802000,0.001879
1280.730811,0.001689
1282.659622,0.001437
1284.588434,0.001178
1286.517245,0.001010
1288.446057,0.000832
1290.374868,0.000645
1292.303680,0.000544
1294.232491,0.000434
1296.161303,0.000336
1298.090114,0.000230
1300.018926,0.000097
1301.947737,0.000070
1303.876549,0.000070
1305.805360,-0.000003
1307.734172,-0.000034
1309.662983,0.000026
1311.591794,0.000052
1313.520606,0.000013
1315.449417,-0.000024
1317.378229,0.000006
1319.307040,0.000008
1321.235852,0.000057
1323.164663,0.000032
1325.093475,-0.000039
1327.022286,0.000098
1328.951098,0.000213
1330.879909,0.000229
1332.808721,0.000294
1334.737532,0.000246
1336.666343,0.000173
1338.595155,0.000084
1340.523966,-0.000043
1342.452778,0.000062
1344.381589,0.000201
1346.310401,0.000243
1348.239212,0.000297
1350.168024,0.000221
1352.096835,0.000134
1354.025647,0.000158
1355.954458,0.000155
1357.883270,0.000135
1359.812081,0.000091
1361.740892,-0.000104
1363.669704,-0.000091
1365.598515,0.000109
1367.527327,0.000164
1369.456138,0.000128
1371.384950,0.000094
1373.313761,0.000082
1375.242573,0.000209
1377.171384,0.000344
1379.100196,0.000359
1381.029007,0.000386
1382.957819,0.000417
1384.886630,0.000373
1386.815441,0.000388
1388.744253,0.000543
1390.673064,0.000596
1392.601876,0.000444
1394.530687,0.000382
1396.459499,0.000479
1398.388310,0.000500
1400.317122,0.000569
1402.245933,0.000668
1404.174745,0.000616
1406.103556,0.000583
1408.032368,0.000690
1409.961179,0.000823
1411.889990,0.000842
1413.818802,0.000762
1415.747613,0.000656
1417.676425,0.000406
1419.605236,0.000265
1421.534048,0.000460
1423.462859,0.000587
1425.391671,0.000604
1427.320482,0.000602
1429.249294,0.000478
1431.178105,0.000451
1433.106917,0.000545
1435.035728,0.000360
1436.964539,0.000197
1438.893351,0.000473
1440.822162,0.000616
1442.750974,0.000566
1444.679785,0.000578
1446.608597,0.000517
1448.537408,0.000456
1450.466220,0.000443
1452.395031,0.000337
1454.323843,0.000033
1456.252654,-0.000436
1458.181466,-0.000305
1460.110277,0.000246
1462.039089,0.000389
1463.967900,0.000292
1465.896711,0.000348
1467.825523,0.000498
1469.754334,0.000322
1471.683146,-0.000118
1473.611957,-0.000192
1475.540769,0.000075
1477.469580,0.000308
1479.398392,0.000408
1481.327203,0.000377
1483.256015,0.000360
1485.184826,0.000262
1487.113638,-0.000015
1489.042449,-0.000188
1490.971260,0.000014
1492.900072,0.000283
1494.828883,0.000177
1496.757695,-0.000068
1498.686506,0.000055
1500.615318,0.000350
1502.544129,0.000371
1504.472941,-0.000209
1506.401752,-0.000844
1508.330564,-0.000392
1510.259375,0.000175
1512.188187,0.000370
1514.116998,0.000323
1516.045809,0.000066
1517.974621,-0.000056
1519.903432,-0.000172
1521.832244,-0.000278
1523.761055,-0.000031
1525.689867,0.000155
1527.618678,0.000304
1529.547490,0.000491
1531.476301,0.000331
1533.405113,0.000091
1535.333924,0.000235
1537.262736,0.000054
1539.191547,-0.000684
1541.120358,-0.000687
1543.049170,-0.000099
1544.977981,0.000339
1546.906793,0.000647
1548.835604,0.000778
1550.764416,0.000868
1552.693227,0.000877
1554.622039,0.000797
1556.550850,0.000500
1558.479662,0.000169
1560.408473,0.001275
1562.337285,0.002626
1564.266096,0.003405
1566.194907,0.004252
1568.123719,0.005167
1570.052530,0.006496
1571.981342,0.008416
1573.910153,0.010195
1575.838965,0.012561
1577.767776,0.016147
1579.696588,0.019980
1581.625399,0.024147
1583.554211,0.028876
1585.483022,0.034157
1587.411834,0.039834
1589.340645,0.045779
1591.269456,0.051802
1593.198268,0.057326
1595.127079,0.062070
1597.055891,0.065708
1598.984702,0.068021
1600.913514,0.068712
1602.842325,0.067675
1604.771137,0.065179
1606.699948,0.061259
1608.628760,0.056495
1610.557571,0.050817
1612.486383,0.044996
1614.415194,0.038768
1616.344005,0.032528
1618.272817,0.037246
1620.201628,0.052627
1622.130440,0.069029
1624.059251,0.081587
1625.988063,0.088469
1627.916874,0.091141
1629.845686,0.089768
1631.774497,0.084242
1633.703309,0.075706
1635.632120,0.063818
1637.560932,0.052206
1639.489743,0.042629
1641.418555,0.032646
1643.347366,0.023763
1645.276177,0.016472
1647.204989,0.010090
1649.133800,0.006331
1651.062612,0.003619
1652.991423,0.000952
1654.920235,0.000647
1656.849046,0.001096
1658.777858,0.000926
1660.706669,0.000574
1662.635481,0.000322
1664.564292,0.000346
1666.493104,0.000315
1668.421915,-0.000071
1670.350726,-0.000105
1672.279538,0.000141
1674.208349,0.000047
1676.137161,0.000116
1678.065972,0.000437
1679.994784,0.000415
1681.923595,-0.000022
1683.852407,-0.000467
1685.781218,-0.000199
1687.710030,0.000169
1689.638841,0.000043
1691.567653,-0.000186
1693.496464,-0.000704
1695.425275,-0.001188
1697.354087,-0.000771
1699.282898,-0.000911
1701.211710,-0.001476
1703.140521,-0.001206
1705.069333,-0.000893
1706.998144,-0.000439
1708.926956,0.000016
1710.855767,-0.000008
1712.784579,-0.000120
1714.713390,-0.000296
1716.642202,-0.000658
1718.571013,-0.000646
1720.499824,-0.000325
1722.428636,-0.000233
1724.357447,-0.000251
1726.286259,-0.000194
1728.215070,-0.000257
1730.143882,-0.000344
1732.072693,-0.000535
1734.001505,-0.000660
1735.930316,-0.000139
1737.859128,0.000197
1739.787939,0.000178
1741.716751,0.000334
1743.645562,0.000442
1745.574373,0.000377
1747.503185,0.000279
1749.431996,0.000178
1751.360808,0.000338
1753.289619,0.000653
1755.218431,0.000689
1757.147242,0.000640
1759.076054,0.000654
1761.004865,0.000498
1762.933677,0.000442
1764.862488,0.000441
1766.791300,0.000167
1768.720111,-0.000103
1770.648922,-0.000318
1772.577734,-0.000432
1774.506545,-0.000152
1776.435357,0.000111
1778.364168,0.000142
1780.292980,0.000155
1782.221791,0.000291
1784.150603,0.000459
1786.079414,0.000630
1788.008226,0.000750
1789.937037,0.000557
1791.865849,0.000257
1793.794660,0.000351
1795.723471,0.000591
1797.652283,0.000676
1799.581094,0.000611
1801.509906,0.000614
1803.438717,0.000876
1805.367529,0.001188
1807.296340,0.001347
1809.225152,0.001354
1811.153963,0.001373
1813.082775,0.001495
1815.011586,0.001589
1816.940398,0.001654
1818.869209,0.001763
1820.798021,0.001911
1822.726832,0.002006
1824.655643,0.002074
1826.584455,0.002233
1828.513266,0.002327
1830.442078,0.002459
1832.370889,0.002803
1834.299701,0.003077
1836.228512,0.003244
1838.157324,0.003416
1840.086135,0.003521
1842.014947,0.003591
1843.943758,0.003652
1845.872570,0.003741
1847.801381,0.003886
1849.730192,0.003974
1851.659004,0.003956
1853.587815,0.003902
1855.516627,0.003817
1857.445438,0.003635
1859.374250,0.003403
1861.303061,0.003125
1863.231873,0.002807
1865.160684,0.002373
1867.089496,0.001754
1869.018307,0.001265
1870.947119,0.000988
1872.875930,0.001524
1874.804741,0.002664
1876.733553,0.002189
1878.662364,0.000854
1880.591176,0.000922
1882.519987,0.001609
1884.448799,0.002183
1886.377610,0.002776
1888.306422,0.003268
1890.235233,0.003797
1892.164045,0.004273
1894.092856,0.004637
1896.021668,0.004933
1897.950479,0.005179
1899.879290,0.005375
1901.808102,0.005446
1903.736913,0.005493
1905.665725,0.005511
1907.594536,0.005383
1909.523348,0.005170
1911.452159,0.004953
1913.380971,0.004717
1915.309782,0.004365
1917.238594,0.003909
1919.167405,0.003607
1921.096217,0.003403
1923.025028,0.003091
1924.953839,0.002799
1926.882651,0.002504
1928.811462,0.002152
1930.740274,0.001875
1932.669085,0.001634
1934.597897,0.001385
1936.526708,0.001155
1938.455520,0.000926
1940.384331,0.000700
1942.313143,0.000526
1944.241954,0.000414
1946.170766,0.000338
1948.099577,0.000286
1950.028388,0.000225
1951.957200,0.000166
1953.886011,0.000115
1955.814823,0.000065
1957.743634,0.000047
1959.672446,0.000034
1961.601257,0.000020
1963.530069,0.000023
1965.458880,0.000005
1967.387692,-0.000014
1969.316503,-0.000003
1971.245315,0.000004
1973.174126,0.000010
1975.102938,0.000014
1977.031749,-0.000005
1978.960560,-0.000021
1980.889372,-0.000017
1982.818183,-0.000011
1984.746995,0.000010
1986.675806,0.000061
1988.604618,0.000083
1990.533429,0.000020
1992.462241,-0.000026
1994.391052,0.000002
1996.319864,0.000018
1998.248675,0.000013
2000.177487,0.000005
2002.106298,-0.000003
2004.035109,0.000012
2005.963921,-0.000006
2007.892732,-0.000028
2009.821544,0.000030
2011.750355,0.000076
2013.679167,0.000031
2015.607978,-0.000029
2017.536790,-0.000008
2019.465601,0.000059
2021.394413,0.000063
2023.323224,0.000034
2025.252036,0.000048
2027.180847,0.000073
2029.109658,0.000066
2031.038470,0.000040
2032.967281,0.000020
2034.896093,0.000021
2036.824904,0.000030
2038.753716,0.000030
2040.682527,0.000023
2042.611339,0.000020
2044.540150,0.000048
2046.468962,0.000074
2048.397773,0.000036
2050.326585,0.000004
2052.255396,0.000034
2054.184207,0.000042
2056.113019,0.000008
2058.041830,-0.000006
2059.970642,-0.000009
2061.899453,-0.000017
2063.828265,-0.000014
2065.757076,-0.000006
2067.685888,-0.000004
2069.614699,0.000006
2071.543511,0.000010
2073.472322,-0.000013
2075.401134,-0.000007
2077.329945,0.000036
2079.258756,0.000025
2081.187568,-0.000022
2083.116379,-0.000025
2085.045191,0.000029
2086.974002,0.000066
2088.902814,0.000038
2090.831625,0.000021
2092.760437,0.000027
2094.689248,0.000011
2096.618060,0.000021
2098.546871,0.000034
2100.475683,0.000018
2102.404494,0.000017
2104.333305,0.000021
2106.262117,0.000038
2108.190928,0.000064
2110.119740,0.000031
2112.048551,-0.000013
2113.977363,-0.000001
2115.906174,0.000022
2117.834986,0.000021
2119.763797,0.000022
2121.692609,0.000021
2123.621420,0.000005
2125.550232,-0.000006
2127.479043,-0.000025
2129.407854,-0.000042
2131.336666,-0.000024
2133.265477,-0.000007
2135.194289,0.000025
2137.123100,0.000055
2139.051912,0.000010
2140.980723,-0.000063
2142.909535,-0.000093
2144.838346,-0.000104
2146.767158,-0.000089
2148.695969,-0.000022
2150.624781,0.000015
2152.553592,-0.000012
2154.482404,-0.000001
2156.411215,0.000045
2158.340026,0.000057
2160.268838,0.000047
2162.197649,0.000037
2164.126461,0.000052
2166.055272,0.000053
2167.984084,0.000036
2169.912895,0.000066
2171.841707,0.000110
2173.770518,0.000116
2175.699330,0.000066
2177.628141,0.000032
2179.556953,0.000108
2181.485764,0.000149
2183.414575,0.000100
2185.343387,0.000112
2187.272198,0.000149
2189.201010,0.000148
2191.129821,0.000136
2193.058633,0.000123
2194.987444,0.000164
2196.916256,0.000235
2198.845067,0.000260
2200.773879,0.000284
2202.702690,0.000321
2204.631502,0.000296
2206.560313,0.000251
2208.489124,0.000264
2210.417936,0.000304
2212.346747,0.000365
2214.275559,0.000404
2216.204370,0.000355
2218.133182,0.000291
2220.061993,0.000219
2221.990805,0.000116
2223.919616,0.000091
2225.848428,0.000168
2227.777239,0.000252
2229.706051,0.000320
2231.634862,0.000401
2233.563673,0.000425
2235.492485,0.000395
2237.421296,0.000381
2239.350108,0.000361
2241.278919,0.000372
2243.207731,0.000359
2245.136542,0.000264
2247.065354,0.000225
2248.994165,0.000202
2250.922977,0.000129
2252.851788,0.000099
2254.780600,0.000072
2256.709411,0.000008
2258.638222,-0.000029
2260.567034,-0.000034
2262.495845,-0.000045
2264.424657,-0.000058
2266.353468,-0.000068
2268.282280,-0.000073
2270.211091,-0.000052
2272.139903,-0.000046
2274.068714,-0.000060
2275.997526,-0.000013
2277.926337,0.000042
2279.855149,0.000010
2281.783960,-0.000053
2283.712771,-0.000061
2285.641583,-0.000050
2287.570394,-0.000070
2289.499206,-0.000083
2291.428017,-0.000081
2293.356829,-0.000106
2295.285640,-0.000136
2297.214452,-0.000135
2299.143263,-0.000146
2301.072075,-0.000086
2303.000886,-0.000012
2304.929698,0.000091
2306.858509,0.000173
2308.787320,0.000215
2310.716132,0.000202
2312.644943,0.000166
2314.573755,0.000167
2316.502566,0.000186
2318.431378,0.000189
2320.360189,0.000181
2322.289001,0.000157
2324.217812,0.000131
2326.146624,0.000185
2328.075435,0.000245
2330.004247,0.000204
2331.933058,0.000145
2333.861870,0.000116
2335.790681,0.000056
2337.719492,0.000100
2339.648304,0.000156
2341.577115,0.000227
2343.505927,0.000436
2345.434738,0.000741
2347.363550,0.001123
2349.292361,0.001257
2351.221173,0.000941
2353.149984,0.000524
2355.078796,0.000221
2357.007607,0.000050
2358.936419,0.000002
2360.865230,-0.000053
2362.794041,0.000004
2364.722853,-0.000069
2366.651664,-0.000147
2368.580476,-0.000121
2370.509287,0.000015
2372.438099,0.000105
2374.366910,0.000167
2376.295722,0.000263
2378.224533,0.000296
2380.153345,0.000225
2382.082156,0.000153
2384.010968,0.000099
2385.939779,-0.000015
2387.868590,-0.000001
2389.797402,-0.000021
2391.726213,-0.000024
2393.655025,-0.000014
2395.583836,-0.000013
2397.512648,-0.000012
2399.441459,0.000003
2401.370271,0.000047
2403.299082,0.000063
2405.227894,0.000017
2407.156705,0.000008
2409.085517,0.000043
2411.014328,0.000069
2412.943139,0.000107
2414.871951,0.000113
2416.800762,0.000042
2418.729574,-0.000003
2420.658385,0.000040
2422.587197,0.000094
2424.516008,0.000104
2426.444820,0.000089
2428.373631,0.000080
2430.302443,0.000051
2432.231254,0.000011
2434.160066,0.000055
2436.088877,0.000128
2438.017688,0.000102
2439.946500,0.000063
2441.875311,0.000106
2443.804123,0.000138
2445.732934,0.000121
2447.661746,0.000093
2449.590557,0.000065
2451.519369,0.000098
2453.448180,0.000134
2455.376992,0.000067
2457.305803,0.000026
2459.234615,0.000050
2461.163426,0.000050
2463.092237,0.000068
2465.021049,0.000103
2466.949860,0.000131
2468.878672,0.000149
2470.807483,0.000133
2472.736295,0.000101
2474.665106,0.000079
2476.593918,0.000104
2478.522729,0.000142
2480.451541,0.000099
2482.380352,0.000044
2484.309164,0.000053
2486.237975,0.000068
2488.166786,0.000059
2490.095598,0.000053
2492.024409,0.000077
2493.953221,0.000101
2495.882032,0.000090
2497.810844,0.000084
2499.739655,0.000106
2501.668467,0.000154
2503.597278,0.000175
2505.526090,0.000129
2507.454901,0.000108
2509.383713,0.000091
2511.312524,-0.000001
2513.241336,-0.000029
2515.170147,0.000038
2517.098958,0.000042
2519.027770,0.000031
2520.956581,0.000072
2522.885393,0.000070
2524.814204,0.000030
2526.743016,0.000031
2528.671827,0.000041
2530.600639,0.000027
2532.529450,0.000037
2534.458262,0.000044
2536.387073,0.000032
2538.315885,0.000067
2540.244696,0.000076
2542.173507,0.000034
2544.102319,0.000028
2546.031130,0.000014
2547.959942,-0.000003
2549.888753,0.000016
2551.817565,0.000014
2553.746376,0.000005
2555.675188,0.000018
2557.603999,0.000050
2559.532811,0.000113
2561.461622,0.000134
2563.390434,0.000073
2565.319245,0.000055
2567.248056,0.000087
2569.176868,0.000062
2571.105679,0.000057
2573.034491,0.000110
2574.963302,0.000094
2576.892114,0.000033
2578.820925,0.000029
2580.749737,0.000044
2582.678548,0.000005
2584.607360,-0.000036
2586.536171,-0.000024
2588.464983,-0.000009
2590.393794,-0.000001
2592.322605,0.000023
2594.251417,0.000023
2596.180228,-0.000009
2598.109040,-0.000037
2600.037851,-0.000012
2601.966663,0.000040
2603.895474,0.000035
2605.824286,0.000037
2607.753097,0.000096
2609.681909,0.000099
2611.610720,0.000039
2613.539532,0.000021
2615.468343,0.000021
2617.397154,-0.000033
2619.325966,-0.000087
2621.254777,-0.000073
2623.183589,-0.000024
2625.112400,-0.000009
2627.041212,-0.000017
2628.970023,-0.000003
2630.898835,-0.000003
2632.827646,-0.000006
2634.756458,0.000025
2636.685269,0.000031
2638.614081,0.000017
2640.542892,0.000021
2642.471703,0.000008
2644.400515,-0.000013
2646.329326,-0.000022
2648.258138,-0.000023
2650.186949,-0.000026
2652.115761,-0.000046
2654.044572,-0.000070
2655.973384,-0.000071
2657.902195,-0.000053
2659.831007,-0.000061
2661.759818,-0.000081
2663.688630,-0.000059
2665.617441,-0.000018
2667.546253,0.000002
2669.475064,-0.000014
2671.403875,-0.000037
2673.332687,-0.000045
2675.261498,-0.000048
2677.190310,-0.000028
2679.119121,-0.000025
2681.047933,-0.000015
2682.976744,0.000045
2684.905556,0.000057
2686.834367,0.000014
2688.763179,-0.000036
2690.691990,-0.000056
2692.620802,-0.000007
2694.549613,0.000045
2696.478424,0.000042
2698.407236,0.000002
2700.336047,0.000001
2702.264859,0.000002
2704.193670,-0.000047
2706.122482,-0.000051
2708.051293,-0.000062
2709.980105,-0.000081
2711.908916,-0.000063
2713.837728,-0.000075
2715.766539,-0.000050
2717.695351,-0.000030
2719.624162,-0.000063
2721.552973,-0.000066
2723.481785,-0.000077
2725.410596,-0.000076
2727.339408,-0.000044
2729.268219,-0.000046
2731.197031,-0.000023
2733.125842,0.000031
2735.054654,-0.000016
2736.983465,-0.000111
2738.912277,-0.000107
2740.841088,-0.000065
2742.769900,-0.000028
2744.698711,0.000013
2746.627522,0.000016
2748.556334,0.000021
2750.485145,0.000010
2752.413957,-0.000045
2754.342768,-0.000066
2756.271580,-0.000067
2758.200391,-0.000078
2760.129203,-0.000055
2762.058014,-0.000047
2763.986826,-0.000075
2765.915637,-0.000065
2767.844449,-0.000050
2769.773260,-0.000105
2771.702071,-0.000189
2773.630883,-0.000185
2775.559694,-0.000094
2777.488506,-0.000050
2779.417317,-0.000022
2781.346129,0.000009
2783.274940,-0.000026
2785.203752,-0.000039
2787.132563,-0.000008
2789.061375,-0.000003
2790.990186,-0.000033
2792.918998,-0.000066
2794.847809,-0.000063
2796.776620,-0.000061
2798.705432,-0.000057
2800.634243,-0.000044
2802.563055,-0.000055
2804.491866,-0.000012
2806.420678,0.000097
2808.349489,0.000126
2810.278301,0.000056
2812.207112,0.000006
2814.135924,-0.000029
2816.064735,-0.000065
2817.993547,-0.000088
2819.922358,-0.000113
2821.851169,-0.000056
2823.779981,0.000029
2825.708792,0.000037
2827.637604,0.000070
2829.566415,0.000104
2831.495227,0.000045
2833.424038,0.000030
2835.352850,0.000085
2837.281661,0.000051
2839.210473,0.000010
2841.139284,0.000057
2843.068096,0.000109
2844.996907,0.000137
2846.925719,0.000109
2848.854530,0.000111
2850.783341,0.000216
2852.712153,0.000274
2854.640964,0.000278
2856.569776,0.000312
2858.498587,0.000342
2860.427399,0.000401
2862.356210,0.000553
2864.285022,0.000749
2866.213833,0.000932
2868.142645,0.001056
2870.071456,0.001154
2872.000268,0.001378
2873.929079,0.001697
2875.857890,0.002023
2877.786702,0.002315
2879.715513,0.002512
2881.644325,0.002742
2883.573136,0.003024
2885.501948,0.003189
2887.430759,0.003264
2889.359571,0.003320
2891.288382,0.003328
2893.217194,0.003285
2895.146005,0.003214
2897.074817,0.003072
2899.003628,0.002822
2900.932439,0.002554
2902.861251,0.002247
2904.790062,0.001803
2906.718874,0.001615
2908.647685,0.002185
2910.576497,0.003234
2912.505308,0.004211
2914.434120,0.004929
2916.362931,0.005318
2918.291743,0.005422
2920.220554,0.005265
2922.149366,0.004766
2924.078177,0.004016
2926.006988,0.003176
2927.935800,0.002303
2929.864611,0.001510
2931.793423,0.000891
2933.722234,0.000358
2935.651046,0.000008
2937.579857,-0.000037
2939.508669,-0.000024
2941.437480,-0.000054
2943.366292,-0.000019
2945.295103,0.000041
2947.223915,0.000063
2949.152726,0.000047
2951.081537,0.000064
2953.010349,0.000102
2954.939160,0.000040
2956.867972,-0.000054
2958.796783,-0.000031
2960.725595,0.000080
2962.654406,0.000124
2964.583218,0.000049
2966.512029,-0.000025
2968.440841,-0.000034
2970.369652,-0.000030
2972.298464,-0.000028
2974.227275,-0.000013
2976.156086,-0.000026
2978.084898,-0.000062
2980.013709,-0.000032
2981.942521,0.000029
2983.871332,0.000051
2985.800144,0.000042
2987.728955,-0.000038
2989.657767,-0.000113
2991.586578,-0.000093
2993.515390,-0.000087
2995.444201,-0.000079
2997.373013,-0.000011
2999.301824,0.000023
3001.230635,-0.000000
3003.159447,-0.000042
3005.088258,-0.000067
3007.017070,-0.000034
3008.945881,0.000036
3010.874693,0.000052
3012.803504,0.000028
3014.732316,0.000056
3016.661127,0.000035
3018.589939,-0.000041
3020.518750,-0.000008
3022.447562,0.000078
3024.376373,0.000093
3026.305185,0.000102
3028.233996,0.000154
3030.162807,0.000117
3032.091619,0.000024
3034.020430,0.000034
3035.949242,0.000080
3037.878053,0.000107
3039.806865,0.000106
3041.735676,0.000079
3043.664488,0.000109
3045.593299,0.000134
3047.522111,0.000152
3049.450922,0.000192
3051.379734,0.000119
3053.308545,-0.000009
3055.237356,-0.000053
3057.166168,-0.000050
3059.094979,-0.000016
3061.023791,0.000024
3062.952602,0.000039
3064.881414,0.000082
3066.810225,0.000129
3068.739037,0.000108
3070.667848,0.000039
3072.596660,-0.000040
3074.525471,-0.000097
3076.454283,-0.000102
3078.383094,-0.000096
3080.311905,-0.000048
3082.240717,0.000065
3084.169528,0.000050
3086.098340,-0.000027
3088.027151,-0.000003
3089.955963,-0.000068
3091.884774,-0.000120
3093.813586,-0.000051
3095.742397,-0.000071
3097.671209,-0.000098
3099.600020,-0.000085
3101.528832,-0.000083
3103.457643,-0.000030
3105.386454,0.000031
3107.315266,0.000044
3109.244077,-0.000029
3111.172889,-0.000059
3113.101700,-0.000023
3115.030512,-0.000065
3116.959323,-0.000081
3118.888135,-0.000045
3120.816946,-0.000045
3122.745758,-0.000066
3124.674569,-0.000063
3126.603381,-0.000023
3128.532192,-0.000023
3130.461003,-0.000009
3132.389815,-0.000003
3134.318626,-0.000077
3136.247438,-0.000064
3138.176249,0.000003
3140.105061,-0.000027
3142.033872,-0.000051
3143.962684,-0.000027
3145.891495,-0.000031
3147.820307,-0.000020
3149.749118,0.000043
3151.677930,0.000020
3153.606741,-0.000083
3155.535552,-0.000064
3157.464364,-0.000003
3159.393175,-0.000057
3161.321987,-0.000075
3163.250798,0.000008
3165.179610,0.000087
3167.108421,0.000100
3169.037233,-0.000003
3170.966044,-0.000041
3172.894856,0.000091
3174.823667,0.000121
3176.752479,0.000043
3178.681290,0.000038
3180.610102,0.000047
3182.538913,0.000056
3184.467724,0.000064
3186.396536,0.000024
3188.325347,0.000045
3190.254159,0.000130
3192.182970,0.000096
3194.111782,-0.000015
3196.040593,-0.000054
3197.969405,-0.000017
3199.898216,0.000078
3201.827028,0.000136
3203.755839,0.000075
3205.684651,-0.000009
3207.613462,-0.000015
3209.542273,-0.000004
3211.471085,-0.000059
3213.399896,-0.000059
3215.328708,0.000007
3217.257519,0.000023
3219.186331,0.000034
3221.115142,0.000043
3223.043954,0.000108
3224.972765,0.000164
3226.901577,0.000034
3228.830388,-0.000035
3230.759200,0.000075
3232.688011,0.000165
3234.616822,0.000171
3236.545634,0.000111
3238.474445,0.000063
3240.403257,0.000053
3242.332068,0.000069
3244.260880,0.000066
3246.189691,-0.000001
3248.118503,-0.000018
3250.047314,-0.000033
3251.976126,-0.000067
3253.904937,-0.000002
3255.833749,0.000060
3257.762560,0.000068
3259.691371,0.000068
3261.620183,0.000032
3263.548994,0.000027
3265.477806,0.000076
3267.406617,0.000078
3269.335429,-0.000005
3271.264240,-0.000131
3273.193052,-0.000177
3275.121863,-0.000080
3277.050675,-0.000034
3278.979486,-0.000090
3280.908298,-0.000081
3282.837109,-0.000049
3284.765920,-0.000032
3286.694732,-0.000014
3288.623543,-0.000090
3290.552355,-0.000141
3292.481166,-0.000114
3294.409978,-0.000139
3296.338789,-0.000179
3298.267601,-0.000171
3300.196412,-0.000087
3302.125224,0.000020
3304.054035,0.000020
3305.982847,-0.000054
3307.911658,-0.000112
3309.840469,-0.000116
3311.769281,-0.000088
3313.698092,-0.000077
3315.626904,-0.000075
3317.555715,-0.000055
3319.484527,-0.000030
3321.413338,-0.000009
3323.342150,0.000055
3325.270961,0.000120
3327.199773,0.000061
3329.128584,-0.000018
3331.057396,0.000006
3332.986207,0.000048
3334.915018,0.000073
3336.843830,0.000016
3338.772641,-0.000068
3340.701453,0.000055
3342.630264,0.000170
3344.559076,0.000059
3346.487887,0.000034
3348.416699,0.000166
3350.345510,0.000232
3352.274322,0.000219
3354.203133,0.000198
3356.131945,0.000204
3358.060756,0.000163
3359.989568,0.000048
3361.918379,0.000027
3363.847190,0.000103
3365.776002,0.000106
3367.704813,0.000097
3369.633625,0.000226
3371.562436,0.000244
3373.491248,-0.000016
3375.420059,-0.000122
3377.348871,0.000041
3379.277682,0.000146
3381.206494,0.000181
3383.135305,0.000236
3385.064117,0.000316
3386.992928,0.000328
3388.921739,0.000209
3390.850551,0.000095
3392.779362,0.000038
3394.708174,0.000079
3396.636985,0.000206
3398.565797,0.000256
3400.494608,0.000259
3402.423420,0.000296
3404.352231,0.000357
3406.281043,0.000363
3408.209854,0.000267
3410.138666,0.000198
3412.067477,0.000140
3413.996288,0.000077
3415.925100,0.000065
3417.853911,-0.000009
3419.782723,-0.000048
3421.711534,0.000011
3423.640346,0.000013
3425.569157,0.000019
3427.497969,0.000033
3429.426780,0.000001
3431.355592,0.000046
3433.284403,0.000134
3435.213215,0.000097
3437.142026,0.000044
3439.070837,0.000057
3440.999649,-0.000006
3442.928460,-0.000007
3444.857272,0.000116
3446.786083,0.000061
3448.714895,-0.000165
3450.643706,-0.000259
3452.572518,-0.000132
3454.501329,0.000009
3456.430141,0.000046
3458.358952,0.000023
3460.287764,-0.000081
3462.216575,-0.000146
3464.145386,-0.000137
3466.074198,-0.000105
3468.003009,-0.000020
3469.931821,-0.000068
3471.860632,-0.000210
3473.789444,-0.000120
3475.718255,0.000020
3477.647067,0.000031
3479.575878,0.000083
3481.504690,0.000108
3483.433501,0.000051
3485.362313,0.000011
3487.291124,-0.000039
3489.219935,-0.000093
3491.148747,-0.000031
3493.077558,0.000085
3495.006370,0.000008
3496.935181,-0.000082
3498.863993,0.000083
3500.792804,0.000172
3502.721616,0.000094
3504.650427,0.000072
3506.579239,-0.000013
3508.508050,-0.000073
3510.436862,-0.000003
3512.365673,0.000035
3514.294484,0.000151
3516.223296,0.000163
3518.152107,-0.000062
3520.080919,0.000008
3522.009730,0.000235
3523.938542,0.000172
3525.867353,0.000105
3527.796165,0.000081
3529.724976,0.000052
3531.653788,0.000235
3533.582599,0.000341
3535.511411,0.000189
3537.440222,0.000102
3539.369034,0.000092
3541.297845,0.000091
3543.226656,0.000112
3545.155468,0.000074
3547.084279,0.000027
3549.013091,-0.000020
3550.941902,0.000036
3552.870714,0.000201
3554.799525,0.000286
3556.728337,0.000365
3558.657148,0.000335
3560.585960,0.000118
3562.514771,0.000077
3564.443583,0.000184
3566.372394,0.000144
3568.301205,0.000210
3570.230017,0.000464
3572.158828,0.000579
3574.087640,0.000644
3576.016451,0.000731
3577.945263,0.000773
3579.874074,0.000782
3581.802886,0.000621
3583.731697,0.000410
3585.660509,0.000251
3587.589320,0.000179
3589.518132,0.000397
3591.446943,0.000527
3593.375754,0.000377
3595.304566,0.000370
3597.233377,0.000503
3599.162189,0.000483
3601.091000,0.000488
3603.019812,0.000647
3604.948623,0.000651
3606.877435,0.000492
3608.806246,0.000464
3610.735058,0.000455
3612.663869,0.000365
3614.592681,0.000370
3616.521492,0.000314
3618.450303,0.000127
3620.379115,0.000063
3622.307926,0.000128
3624.236738,0.000245
3626.165549,0.000129
3628.094361,-0.000226
3630.023172,-0.000169
3631.951984,0.000086
3633.880795,0.000196
3635.809607,0.000333
3637.738418,0.000341
3639.667230,0.000227
3641.596041,0.000147
3643.524852,0.000068
3645.453664,-0.000191
3647.382475,-0.000628
3649.311287,-0.000773
3651.240098,-0.000486
3653.168910,-0.000217
3655.097721,-0.000099
3657.026533,0.000025
3658.955344,0.000185
3660.884156,0.000294
3662.812967,0.000364
3664.741779,0.000251
3666.670590,-0.000094
3668.599401,-0.000398
3670.528213,-0.000489
3672.457024,-0.000417
3674.385836,-0.000446
3676.314647,-0.000516
3678.243459,-0.000209
3680.172270,0.000174
3682.101082,0.000262
3684.029893,0.000200
3685.958705,0.000020
3687.887516,-0.000308
3689.816328,-0.000423
3691.745139,-0.000179
3693.673951,0.000096
3695.602762,0.000220
3697.531573,0.000204
3699.460385,0.000082
3701.389196,-0.000003
3703.318008,0.000056
3705.246819,0.000125
3707.175631,0.000078
3709.104442,-0.000113
3711.033254,-0.000268
3712.962065,-0.000173
3714.890877,-0.000003
3716.819688,0.000066
3718.748500,0.000047
3720.677311,0.000028
3722.606122,0.000055
3724.534934,0.000000
3726.463745,-0.000116
3728.392557,-0.000211
3730.321368,-0.000301
3732.250180,-0.000393
3734.178991,-0.000488
3736.107803,-0.000432
3738.036614,-0.000137
3739.965426,0.000113
3741.894237,-0.000026
3743.823049,-0.000482
3745.751860,-0.000606
3747.680671,-0.000489
3749.609483,-0.000624
3751.538294,-0.000566
3753.467106,-0.000154
3755.395917,0.000147
3757.324729,0.000259
3759.253540,0.000145
3761.182352,0.000029
3763.111163,0.000105
3765.039975,0.000048
3766.968786,-0.000038
3768.897598,0.000080
3770.826409,0.000161
3772.755220,0.000247
3774.684032,0.000359
3776.612843,0.000276
3778.541655,0.000129
3780.470466,0.000151
3782.399278,0.000187
3784.328089,0.000188
3786.256901,0.000321
3788.185712,0.000392
3790.114524,0.000286
3792.043335,0.000251
3793.972147,0.000198
3795.900958,0.000061
3797.829769,0.000058
3799.758581,-0.000039
3801.687392,-0.000201
3803.616204,-0.000033
3805.545015,0.000036
3807.473827,0.000024
3809.402638,0.000308
3811.331450,0.000489
3813.260261,0.000399
3815.189073,0.000160
3817.117884,-0.000068
3819.046696,-0.000187
3820.975507,-0.000275
3822.904318,-0.000094
3824.833130,0.000169
3826.761941,0.000223
3828.690753,0.000247
3830.619564,0.000231
3832.548376,0.000098
3834.477187,-0.000048
3836.405999,-0.000163
3838.334810,-0.000190
3840.263622,-0.000038
3842.192433,0.000134
3844.121245,0.000179
3846.050056,0.000266
3847.978867,0.000358
3849.907679,0.000152
3851.836490,-0.000394
3853.765302,-0.000730
3855.694113,-0.000290
3857.622925,0.000249
3859.551736,0.000365
3861.480548,0.000228
3863.409359,0.000045
3865.338171,-0.000055
3867.266982,-0.000099
3869.195794,-0.000202
3871.124605,-0.000133
3873.053417,0.000035
3874.982228,0.000092
3876.911039,0.000174
3878.839851,0.000138
3880.768662,-0.000014
3882.697474,-0.000080
3884.626285,-0.000199
3886.555097,-0.000224
3888.483908,-0.000096
3890.412720,-0.000064
3892.341531,0.000006
3894.270343,0.000107
3896.199154,0.000019
3898.127966,-0.000139
3900.056777,-0.000192
3901.985588,-0.000230
3903.914400,-0.000292
3905.843211,-0.000130
3907.772023,0.000184
3909.700834,0.000274
3911.629646,0.000213
3913.558457,0.000157
3915.487269,-0.000049
3917.416080,-0.000279
3919.344892,-0.000251
3921.273703,-0.000103
3923.202515,-0.000042
3925.131326,0.000030
3927.060137,0.000080
3928.988949,-0.000041
3930.917760,-0.000141
3932.846572,-0.000088
3934.775383,0.000035
3936.704195,0.000129
3938.633006,0.000024
3940.561818,-0.000138
3942.490629,-0.000055
3944.419441,0.000105
3946.348252,0.000086
3948.277064,0.000032
3950.205875,0.000029
3952.134686,-0.000048
3954.063498,-0.000143
3955.992309,-0.000156
3957.921121,-0.000066
3959.849932,0.000062
3961.778744,0.000072
3963.707555,0.000076
3965.636367,0.000097
3967.565178,-0.000056
3969.493990,-0.000149
3971.422801,-0.000080
3973.351613,-0.000071
3975.280424,-0.000111
3977.209235,-0.000087
3979.138047,0.000001
3981.066858,0.000068
3982.995670,0.000110
3984.924481,0.000101
3986.853293,-0.000073
3988.782104,-0.000234
3990.710916,-0.000211
3992.639727,-0.000095
3994.568539,0.000072
3996.497350,0.000129
3998.426162,0.000015
4000.354973,-0.000053
