898.826141,0.000217
900.754953,0.000306
902.683764,0.000625
904.612576,0.000402
906.541387,0.000299
908.470199,0.000648
910.399010,0.000498
912.327822,0.000067
914.256633,-0.000020
916.185445,-0.000382
918.114256,-0.000780
920.043068,-0.000557
921.971879,0.000103
923.900690,0.000274
925.829502,-0.000692
927.758313,-0.000934
929.687125,0.000033
931.615936,0.000521
933.544748,0.000451
935.473559,-0.000042
937.402371,-0.000388
939.331182,-0.000130
941.259994,-0.000110
943.188805,-0.000222
945.117617,-0.000271
947.046428,-0.000435
948.975240,-0.000376
950.904051,-0.000053
952.832862,0.000111
954.761674,0.000042
956.690485,0.000011
958.619297,0.000032
960.548108,-0.000079
962.476920,-0.000088
964.405731,0.000013
966.334543,-0.000033
968.263354,-0.000065
970.192166,-0.000018
972.120977,0.000114
974.049789,0.000228
975.978600,0.000064
977.907411,-0.000214
979.836223,-0.000344
981.765034,-0.000229
983.693846,-0.000139
985.622657,-0.000208
987.551469,-0.000152
989.480280,-0.000136
991.409092,-0.000146
993.337903,-0.000026
995.266715,-0.000034
997.195526,-0.000092
999.124338,-0.000095
1001.053149,-0.000160
1002.981960,-0.000231
1004.910772,-0.000285
1006.839583,-0.000304
1008.768395,-0.000232
1010.697206,-0.000258
1012.626018,-0.000423
1014.554829,-0.000432
1016.483641,-0.000384
1018.412452,-0.000442
1020.341264,-0.000427
1022.270075,-0.000390
1024.198887,-0.000409
1026.127698,-0.000434
1028.056509,-0.000423
1029.985321,-0.000387
1031.914132,-0.000382
1033.842944,-0.000327
1035.771755,-0.000293
1037.700567,-0.000313
1039.629378,-0.000173
1041.558190,-0.000048
1043.487001,-0.000071
1045.415813,-0.000042
1047.344624,0.000025
1049.273436,-0.000027
1051.202247,-0.000090
1053.131058,-0.000017
1055.059870,0.000068
1056.988681,0.000010
1058.917493,-0.000107
1060.846304,-0.000140
1062.775116,-0.000137
1064.703927,-0.000182
1066.632739,-0.000235
1068.561550,-0.000188
1070.490362,-0.000103
1072.419173,-0.000176
1074.347985,-0.000229
1076.276796,-0.000099
1078.205607,-0.000061
1080.134419,-0.000148
1082.063230,-0.000128
1083.992042,-0.000045
1085.920853,-0.000069
1087.849665,-0.000095
1089.778476,-0.000031
1091.707288,-0.000029
1093.636099,-0.000072
1095.564911,-0.000089
1097.493722,-0.000173
1099.422534,-0.000238
1101.351345,-0.000216
1103.280156,-0.000130
1105.208968,-0.000085
1107.137779,-0.000109
1109.066591,-0.000100
1110.995402,-0.000107
1112.924214,-0.000172
1114.853025,-0.000203
1116.781837,-0.000165
1118.710648,-0.000149
1120.639460,-0.000186
1122.568271,-0.000172
1124.497083,-0.000125
1126.425894,-0.000159
1128.354706,-0.000212
1130.283517,-0.000198
1132.212328,-0.000239
1134.141140,-0.000348
1136.069951,-0.000368
1137.998763,-0.000343
1139.927574,-0.000333
1141.856386,-0.000311
1143.785197,-0.000275
1145.714009,-0.000183
1147.642820,-0.000111
1149.571632,-0.000146
1151.500443,-0.000220
1153.429255,-0.000238
1155.358066,-0.000211
1157.286877,-0.000227
1159.215689,-0.000260
1161.144500,-0.000269
1163.073312,-0.000311
1165.002123,-0.000320
1166.930935,-0.000272
1168.859746,-0.000270
1170.788558,-0.000279
1172.717369,-0.000274
1174.646181,-0.000258
1176.574992,-0.000228
1178.503804,-0.000221
1180.432615,-0.000204
1182.361426,-0.000227
1184.290238,-0.000286
1186.219049,-0.000306
1188.147861,-0.000328
1190.076672,-0.000283
1192.005484,-0.000215
1193.934295,-0.000216
1195.863107,-0.000231
1197.791918,-0.000274
1199.720730,-0.000305
1201.649541,-0.000322
1203.578353,-0.000359
1205.507164,-0.000341
1207.435975,-0.000349
1209.364787,-0.000386
1211.293598,-0.000312
1213.222410,-0.000217
1215.151221,-0.000152
1217.080033,-0.000079
1219.008844,0.000007
1220.937656,0.000203
1222.866467,0.000357
1224.795279,0.000444
1226.724090,0.000728
1228.652902,0.001049
1230.581713,0.001382
1232.510524,0.001936
1234.439336,0.002524
1236.368147,0.003187
1238.296959,0.004114
1240.225770,0.005146
1242.154582,0.006490
1244.083393,0.008349
1246.012205,0.010517
1247.941016,0.012969
1249.869828,0.015362
1251.798639,0.017086
1253.727451,0.017501
1255.656262,0.016700
1257.585073,0.016128
1259.513885,0.016889
1261.442696,0.019053
1263.371508,0.020072
1265.300319,0.018021
1267.229131,0.016718
1269.157942,0.018050
1271.086754,0.018831
1273.015565,0.017620
1274.944377,0.015060
1276.873188,0.012104
1278.802000,0.009707
1280.730811,0.007995
1282.659622,0.006553
1284.588434,0.005253
1286.517245,0.004318
1288.446057,0.003557
1290.374868,0.002972
1292.303680,0.002670
1294.232491,0.002332
1296.161303,0.002045
1298.090114,0.001857
1300.018926,0.001626
1301.947737,0.001459
1303.876549,0.001270
1305.805360,0.000959
1307.734172,0.000768
1309.662983,0.000697
1311.591794,0.000450
1313.520606,0.000195
1315.449417,-0.000022
1317.378229,-0.000340
1319.307040,-0.000390
1321.235852,-0.000301
1323.164663,-0.000293
1325.093475,-0.000229
1327.022286,-0.000234
1328.951098,-0.000305
1330.879909,-0.000250
1332.808721,-0.000195
1334.737532,-0.000358
1336.666343,-0.000785
1338.595155,-0.001165
1340.523966,-0.000919
1342.452778,-0.000274
1344.381589,0.000063
1346.310401,0.000181
1348.239212,0.000237
1350.168024,0.000199
1352.096835,0.000225
1354.025647,0.000257
1355.954458,0.000337
1357.883270,0.000445
1359.812081,-0.000018
1361.740892,-0.000830
1363.669704,-0.000518
1365.598515,0.000398
1367.527327,0.000513
1369.456138,0.000538
1371.384950,0.000375
1373.313761,-0.000371
1375.242573,-0.000239
1377.171384,0.000514
1379.100196,0.000684
1381.029007,0.000708
1382.957819,0.000754
1384.886630,0.000168
1386.815441,-0.000689
1388.744253,-0.000314
1390.673064,0.000394
1392.601876,-0.000622
1394.530687,-0.001804
1396.459499,-0.001630
1398.388310,-0.001468
1400.317122,-0.000704
1402.245933,0.000159
1404.174745,-0.000112
1406.103556,0.000075
1408.032368,0.000759
1409.961179,0.001026
1411.889990,0.001085
1413.818802,0.001087
1415.747613,0.000425
1417.676425,-0.001656
1419.605236,-0.002049
1421.534048,0.000068
1423.462859,0.000968
1425.391671,0.001327
1427.320482,0.001667
1429.249294,0.001179
1431.178105,0.001539
1433.106917,0.001962
1435.035728,0.000037
1436.964539,-0.000918
1438.893351,0.001634
1440.822162,0.003137
1442.750974,0.003214
1444.679785,0.003205
1446.608597,0.002464
1448.537408,0.002318
1450.466220,0.003061
1452.395031,0.003079
1454.323843,0.000920
1456.252654,-0.002966
1458.181466,-0.002141
1460.110277,0.002325
1462.039089,0.003690
1463.967900,0.002553
1465.896711,0.002924
1467.825523,0.004534
1469.754334,0.003498
1471.683146,0.000495
1473.611957,0.000332
1475.540769,0.002480
1477.469580,0.004340
1479.398392,0.005308
1481.327203,0.005469
1483.256015,0.005566
1485.184826,0.004952
1487.113638,0.003193
1489.042449,0.001773
1490.971260,0.002742
1492.900072,0.004430
1494.828883,0.003364
1496.757695,0.001537
1498.686506,0.002332
1500.615318,0.003950
1502.544129,0.003999
1504.472941,-0.000035
1506.401752,-0.004908
1508.330564,-0.002253
1510.259375,0.001423
1512.188187,0.002603
1514.116998,0.002251
1516.045809,0.000688
1517.974621,-0.000165
1519.903432,-0.001475
1521.832244,-0.002283
1523.761055,-0.000209
1525.689867,0.001061
1527.618678,0.002003
1529.547490,0.003443
1531.476301,0.002408
1533.405113,0.000899
1535.333924,0.002173
1537.262736,0.000717
1539.191547,-0.004722
1541.120358,-0.005022
1543.049170,-0.001401
1544.977981,0.001585
1546.906793,0.003879
1548.835604,0.004525
1550.764416,0.004751
1552.693227,0.004530
1554.622039,0.003820
1556.550850,0.001461
1558.479662,-0.001924
1560.408473,0.004357
1562.337285,0.013003
1564.266096,0.017483
1566.194907,0.021734
1568.123719,0.025708
1570.052530,0.032227
1571.981342,0.042822
1573.910153,0.051529
1575.838965,0.062430
1577.767776,0.080657
1579.696588,0.100093
1581.625399,0.120336
1583.554211,0.142678
1585.483022,0.167168
1587.411834,0.193413
1589.340645,0.221279
1591.269456,0.249906
1593.198268,0.275447
1595.127079,0.295437
1597.055891,0.308287
1598.984702,0.314598
1600.913514,0.313589
1602.842325,0.306781
1604.771137,0.297473
1606.699948,0.283208
1608.628760,0.264774
1610.557571,0.240459
1612.486383,0.213756
1614.415194,0.183830
1616.344005,0.154979
1618.272817,0.178489
1620.201628,0.252350
1622.130440,0.328451
1624.059251,0.383401
1625.988063,0.415344
1627.916874,0.428910
1629.845686,0.422558
1631.774497,0.394316
1633.703309,0.350473
1635.632120,0.292642
1637.560932,0.240527
1639.489743,0.198129
1641.418555,0.153306
1643.347366,0.112533
1645.276177,0.077212
1647.204989,0.046724
1649.133800,0.029043
1651.062612,0.014472
1652.991423,-0.000203
1654.920235,-0.000659
1656.849046,0.002650
1658.777858,0.002308
1660.706669,0.000642
1662.635481,-0.000696
1664.564292,0.000084
1666.493104,0.000248
1668.421915,-0.002310
1670.350726,-0.002475
1672.279538,-0.000840
1674.208349,-0.001227
1676.137161,-0.000260
1678.065972,0.002251
1679.994784,0.002698
1681.923595,0.000341
1683.852407,-0.002408
1685.781218,0.000235
1687.710030,0.003523
1689.638841,0.003643
1691.567653,0.003671
1693.496464,0.001298
1695.425275,-0.001526
1697.354087,0.000530
1699.282898,-0.000681
1701.211710,-0.002881
1703.140521,-0.000289
1705.069333,0.001423
1706.998144,0.003462
1708.926956,0.006320
1710.855767,0.007504
1712.784579,0.007102
1714.713390,0.005149
1716.642202,0.002892
1718.571013,0.003903
1720.499824,0.007062
1722.428636,0.008266
1724.357447,0.008336
1726.286259,0.008695
1728.215070,0.008353
1730.143882,0.008017
1732.072693,0.006419
1734.001505,0.005535
1735.930316,0.009833
1737.859128,0.012713
1739.787939,0.013081
1741.716751,0.014486
1743.645562,0.015442
1745.574373,0.015004
1747.503185,0.013893
1749.431996,0.012476
1751.360808,0.012894
1753.289619,0.014903
1755.218431,0.015166
1757.147242,0.014518
1759.076054,0.013884
1761.004865,0.011379
1762.933677,0.009223
1764.862488,0.008020
1766.791300,0.005287
1768.720111,0.002468
1770.648922,-0.000132
1772.577734,-0.001691
1774.506545,-0.000294
1776.435357,0.000980
1778.364168,0.000809
1780.292980,0.000553
1782.221791,0.000835
1784.150603,0.001108
1786.079414,0.001482
1788.008226,0.001864
1789.937037,0.000577
1791.865849,-0.001201
1793.794660,-0.000520
1795.723471,0.000847
1797.652283,0.000811
1799.581094,0.000034
1801.509906,0.000020
1803.438717,0.000980
1805.367529,0.001712
1807.296340,0.001734
1809.225152,0.001286
1811.153963,0.001098
1813.082775,0.001474
1815.011586,0.001576
1816.940398,0.001331
1818.869209,0.001232
1820.798021,0.001223
1822.726832,0.000596
1824.655643,-0.000173
1826.584455,-0.000167
1828.513266,-0.000614
1830.442078,-0.000702
1832.370889,0.000638
1834.299701,0.001354
1836.228512,0.001256
1838.157324,0.001376
1840.086135,0.001382
1842.014947,0.000215
1843.943758,-0.001061
1845.872570,-0.000122
1847.801381,0.001202
1849.730192,0.001600
1851.659004,0.001833
1853.587815,0.001847
1855.516627,0.001793
1857.445438,0.001685
1859.374250,0.001530
1861.303061,0.001423
1863.231873,0.001214
1865.160684,0.000633
1867.089496,-0.000686
1869.018307,-0.001349
1870.947119,-0.000402
1872.875930,0.000666
1874.804741,0.001243
1876.733553,0.001113
1878.662364,0.000553
1880.591176,0.000571
1882.519987,0.000841
1884.448799,0.001021
1886.377610,0.001124
1888.306422,0.000877
1890.235233,0.001080
1892.164045,0.001723
1894.092856,0.001871
1896.021668,0.001979
1897.950479,0.002328
1899.879290,0.002498
1901.808102,0.002478
1903.736913,0.002482
1905.665725,0.002455
1907.594536,0.002207
1909.523348,0.002014
1911.452159,0.002069
1913.380971,0.002139
1915.309782,0.001673
1917.238594,0.000843
1919.167405,0.000834
1921.096217,0.001106
1923.025028,0.000981
1924.953839,0.001155
1926.882651,0.001294
1928.811462,0.001136
1930.740274,0.001023
1932.669085,0.000922
1934.597897,0.000816
1936.526708,0.000669
1938.455520,0.000496
1940.384331,0.000074
1942.313143,-0.000358
1944.241954,-0.000188
1946.170766,0.000114
1948.099577,0.000197
1950.028388,0.000244
1951.957200,0.000202
1953.886011,0.000131
1955.814823,0.000137
1957.743634,0.000182
1959.672446,0.000177
1961.601257,0.000154
1963.530069,0.000100
1965.458880,-0.000112
1967.387692,-0.000223
1969.316503,-0.000071
1971.245315,0.000034
1973.174126,0.000046
1975.102938,0.000069
1977.031749,0.000055
1978.960560,0.000045
1980.889372,0.000043
1982.818183,0.000034
1984.746995,0.000013
1986.675806,-0.000053
1988.604618,-0.000151
1990.533429,-0.000344
1992.462241,-0.000407
1994.391052,-0.000144
1996.319864,0.000043
1998.248675,0.000045
2000.177487,0.000062
2002.106298,0.000061
2004.035109,0.000026
2005.963921,-0.000040
2007.892732,-0.000078
2009.821544,-0.000037
2011.750355,0.000004
2013.679167,-0.000068
2015.607978,-0.000260
2017.536790,-0.000295
2019.465601,-0.000137
2021.394413,-0.000090
2023.323224,-0.000132
2025.252036,-0.000106
2027.180847,-0.000075
2029.109658,-0.000103
2031.038470,-0.000120
2032.967281,-0.000097
2034.896093,-0.000098
2036.824904,-0.000121
2038.753716,-0.000161
2040.682527,-0.000214
2042.611339,-0.000202
2044.540150,-0.000152
2046.468962,-0.000145
2048.397773,-0.000150
2050.326585,-0.000144
2052.255396,-0.000138
2054.184207,-0.000137
2056.113019,-0.000174
2058.041830,-0.000232
2059.970642,-0.000256
2061.899453,-0.000267
2063.828265,-0.000290
2065.757076,-0.000284
2067.685888,-0.000244
2069.614699,-0.000199
2071.543511,-0.000187
2073.472322,-0.000219
2075.401134,-0.000218
2077.329945,-0.000174
2079.258756,-0.000157
2081.187568,-0.000184
2083.116379,-0.000218
2085.045191,-0.000185
2086.974002,-0.000147
2088.902814,-0.000195
2090.831625,-0.000216
2092.760437,-0.000191
2094.689248,-0.000195
2096.618060,-0.000148
2098.546871,-0.000108
2100.475683,-0.000153
2102.404494,-0.000149
2104.333305,-0.000120
2106.262117,-0.000124
2108.190928,-0.000115
2110.119740,-0.000143
2112.048551,-0.000167
2113.977363,-0.000161
2115.906174,-0.000175
2117.834986,-0.000168
2119.763797,-0.000134
2121.692609,-0.000137
2123.621420,-0.000216
2125.550232,-0.000287
2127.479043,-0.000294
2129.407854,-0.000295
2131.336666,-0.000278
2133.265477,-0.000276
2135.194289,-0.000309
2137.123100,-0.000307
2139.051912,-0.000316
2140.980723,-0.000417
2142.909535,-0.000502
2144.838346,-0.000489
2146.767158,-0.000431
2148.695969,-0.000356
2150.624781,-0.000311
2152.553592,-0.000300
2154.482404,-0.000233
2156.411215,-0.000143
2158.340026,-0.000111
2160.268838,-0.000114
2162.197649,-0.000098
2164.126461,-0.000041
2166.055272,0.000011
2167.984084,0.000057
2169.912895,0.000135
2171.841707,0.000186
2173.770518,0.000182
2175.699330,0.000212
2177.628141,0.000316
2179.556953,0.000442
2181.485764,0.000532
2183.414575,0.000584
2185.343387,0.000700
2187.272198,0.000942
2189.201010,0.001190
2191.129821,0.001368
2193.058633,0.001575
2194.987444,0.001875
2196.916256,0.002200
2198.845067,0.002479
2200.773879,0.002749
2202.702690,0.003040
2204.631502,0.003264
2206.560313,0.003399
2208.489124,0.003515
2210.417936,0.003610
2212.346747,0.003627
2214.275559,0.003468
2216.204370,0.003119
2218.133182,0.002653
2220.061993,0.002006
2221.990805,0.001319
2223.919616,0.001133
2225.848428,0.001674
2227.777239,0.002561
2229.706051,0.003429
2231.634862,0.004184
2233.563673,0.004715
2235.492485,0.004959
2237.421296,0.004949
2239.350108,0.004700
2241.278919,0.004284
2243.207731,0.003712
2245.136542,0.003005
2247.065354,0.002314
2248.994165,0.001690
2250.922977,0.001117
2252.851788,0.000642
2254.780600,0.000309
2256.709411,0.000115
2258.638222,-0.000017
2260.567034,-0.000136
2262.495845,-0.000192
2264.424657,-0.000200
2266.353468,-0.000235
2268.282280,-0.000262
2270.211091,-0.000242
2272.139903,-0.000247
2274.068714,-0.000267
2275.997526,-0.000183
2277.926337,-0.000072
2279.855149,-0.000104
2281.783960,-0.000163
2283.712771,-0.000154
2285.641583,-0.000172
2287.570394,-0.000185
2289.499206,-0.000208
2291.428017,-0.000278
2293.356829,-0.000329
2295.285640,-0.000349
2297.214452,-0.000363
2299.143263,-0.000437
2301.072075,-0.000552
2303.000886,-0.000352
2304.929698,-0.000147
2306.858509,0.000064
2308.787320,0.000177
2310.716132,0.000171
2312.644943,0.000204
2314.573755,0.000276
2316.502566,0.000320
2318.431378,0.000275
2320.360189,0.000148
2322.289001,0.000091
2324.217812,0.000158
2326.146624,0.000272
2328.075435,0.000336
2330.004247,0.000192
2331.933058,0.000114
2333.861870,0.000018
2335.790681,-0.000044
2337.719492,0.000047
2339.648304,0.000121
2341.577115,0.000311
2343.505927,0.000816
2345.434738,0.001635
2347.363550,0.002675
2349.292361,0.003055
2351.221173,0.002292
2353.149984,0.001265
2355.078796,0.000591
2357.007607,0.000120
2358.936419,-0.000134
2360.865230,-0.000161
2362.794041,0.000104
2364.722853,0.000573
2366.651664,0.000125
2368.580476,-0.000183
2370.509287,-0.000292
2372.438099,-0.000300
2374.366910,-0.000337
2376.295722,-0.000455
2378.224533,-0.000661
2380.153345,-0.000990
2382.082156,-0.000630
2384.010968,-0.000397
2385.939779,-0.000240
2387.868590,-0.000163
2389.797402,-0.000175
2391.726213,-0.000160
2393.655025,-0.000111
2395.583836,-0.000110
2397.512648,-0.000104
2399.441459,-0.000085
2401.370271,-0.000063
2403.299082,-0.000077
2405.227894,-0.000118
2407.156705,-0.000054
2409.085517,0.000005
2411.014328,-0.000026
2412.943139,-0.000037
2414.871951,-0.000055
2416.800762,-0.000073
2418.729574,-0.000082
2420.658385,-0.000073
2422.587197,-0.000001
2424.516008,0.000020
2426.444820,-0.000029
2428.373631,-0.000037
2430.302443,-0.000027
2432.231254,-0.000030
2434.160066,0.000005
2436.088877,0.000050
2438.017688,0.000040
2439.946500,0.000022
2441.875311,0.000003
2443.804123,-0.000038
2445.732934,-0.000038
2447.661746,-0.000001
2449.590557,0.000020
2451.519369,0.000072
2453.448180,0.000133
2455.376992,0.000087
2457.305803,0.000040
2459.234615,0.000108
2461.163426,0.000131
2463.092237,0.000122
2465.021049,0.000192
2466.949860,0.000224
2468.878672,0.000221
2470.807483,0.000264
2472.736295,0.000274
2474.665106,0.000220
2476.593918,0.000174
2478.522729,0.000187
2480.451541,0.000222
2482.380352,0.000216
2484.309164,0.000176
2486.237975,0.000156
2488.166786,0.000185
2490.095598,0.000220
2492.024409,0.000265
2493.953221,0.000299
2495.882032,0.000265
2497.810844,0.000247
2499.739655,0.000270
2501.668467,0.000277
2503.597278,0.000310
2505.526090,0.000335
2507.454901,0.000314
2509.383713,0.000295
2511.312524,0.000258
2513.241336,0.000249
2515.170147,0.000304
2517.098958,0.000306
2519.027770,0.000275
2520.956581,0.000252
2522.885393,0.000208
2524.814204,0.000193
2526.743016,0.000202
2528.671827,0.000225
2530.600639,0.000212
2532.529450,0.000148
2534.458262,0.000165
2536.387073,0.000213
2538.315885,0.000200
2540.244696,0.000176
2542.173507,0.000166
2544.102319,0.000180
2546.031130,0.000169
2547.959942,0.000150
2549.888753,0.000157
2551.817565,0.000124
2553.746376,0.000104
2555.675188,0.000137
2557.603999,0.000156
2559.532811,0.000191
2561.461622,0.000183
2563.390434,0.000117
2565.319245,0.000161
2567.248056,0.000240
2569.176868,0.000239
2571.105679,0.000263
2573.034491,0.000279
2574.963302,0.000234
2576.892114,0.000193
2578.820925,0.000201
2580.749737,0.000230
2582.678548,0.000191
2584.607360,0.000132
2586.536171,0.000132
2588.464983,0.000121
2590.393794,0.000081
2592.322605,0.000049
2594.251417,0.000010
2596.180228,-0.000004
2598.109040,0.000041
2600.037851,0.000081
2601.966663,0.000100
2603.895474,0.000109
2605.824286,0.000104
2607.753097,0.000146
2609.681909,0.000187
2611.610720,0.000161
2613.539532,0.000159
2615.468343,0.000184
2617.397154,0.000174
2619.325966,0.000160
2621.254777,0.000173
2623.183589,0.000222
2625.112400,0.000250
2627.041212,0.000212
2628.970023,0.000190
2630.898835,0.000204
2632.827646,0.000169
2634.756458,0.000133
2636.685269,0.000184
2638.614081,0.000240
2640.542892,0.000205
2642.471703,0.000150
2644.400515,0.000120
2646.329326,0.000075
2648.258138,0.000024
2650.186949,-0.000016
2652.115761,-0.000051
2654.044572,-0.000072
2655.973384,-0.000065
2657.902195,-0.000038
2659.831007,-0.000034
2661.759818,-0.000022
2663.688630,-0.000002
2665.617441,0.000007
2667.546253,0.000017
2669.475064,-0.000048
2671.403875,-0.000121
2673.332687,-0.000095
2675.261498,-0.000053
2677.190310,-0.000027
2679.119121,-0.000026
2681.047933,-0.000041
2682.976744,-0.000033
2684.905556,-0.000029
2686.834367,-0.000020
2688.763179,-0.000014
2690.691990,-0.000026
2692.620802,-0.000021
2694.549613,-0.000013
2696.478424,-0.000018
2698.407236,-0.000017
2700.336047,-0.000020
2702.264859,-0.000045
2704.193670,-0.000074
2706.122482,-0.000092
2708.051293,-0.000105
2709.980105,-0.000111
2711.908916,-0.000134
2713.837728,-0.000160
2715.766539,-0.000128
2717.695351,-0.000106
2719.624162,-0.000145
2721.552973,-0.000163
2723.481785,-0.000151
2725.410596,-0.000136
2727.339408,-0.000082
2729.268219,-0.000043
2731.197031,-0.000057
2733.125842,-0.000039
2735.054654,-0.000050
2736.983465,-0.000133
2738.912277,-0.000162
2740.841088,-0.000152
2742.769900,-0.000137
2744.698711,-0.000099
2746.627522,-0.000094
2748.556334,-0.000097
2750.485145,-0.000100
2752.413957,-0.000145
2754.342768,-0.000184
2756.271580,-0.000163
2758.200391,-0.000142
2760.129203,-0.000178
2762.058014,-0.000201
2763.986826,-0.000175
2765.915637,-0.000140
2767.844449,-0.000163
2769.773260,-0.000240
2771.702071,-0.000273
2773.630883,-0.000258
2775.559694,-0.000219
2777.488506,-0.000184
2779.417317,-0.000186
2781.346129,-0.000200
2783.274940,-0.000223
2785.203752,-0.000234
2787.132563,-0.000198
2789.061375,-0.000170
2790.990186,-0.000177
2792.918998,-0.000195
2794.847809,-0.000258
2796.776620,-0.000293
2798.705432,-0.000244
2800.634243,-0.000252
2802.563055,-0.000293
2804.491866,-0.000247
2806.420678,-0.000170
2808.349489,-0.000148
2810.278301,-0.000191
2812.207112,-0.000200
2814.135924,-0.000175
2816.064735,-0.000215
2817.993547,-0.000307
2819.922358,-0.000338
2821.851169,-0.000231
2823.779981,-0.000150
2825.708792,-0.000203
2827.637604,-0.000191
2829.566415,-0.000100
2831.495227,-0.000080
2833.424038,-0.000074
2835.352850,-0.000066
2837.281661,-0.000094
2839.210473,-0.000051
2841.139284,0.000046
2843.068096,0.000122
2844.996907,0.000219
2846.925719,0.000346
2848.854530,0.000469
2850.783341,0.000578
2852.712153,0.000772
2854.640964,0.001097
2856.569776,0.001382
2858.498587,0.001688
2860.427399,0.002186
2862.356210,0.002740
2864.285022,0.003390
2866.213833,0.004180
2868.142645,0.004917
2870.071456,0.005814
2872.000268,0.006975
2873.929079,0.008178
2875.857890,0.009481
2877.786702,0.010850
2879.715513,0.012165
2881.644325,0.013438
2883.573136,0.014586
2885.501948,0.015532
2887.430759,0.016278
2889.359571,0.016766
2891.288382,0.016885
2893.217194,0.016595
2895.146005,0.015916
2897.074817,0.014923
2899.003628,0.013699
2900.932439,0.012449
2902.861251,0.010954
2904.790062,0.008744
2906.718874,0.007872
2908.647685,0.010900
2910.576497,0.016147
2912.505308,0.020814
2914.434120,0.024329
2916.362931,0.026380
2918.291743,0.026730
2920.220554,0.025614
2922.149366,0.023166
2924.078177,0.019639
2926.006988,0.015449
2927.935800,0.011134
2929.864611,0.007251
2931.793423,0.004135
2933.722234,0.001872
2935.651046,0.000526
2937.579857,-0.000026
2939.508669,-0.000226
2941.437480,-0.000316
2943.366292,-0.000292
2945.295103,-0.000195
2947.223915,-0.000064
2949.152726,0.000007
2951.081537,0.000045
2953.010349,0.000098
2954.939160,0.000071
2956.867972,0.000055
2958.796783,0.000127
2960.725595,0.000190
2962.654406,0.000230
2964.583218,0.000159
2966.512029,0.000065
2968.440841,0.000167
2970.369652,0.000281
2972.298464,0.000265
2974.227275,0.000251
2976.156086,0.000249
2978.084898,0.000227
2980.013709,0.000210
2981.942521,0.000232
2983.871332,0.000246
2985.800144,0.000154
2987.728955,0.000031
2989.657767,-0.000028
2991.586578,-0.000069
2993.515390,-0.000109
2995.444201,-0.000102
2997.373013,-0.000029
2999.301824,0.000013
3001.230635,-0.000046
3003.159447,-0.000091
3005.088258,-0.000069
3007.017070,-0.000043
3008.945881,-0.000043
3010.874693,-0.000039
3012.803504,-0.000032
3014.732316,-0.000089
3016.661127,-0.000146
3018.589939,-0.000090
3020.518750,0.000019
3022.447562,0.000065
3024.376373,0.000044
3026.305185,0.000057
3028.233996,0.000074
3030.162807,0.000018
3032.091619,-0.000053
3034.020430,-0.000096
3035.949242,-0.000064
3037.878053,0.000006
3039.806865,-0.000005
3041.735676,-0.000014
3043.664488,0.000041
3045.593299,0.000044
3047.522111,0.000012
3049.450922,0.000059
3051.379734,0.000124
3053.308545,0.000058
3055.237356,-0.000070
3057.166168,-0.000085
3059.094979,-0.000051
3061.023791,-0.000109
3062.952602,-0.000150
3064.881414,-0.000058
3066.810225,0.000035
3068.739037,0.000053
3070.667848,0.000032
3072.596660,-0.000069
3074.525471,-0.000146
3076.454283,-0.000119
3078.383094,-0.000143
3080.311905,-0.000167
3082.240717,-0.000091
3084.169528,-0.000081
3086.098340,-0.000120
3088.027151,-0.000057
3089.955963,-0.000007
3091.884774,-0.000085
3093.813586,-0.000138
3095.742397,-0.000122
3097.671209,-0.000088
3099.600020,-0.000058
3101.528832,-0.000026
3103.457643,0.000050
3105.386454,0.000163
3107.315266,0.000218
3109.244077,0.000190
3111.172889,0.000171
3113.101700,0.000144
3115.030512,0.000071
3116.959323,0.000052
3118.888135,0.000123
3120.816946,0.000183
3122.745758,0.000159
3124.674569,0.000149
3126.603381,0.000181
3128.532192,0.000150
3130.461003,0.000087
3132.389815,0.000023
3134.318626,-0.000026
3136.247438,-0.000026
3138.176249,-0.000011
3140.105061,0.000047
3142.033872,0.000073
3143.962684,0.000022
3145.891495,0.000036
3147.820307,0.000073
3149.749118,0.000090
3151.677930,0.000107
3153.606741,-0.000002
3155.535552,-0.000114
3157.464364,-0.000021
3159.393175,0.000073
3161.321987,0.000035
3163.250798,0.000038
3165.179610,0.000103
3167.108421,0.000087
3169.037233,0.000036
3170.966044,0.000054
3172.894856,0.000057
3174.823667,0.000018
3176.752479,0.000013
3178.681290,0.000028
3180.610102,0.000039
3182.538913,0.000034
3184.467724,0.000002
3186.396536,-0.000065
3188.325347,-0.000078
3190.254159,0.000029
3192.182970,0.000044
3194.111782,-0.000121
3196.040593,-0.000223
3197.969405,-0.000160
3199.898216,-0.000109
3201.827028,-0.000128
3203.755839,-0.000111
3205.684651,-0.000157
3207.613462,-0.000257
3209.542273,-0.000239
3211.471085,-0.000232
3213.399896,-0.000305
3215.328708,-0.000326
3217.257519,-0.000290
3219.186331,-0.000274
3221.115142,-0.000265
3223.043954,-0.000175
3224.972765,-0.000142
3226.901577,-0.000263
3228.830388,-0.000314
3230.759200,-0.000228
3232.688011,-0.000090
3234.616822,0.000038
3236.545634,0.000062
3238.474445,0.000013
3240.403257,-0.000009
3242.332068,-0.000031
3244.260880,-0.000089
3246.189691,-0.000110
3248.118503,-0.000114
3250.047314,-0.000131
3251.976126,-0.000105
3253.904937,-0.000003
3255.833749,0.000116
3257.762560,0.000086
3259.691371,0.000030
3261.620183,0.000091
3263.548994,0.000127
3265.477806,0.000195
3267.406617,0.000238
3269.335429,0.000088
3271.264240,-0.000050
3273.193052,-0.000063
3275.121863,-0.000020
3277.050675,0.000082
3278.979486,0.000162
3280.908298,0.000169
3282.837109,0.000194
3284.765920,0.000237
3286.694732,0.000167
3288.623543,0.000036
3290.552355,0.000031
3292.481166,0.000100
3294.409978,0.000089
3296.338789,0.000026
3298.267601,0.000035
3300.196412,0.000184
3302.125224,0.000338
3304.054035,0.000355
3305.982847,0.000262
3307.911658,0.000128
3309.840469,0.000054
3311.769281,0.000074
3313.698092,0.000100
3315.626904,0.000143
3317.555715,0.000266
3319.484527,0.000374
3321.413338,0.000368
3323.342150,0.000288
3325.270961,0.000229
3327.199773,0.000265
3329.128584,0.000287
3331.057396,0.000258
3332.986207,0.000223
3334.915018,0.000200
3336.843830,0.000192
3338.772641,0.000158
3340.701453,0.000162
3342.630264,0.000271
3344.559076,0.000286
3346.487887,0.000178
3348.416699,0.000221
3350.345510,0.000331
3352.274322,0.000280
3354.203133,0.000258
3356.131945,0.000278
3358.060756,0.000089
3359.989568,-0.000106
3361.918379,-0.000065
3363.847190,0.000023
3365.776002,0.000003
3367.704813,-0.000020
3369.633625,0.000064
3371.562436,0.000104
3373.491248,-0.000013
3375.420059,-0.000077
3377.348871,-0.000032
3379.277682,-0.000036
3381.206494,0.000001
3383.135305,0.000136
3385.064117,0.000214
3386.992928,0.000172
3388.921739,0.000108
3390.850551,0.000081
3392.779362,-0.000021
3394.708174,-0.000071
3396.636985,0.000068
3398.565797,0.000125
3400.494608,0.000086
3402.423420,0.000133
3404.352231,0.000202
3406.281043,0.000257
3408.209854,0.000290
3410.138666,0.000249
3412.067477,0.000160
3413.996288,0.000176
3415.925100,0.000302
3417.853911,0.000310
3419.782723,0.000206
3421.711534,0.000254
3423.640346,0.000289
3425.569157,0.000118
3427.497969,-0.000043
3429.426780,0.000009
3431.355592,0.000186
3433.284403,0.000333
3435.213215,0.000307
3437.142026,0.000159
3439.070837,0.000076
3440.999649,-0.000023
3442.928460,-0.000132
3444.857272,-0.000095
3446.786083,-0.000083
3448.714895,-0.000126
3450.643706,-0.000050
3452.572518,0.000096
3454.501329,0.000203
3456.430141,0.000234
3458.358952,0.000199
3460.287764,-0.000001
3462.216575,-0.000192
3464.145386,-0.000096
3466.074198,0.000009
3468.003009,0.000074
3469.931821,0.000143
3471.860632,0.000070
3473.789444,0.000068
3475.718255,0.000025
3477.647067,-0.000128
3479.575878,-0.000214
3481.504690,-0.000321
3483.433501,-0.000275
3485.362313,-0.000170
3487.291124,-0.000267
3489.219935,-0.000300
3491.148747,-0.000112
3493.077558,0.000087
3495.006370,-0.000027
3496.935181,-0.000176
3498.863993,-0.000041
3500.792804,-0.000217
3502.721616,-0.000603
3504.650427,-0.000534
3506.579239,-0.000371
3508.508050,-0.000350
3510.436862,-0.000321
3512.365673,-0.000304
3514.294484,-0.000157
3516.223296,-0.000084
3518.152107,-0.000261
3520.080919,-0.000335
3522.009730,-0.000332
3523.938542,-0.000420
3525.867353,-0.000436
3527.796165,-0.000407
3529.724976,-0.000288
3531.653788,0.000012
3533.582599,0.000099
3535.511411,-0.000067
3537.440222,-0.000071
3539.369034,-0.000022
3541.297845,-0.000088
3543.226656,-0.000288
3545.155468,-0.000662
3547.084279,-0.000753
3549.013091,-0.000416
3550.941902,-0.000162
3552.870714,0.000035
3554.799525,0.000413
3556.728337,0.000650
3558.657148,0.000522
3560.585960,0.000311
3562.514771,0.000226
3564.443583,-0.000093
3566.372394,-0.000646
3568.301205,-0.000256
3570.230017,0.001040
3572.158828,0.001746
3574.087640,0.001885
3576.016451,0.002036
3577.945263,0.002036
3579.874074,0.001822
3581.802886,0.001405
3583.731697,0.000788
3585.660509,-0.000200
3587.589320,-0.000614
3589.518132,0.000454
3591.446943,0.001001
3593.375754,0.000425
3595.304566,0.000436
3597.233377,0.001061
3599.162189,0.001518
3601.091000,0.001921
3603.019812,0.002278
3604.948623,0.001941
3606.877435,0.000851
3608.806246,0.000238
3610.735058,0.000288
3612.663869,0.000037
3614.592681,-0.000036
3616.521492,-0.000112
3618.450303,-0.000826
3620.379115,-0.000640
3622.307926,0.000403
3624.236738,0.000573
3626.165549,-0.000748
3628.094361,-0.002747
3630.023172,-0.002470
3631.951984,-0.000368
3633.880795,0.000767
3635.809607,0.001304
3637.738418,0.001746
3639.667230,0.001745
3641.596041,0.001519
3643.524852,0.001038
3645.453664,-0.000393
3647.382475,-0.002538
3649.311287,-0.003501
3651.240098,-0.001827
3653.168910,0.000326
3655.097721,0.000643
3657.026533,0.000887
3658.955344,0.002246
3660.884156,0.002933
3662.812967,0.002878
3664.741779,0.002625
3666.670590,0.001580
3668.599401,-0.000412
3670.528213,-0.001302
3672.457024,-0.000882
3674.385836,-0.001831
3676.314647,-0.001823
3678.243459,0.000659
3680.172270,0.002258
3682.101082,0.002787
3684.029893,0.002797
3685.958705,0.001651
3687.887516,-0.000125
3689.816328,-0.000498
3691.745139,0.001059
3693.673951,0.002606
3695.602762,0.003213
3697.531573,0.003231
3699.460385,0.002757
3701.389196,0.002143
3703.318008,0.002403
3705.246819,0.002881
3707.175631,0.002132
3709.104442,0.000589
3711.033254,-0.000337
3712.962065,0.000470
3714.890877,0.002042
3716.819688,0.002636
3718.748500,0.002332
3720.677311,0.001868
3722.606122,0.001654
3724.534934,0.001478
3726.463745,0.001364
3728.392557,0.001435
3730.321368,0.000641
3732.250180,-0.001045
3734.178991,-0.002110
3736.107803,-0.001847
3738.036614,-0.000486
3739.965426,0.000638
3741.894237,-0.000469
3743.823049,-0.003013
3745.751860,-0.003097
3747.680671,-0.002293
3749.609483,-0.003427
3751.538294,-0.003205
3753.467106,-0.000713
3755.395917,0.000935
3757.324729,0.001101
3759.253540,0.000849
3761.182352,0.001489
3763.111163,0.002034
3765.039975,0.001539
3766.968786,0.001149
3768.897598,0.001053
3770.826409,0.001461
3772.755220,0.002424
3774.684032,0.002742
3776.612843,0.002228
3778.541655,0.001520
3780.470466,0.001554
3782.399278,0.002134
3784.328089,0.002229
3786.256901,0.002400
3788.185712,0.002727
3790.114524,0.002554
3792.043335,0.002358
3793.972147,0.001805
3795.900958,0.000787
3797.829769,0.000246
3799.758581,-0.000925
3801.687392,-0.001837
3803.616204,-0.000574
3805.545015,-0.000144
3807.473827,-0.000218
3809.402638,0.001165
3811.331450,0.001819
3813.260261,0.000760
3815.189073,-0.000956
3817.117884,-0.001442
3819.046696,-0.001484
3820.975507,-0.002169
3822.904318,-0.001052
3824.833130,0.000447
3826.761941,0.000557
3828.690753,0.000512
3830.619564,0.000040
3832.548376,-0.000760
3834.477187,-0.001459
3836.405999,-0.002477
3838.334810,-0.002730
3840.263622,-0.001720
3842.192433,-0.000715
3844.121245,0.000105
3846.050056,0.000787
3847.978867,0.000590
3849.907679,-0.001235
3851.836490,-0.004524
3853.765302,-0.005877
3855.694113,-0.002894
3857.622925,-0.000233
3859.551736,0.000123
3861.480548,-0.000488
3863.409359,-0.001287
3865.338171,-0.001448
3867.266982,-0.001462
3869.195794,-0.002268
3871.124605,-0.002019
3873.053417,-0.000955
3874.982228,-0.000482
3876.911039,-0.000004
3878.839851,-0.000449
3880.768662,-0.001146
3882.697474,-0.000828
3884.626285,-0.001173
3886.555097,-0.001266
3888.483908,-0.000488
3890.412720,-0.000743
3892.341531,-0.000865
3894.270343,-0.000015
3896.199154,-0.000151
3898.127966,-0.001401
3900.056777,-0.002338
3901.985588,-0.002643
3903.914400,-0.002324
3905.843211,-0.001070
3907.772023,0.000279
3909.700834,0.000748
3911.629646,0.000695
3913.558457,0.000456
3915.487269,-0.000171
3917.416080,-0.000730
3919.344892,-0.000681
3921.273703,-0.000326
3923.202515,-0.000167
3925.131326,-0.000114
3927.060137,0.000035
3928.988949,-0.000057
3930.917760,-0.000367
3932.846572,-0.000311
3934.775383,0.000138
3936.704195,0.000409
3938.633006,0.000285
3940.561818,-0.000099
3942.490629,-0.000424
3944.419441,-0.000291
3946.348252,-0.000147
3948.277064,-0.000301
3950.205875,-0.000237
3952.134686,-0.000040
3954.063498,0.000026
3955.992309,0.000024
3957.921121,-0.000027
3959.849932,-0.000072
3961.778744,-0.000101
3963.707555,-0.000003
3965.636367,0.000061
3967.565178,-0.000154
3969.493990,-0.000246
3971.422801,-0.000088
3973.351613,-0.000031
3975.280424,-0.000033
3977.209235,-0.000100
3979.138047,-0.000179
3981.066858,-0.000052
3982.995670,0.000029
3984.924481,-0.000121
3986.853293,-0.000231
3988.782104,-0.000198
3990.710916,-0.000074
3992.639727,-0.000016
3994.568539,-0.000052
3996.497350,-0.000006
3998.426162,-0.000002
4000.354973,-0.000078
