898.826141,0.000484
900.754953,0.001542
902.683764,0.002334
904.612576,0.002449
906.541387,0.002114
908.470199,0.001668
910.399010,0.000478
912.327822,-0.000283
914.256633,0.000075
916.185445,0.000286
918.114256,0.000312
920.043068,0.000187
921.971879,-0.000149
923.900690,-0.000277
925.829502,-0.000577
927.758313,-0.000629
929.687125,0.000249
931.615936,0.001172
933.544748,0.001138
935.473559,0.000522
937.402371,0.000127
939.331182,-0.000313
941.259994,-0.000658
943.188805,-0.000515
945.117617,-0.000491
947.046428,-0.000441
948.975240,-0.000119
950.904051,0.000082
952.832862,0.000137
954.761674,0.000055
956.690485,-0.000060
958.619297,-0.000188
960.548108,-0.000357
962.476920,-0.000332
964.405731,-0.000176
966.334543,-0.000057
968.263354,-0.000012
970.192166,-0.000171
972.120977,-0.000314
974.049789,-0.000055
975.978600,0.000177
977.907411,-0.000046
979.836223,-0.000198
981.765034,-0.000111
983.693846,-0.000193
985.622657,-0.000296
987.551469,-0.000197
989.480280,-0.000121
991.409092,-0.000122
993.337903,-0.000091
995.266715,-0.000095
997.195526,-0.000118
999.124338,-0.000095
1001.053149,-0.000060
1002.981960,-0.000126
1004.910772,-0.000291
1006.839583,-0.000326
1008.768395,-0.000254
1010.697206,-0.000291
1012.626018,-0.000424
1014.554829,-0.000535
1016.483641,-0.000550
1018.412452,-0.000522
1020.341264,-0.000459
1022.270075,-0.000389
1024.198887,-0.000442
1026.127698,-0.000500
1028.056509,-0.000439
1029.985321,-0.000386
1031.914132,-0.000342
1033.842944,-0.000208
1035.771755,-0.000134
1037.700567,-0.000218
1039.629378,-0.000218
1041.558190,-0.000094
1043.487001,-0.000044
1045.415813,-0.000051
1047.344624,0.000057
1049.273436,0.000123
1051.202247,0.000055
1053.131058,0.000049
1055.059870,0.000141
1056.988681,0.000157
1058.917493,0.000065
1060.846304,0.000005
1062.775116,0.000045
1064.703927,0.000075
1066.632739,0.000068
1068.561550,0.000086
1070.490362,0.000111
1072.419173,0.000144
1074.347985,0.000187
1076.276796,0.000225
1078.205607,0.000271
1080.134419,0.000282
1082.063230,0.000270
1083.992042,0.000316
1085.920853,0.000363
1087.849665,0.000393
1089.778476,0.000487
1091.707288,0.000540
1093.636099,0.000407
1095.564911,0.000283
1097.493722,0.000226
1099.422534,0.000202
1101.351345,0.000247
1103.280156,0.000329
1105.208968,0.000327
1107.137779,0.000291
1109.066591,0.000330
1110.995402,0.000321
1112.924214,0.000219
1114.853025,0.000174
1116.781837,0.000195
1118.710648,0.000201
1120.639460,0.000183
1122.568271,0.000191
1124.497083,0.000231
1126.425894,0.000193
1128.354706,0.000095
1130.283517,0.000079
1132.212328,0.000050
1134.141140,-0.000024
1136.069951,0.000010
1137.998763,0.000008
1139.927574,-0.000056
1141.856386,-0.000020
1143.785197,0.000018
1145.714009,0.000052
1147.642820,0.000123
1149.571632,0.000131
1151.500443,0.000061
1153.429255,-0.000021
1155.358066,-0.000018
1157.286877,0.000029
1159.215689,0.000019
1161.144500,0.000000
1163.073312,-0.000022
1165.002123,-0.000051
1166.930935,-0.000048
1168.859746,-0.000042
1170.788558,-0.000079
1172.717369,-0.000145
1174.646181,-0.000149
1176.574992,-0.000093
1178.503804,-0.000077
1180.432615,-0.000086
1182.361426,-0.000101
1184.290238,-0.000125
1186.219049,-0.000161
1188.147861,-0.000231
1190.076672,-0.000234
1192.005484,-0.000186
1193.934295,-0.000199
1195.863107,-0.000215
1197.791918,-0.000227
1199.720730,-0.000238
1201.649541,-0.000242
1203.578353,-0.000243
1205.507164,-0.000214
1207.435975,-0.000210
1209.364787,-0.000235
1211.293598,-0.000185
1213.222410,-0.000104
1215.151221,-0.000016
1217.080033,0.000053
1219.008844,0.000109
1220.937656,0.000274
1222.866467,0.000400
1224.795279,0.000517
1226.724090,0.000818
1228.652902,0.001117
1230.581713,0.001440
1232.510524,0.001921
1234.439336,0.002416
1236.368147,0.003027
1238.296959,0.003904
1240.225770,0.004870
1242.154582,0.006113
1244.083393,0.007849
1246.012205,0.009833
1247.941016,0.012024
1249.869828,0.014183
1251.798639,0.015720
1253.727451,0.016042
1255.656262,0.015333
1257.585073,0.014894
1259.513885,0.015603
1261.442696,0.017550
1263.371508,0.018520
1265.300319,0.016724
1267.229131,0.015553
1269.157942,0.016717
1271.086754,0.017413
1273.015565,0.016357
1274.944377,0.014092
1276.873188,0.011459
1278.802000,0.009231
1280.730811,0.007572
1282.659622,0.006256
1284.588434,0.005090
1286.517245,0.004269
1288.446057,0.003685
1290.374868,0.003206
1292.303680,0.002932
1294.232491,0.002653
1296.161303,0.002385
1298.090114,0.002162
1300.018926,0.001894
1301.947737,0.001738
1303.876549,0.001610
1305.805360,0.001328
1307.734172,0.001124
1309.662983,0.001041
1311.591794,0.000779
1313.520606,0.000485
1315.449417,0.000291
1317.378229,0.000009
1319.307040,-0.000165
1321.235852,-0.000061
1323.164663,0.000100
1325.093475,0.000155
1327.022286,0.000012
1328.951098,-0.000124
1330.879909,-0.000109
1332.808721,-0.000125
1334.737532,-0.000224
1336.666343,-0.000584
1338.595155,-0.001073
1340.523966,-0.000783
1342.452778,0.000027
1344.381589,0.000338
1346.310401,0.000309
1348.239212,0.000312
1350.168024,0.000349
1352.096835,0.000360
1354.025647,0.000315
1355.954458,0.000376
1357.883270,0.000475
1359.812081,0.000023
1361.740892,-0.000853
1363.669704,-0.000549
1365.598515,0.000450
1367.527327,0.000545
1369.456138,0.000579
1371.384950,0.000445
1373.313761,-0.000337
1375.242573,-0.000262
1377.171384,0.000426
1379.100196,0.000599
1381.029007,0.000655
1382.957819,0.000679
1384.886630,-0.000034
1386.815441,-0.001058
1388.744253,-0.000654
1390.673064,0.000168
1392.601876,-0.000929
1394.530687,-0.002225
1396.459499,-0.002006
1398.388310,-0.001884
1400.317122,-0.001117
1402.245933,-0.000125
1404.174745,-0.000445
1406.103556,-0.000285
1408.032368,0.000482
1409.961179,0.000727
1411.889990,0.000783
1413.818802,0.000802
1415.747613,0.000031
1417.676425,-0.002226
1419.605236,-0.002602
1421.534048,-0.000282
1423.462859,0.000733
1425.391671,0.001156
1427.320482,0.001520
1429.249294,0.000935
1431.178105,0.001246
1433.106917,0.001737
1435.035728,-0.000284
1436.964539,-0.001362
1438.893351,0.001408
1440.822162,0.003116
1442.750974,0.003226
1444.679785,0.003176
1446.608597,0.002289
1448.537408,0.002069
1450.466220,0.002828
1452.395031,0.002834
1454.323843,0.000513
1456.252654,-0.003775
1458.181466,-0.002884
1460.110277,0.002079
1462.039089,0.003551
1463.967900,0.002242
1465.896711,0.002669
1467.825523,0.004498
1469.754334,0.003390
1471.683146,0.000079
1473.611957,-0.000126
1475.540769,0.002224
1477.469580,0.004280
1479.398392,0.005330
1481.327203,0.005503
1483.256015,0.005626
1485.184826,0.004927
1487.113638,0.002984
1489.042449,0.001445
1490.971260,0.002490
1492.900072,0.004327
1494.828883,0.003165
1496.757695,0.001123
1498.686506,0.001932
1500.615318,0.003681
1502.544129,0.003709
1504.472941,-0.000749
1506.401752,-0.006082
1508.330564,-0.003154
1510.259375,0.000895
1512.188187,0.002205
1514.116998,0.001802
1516.045809,0.000048
1517.974621,-0.000942
1519.903432,-0.002417
1521.832244,-0.003301
1523.761055,-0.000999
1525.689867,0.000387
1527.618678,0.001338
1529.547490,0.002863
1531.476301,0.001747
1533.405113,0.000101
1535.333924,0.001464
1537.262736,-0.000028
1539.191547,-0.005840
1541.120358,-0.006053
1543.049170,-0.001995
1544.977981,0.001374
1546.906793,0.003935
1548.835604,0.004658
1550.764416,0.004927
1552.693227,0.004663
1554.622039,0.003806
1556.550850,0.001191
1558.479662,-0.002612
1560.408473,0.003932
1562.337285,0.013105
1564.266096,0.017565
1566.194907,0.021581
1568.123719,0.025234
1570.052530,0.031368
1571.981342,0.041735
1573.910153,0.049936
1575.838965,0.059903
1577.767776,0.077444
1579.696588,0.096298
1581.625399,0.115640
1583.554211,0.136942
1585.483022,0.160312
1587.411834,0.185338
1589.340645,0.211930
1591.269456,0.239249
1593.198268,0.263613
1595.127079,0.282752
1597.055891,0.295272
1598.984702,0.301558
1600.913514,0.300740
1602.842325,0.294334
1604.771137,0.285353
1606.699948,0.271528
1608.628760,0.253730
1610.557571,0.230305
1612.486383,0.204662
1614.415194,0.175821
1616.344005,0.147907
1618.272817,0.170544
1620.201628,0.241179
1622.130440,0.313309
1624.059251,0.365580
1625.988063,0.396231
1627.916874,0.409195
1629.845686,0.403330
1631.774497,0.376632
1633.703309,0.334688
1635.632120,0.279427
1637.560932,0.229979
1639.489743,0.189733
1641.418555,0.146979
1643.347366,0.107973
1645.276177,0.073888
1647.204989,0.044632
1649.133800,0.028100
1651.062612,0.013923
1652.991423,-0.000796
1654.920235,-0.000655
1656.849046,0.003329
1658.777858,0.003206
1660.706669,0.001466
1662.635481,0.000053
1664.564292,0.000872
1666.493104,0.001013
1668.421915,-0.001753
1670.350726,-0.001987
1672.279538,-0.000260
1674.208349,-0.000764
1676.137161,0.000168
1678.065972,0.002867
1679.994784,0.003302
1681.923595,0.000627
1683.852407,-0.002474
1685.781218,0.000406
1687.710030,0.004100
1689.638841,0.004309
1691.567653,0.004377
1693.496464,0.001905
1695.425275,-0.001253
1697.354087,0.000523
1699.282898,-0.000886
1701.211710,-0.002785
1703.140521,0.000234
1705.069333,0.001907
1706.998144,0.003893
1708.926956,0.006815
1710.855767,0.007911
1712.784579,0.007341
1714.713390,0.005154
1716.642202,0.002669
1718.571013,0.003794
1720.499824,0.007239
1722.428636,0.008519
1724.357447,0.008576
1726.286259,0.008962
1728.215070,0.008522
1730.143882,0.007984
1732.072693,0.006046
1734.001505,0.004811
1735.930316,0.009204
1737.859128,0.012138
1739.787939,0.012330
1741.716751,0.013729
1743.645562,0.014734
1745.574373,0.014250
1747.503185,0.013073
1749.431996,0.011567
1751.360808,0.012013
1753.289619,0.014199
1755.218431,0.014515
1757.147242,0.013840
1759.076054,0.013258
1761.004865,0.010830
1762.933677,0.008926
1764.862488,0.008028
1766.791300,0.005430
1768.720111,0.002657
1770.648922,0.000024
1772.577734,-0.001505
1774.506545,0.000129
1776.435357,0.001608
1778.364168,0.001468
1780.292980,0.001157
1782.221791,0.001407
1784.150603,0.001629
1786.079414,0.001982
1788.008226,0.002385
1789.937037,0.000951
1791.865849,-0.000995
1793.794660,-0.000189
1795.723471,0.001331
1797.652283,0.001285
1799.581094,0.000493
1801.509906,0.000510
1803.438717,0.001480
1805.367529,0.002195
1807.296340,0.002188
1809.225152,0.001706
1811.153963,0.001503
1813.082775,0.001908
1815.011586,0.002071
1816.940398,0.001832
1818.869209,0.001697
1820.798021,0.001698
1822.726832,0.001022
1824.655643,0.000158
1826.584455,0.000164
1828.513266,-0.000335
1830.442078,-0.000481
1832.370889,0.000930
1834.299701,0.001691
1836.228512,0.001579
1838.157324,0.001711
1840.086135,0.001732
1842.014947,0.000444
1843.943758,-0.001009
1845.872570,-0.000024
1847.801381,0.001412
1849.730192,0.001831
1851.659004,0.002075
1853.587815,0.002105
1855.516627,0.002039
1857.445438,0.001874
1859.374250,0.001686
1861.303061,0.001598
1863.231873,0.001407
1865.160684,0.000826
1867.089496,-0.000573
1869.018307,-0.001300
1870.947119,-0.000252
1872.875930,0.000885
1874.804741,0.001396
1876.733553,0.001261
1878.662364,0.000768
1880.591176,0.000797
1882.519987,0.001010
1884.448799,0.001123
1886.377610,0.001184
1888.306422,0.000853
1890.235233,0.000989
1892.164045,0.001662
1894.092856,0.001811
1896.021668,0.001883
1897.950479,0.002221
1899.879290,0.002404
1901.808102,0.002388
1903.736913,0.002328
1905.665725,0.002238
1907.594536,0.001953
1909.523348,0.001762
1911.452159,0.001871
1913.380971,0.001952
1915.309782,0.001449
1917.238594,0.000561
1919.167405,0.000536
1921.096217,0.000877
1923.025028,0.000785
1924.953839,0.000938
1926.882651,0.001070
1928.811462,0.000937
1930.740274,0.000838
1932.669085,0.000699
1934.597897,0.000573
1936.526708,0.000451
1938.455520,0.000306
1940.384331,-0.000124
1942.313143,-0.000627
1944.241954,-0.000489
1946.170766,-0.000160
1948.099577,-0.000081
1950.028388,-0.000018
1951.957200,-0.000020
1953.886011,-0.000096
1955.814823,-0.000130
1957.743634,-0.000089
1959.672446,-0.000071
1961.601257,-0.000091
1963.530069,-0.000135
1965.458880,-0.000318
1967.387692,-0.000419
1969.316503,-0.000252
1971.245315,-0.000124
1973.174126,-0.000127
1975.102938,-0.000116
1977.031749,-0.000104
1978.960560,-0.000087
1980.889372,-0.000067
1982.818183,-0.000063
1984.746995,-0.000095
1986.675806,-0.000160
1988.604618,-0.000271
1990.533429,-0.000510
1992.462241,-0.000552
1994.391052,-0.000244
1996.319864,-0.000085
1998.248675,-0.000105
2000.177487,-0.000064
2002.106298,-0.000043
2004.035109,-0.000060
2005.963921,-0.000101
2007.892732,-0.000118
2009.821544,-0.000070
2011.750355,-0.000031
2013.679167,-0.000118
2015.607978,-0.000324
2017.536790,-0.000385
2019.465601,-0.000229
2021.394413,-0.000111
2023.323224,-0.000107
2025.252036,-0.000101
2027.180847,-0.000064
2029.109658,-0.000060
2031.038470,-0.000092
2032.967281,-0.000101
2034.896093,-0.000110
2036.824904,-0.000137
2038.753716,-0.000141
2040.682527,-0.000136
2042.611339,-0.000138
2044.540150,-0.000115
2046.468962,-0.000082
2048.397773,-0.000081
2050.326585,-0.000094
2052.255396,-0.000073
2054.184207,-0.000049
2056.113019,-0.000073
2058.041830,-0.000095
2059.970642,-0.000112
2061.899453,-0.000154
2063.828265,-0.000199
2065.757076,-0.000215
2067.685888,-0.000157
2069.614699,-0.000057
2071.543511,-0.000006
2073.472322,-0.000063
2075.401134,-0.000111
2077.329945,-0.000037
2079.258756,0.000005
2081.187568,-0.000024
2083.116379,-0.000018
2085.045191,0.000018
2086.974002,0.000034
2088.902814,-0.000029
2090.831625,-0.000049
2092.760437,0.000024
2094.689248,0.000018
2096.618060,0.000016
2098.546871,0.000088
2100.475683,0.000081
2102.404494,0.000051
2104.333305,0.000079
2106.262117,0.000121
2108.190928,0.000133
2110.119740,0.000091
2112.048551,0.000075
2113.977363,0.000096
2115.906174,0.000116
2117.834986,0.000152
2119.763797,0.000154
2121.692609,0.000131
2123.621420,0.000110
2125.550232,0.000057
2127.479043,0.000021
2129.407854,0.000018
2131.336666,0.000007
2133.265477,0.000011
2135.194289,0.000034
2137.123100,0.000050
2139.051912,0.000021
2140.980723,-0.000074
2142.909535,-0.000140
2144.838346,-0.000143
2146.767158,-0.000132
2148.695969,-0.000064
2150.624781,-0.000004
2152.553592,0.000011
2154.482404,0.000103
2156.411215,0.000202
2158.340026,0.000195
2160.268838,0.000163
2162.197649,0.000203
2164.126461,0.000291
2166.055272,0.000330
2167.984084,0.000330
2169.912895,0.000384
2171.841707,0.000481
2173.770518,0.000551
2175.699330,0.000603
2177.628141,0.000688
2179.556953,0.000784
2181.485764,0.000835
2183.414575,0.000917
2185.343387,0.001136
2187.272198,0.001397
2189.201010,0.001593
2191.129821,0.001785
2193.058633,0.002038
2194.987444,0.002354
2196.916256,0.002721
2198.845067,0.003068
2200.773879,0.003359
2202.702690,0.003652
2204.631502,0.003903
2206.560313,0.004060
2208.489124,0.004186
2210.417936,0.004282
2212.346747,0.004306
2214.275559,0.004147
2216.204370,0.003737
2218.133182,0.003165
2220.061993,0.002476
2221.990805,0.001782
2223.919616,0.001562
2225.848428,0.002148
2227.777239,0.003152
2229.706051,0.004107
2231.634862,0.004929
2233.563673,0.005534
2235.492485,0.005821
2237.421296,0.005802
2239.350108,0.005527
2241.278919,0.005040
2243.207731,0.004348
2245.136542,0.003557
2247.065354,0.002815
2248.994165,0.002111
2250.922977,0.001462
2252.851788,0.000973
2254.780600,0.000600
2256.709411,0.000292
2258.638222,0.000094
2260.567034,-0.000007
2262.495845,-0.000051
2264.424657,-0.000101
2266.353468,-0.000145
2268.282280,-0.000129
2270.211091,-0.000117
2272.139903,-0.000121
2274.068714,-0.000100
2275.997526,-0.000036
2277.926337,0.000037
2279.855149,0.000035
2281.783960,0.000012
2283.712771,0.000011
2285.641583,-0.000023
2287.570394,-0.000053
2289.499206,-0.000078
2291.428017,-0.000122
2293.356829,-0.000175
2295.285640,-0.000238
2297.214452,-0.000269
2299.143263,-0.000318
2301.072075,-0.000428
2303.000886,-0.000510
2304.929698,-0.000569
2306.858509,-0.000669
2308.787320,-0.000878
2310.716132,-0.000808
2312.644943,-0.000727
2314.573755,-0.000603
2316.502566,-0.000471
2318.431378,-0.000421
2320.360189,-0.000442
2322.289001,-0.000424
2324.217812,-0.000375
2326.146624,-0.000248
2328.075435,-0.000098
2330.004247,0.000005
2331.933058,0.000027
2333.861870,0.000040
2335.790681,0.000013
2337.719492,0.000155
2339.648304,0.000281
2341.577115,0.000503
2343.505927,0.001043
2345.434738,0.001905
2347.363550,0.003025
2349.292361,0.003456
2351.221173,0.002689
2353.149984,0.001662
2355.078796,0.000984
2357.007607,0.000511
2358.936419,0.000295
2360.865230,0.000319
2362.794041,-0.000191
2364.722853,-0.000463
2366.651664,-0.000621
2368.580476,-0.000636
2370.509287,-0.000497
2372.438099,-0.000278
2374.366910,-0.000081
2376.295722,0.000054
2378.224533,0.000070
2380.153345,-0.000066
2382.082156,-0.000300
2384.010968,-0.000658
2385.939779,-0.000528
2387.868590,-0.000477
2389.797402,-0.000471
2391.726213,-0.000468
2393.655025,-0.000458
2395.583836,-0.000450
2397.512648,-0.000443
2399.441459,-0.000437
2401.370271,-0.000390
2403.299082,-0.000354
2405.227894,-0.000363
2407.156705,-0.000342
2409.085517,-0.000331
2411.014328,-0.000310
2412.943139,-0.000255
2414.871951,-0.000272
2416.800762,-0.000314
2418.729574,-0.000347
2420.658385,-0.000345
2422.587197,-0.000259
2424.516008,-0.000219
2426.444820,-0.000242
2428.373631,-0.000240
2430.302443,-0.000248
2432.231254,-0.000279
2434.160066,-0.000257
2436.088877,-0.000184
2438.017688,-0.000163
2439.946500,-0.000156
2441.875311,-0.000125
2443.804123,-0.000147
2445.732934,-0.000163
2447.661746,-0.000167
2449.590557,-0.000181
2451.519369,-0.000132
2453.448180,-0.000113
2455.376992,-0.000157
2457.305803,-0.000150
2459.234615,-0.000111
2461.163426,-0.000091
2463.092237,-0.000060
2465.021049,0.000023
2466.949860,0.000053
2468.878672,-0.000009
2470.807483,-0.000018
2472.736295,0.000051
2474.665106,0.000115
2476.593918,0.000127
2478.522729,0.000101
2480.451541,0.000081
2482.380352,0.000068
2484.309164,0.000068
2486.237975,0.000085
2488.166786,0.000121
2490.095598,0.000129
2492.024409,0.000107
2493.953221,0.000112
2495.882032,0.000105
2497.810844,0.000107
2499.739655,0.000140
2501.668467,0.000172
2503.597278,0.000225
2505.526090,0.000255
2507.454901,0.000255
2509.383713,0.000236
2511.312524,0.000147
2513.241336,0.000087
2515.170147,0.000126
2517.098958,0.000147
2519.027770,0.000142
2520.956581,0.000150
2522.885393,0.000137
2524.814204,0.000108
2526.743016,0.000085
2528.671827,0.000102
2530.600639,0.000099
2532.529450,0.000069
2534.458262,0.000117
2536.387073,0.000137
2538.315885,0.000090
2540.244696,0.000082
2542.173507,0.000089
2544.102319,0.000118
2546.031130,0.000130
2547.959942,0.000079
2549.888753,0.000075
2551.817565,0.000084
2553.746376,0.000039
2555.675188,0.000025
2557.603999,0.000063
2559.532811,0.000126
2561.461622,0.000120
2563.390434,0.000032
2565.319245,0.000059
2567.248056,0.000141
2569.176868,0.000135
2571.105679,0.000160
2573.034491,0.000195
2574.963302,0.000166
2576.892114,0.000143
2578.820925,0.000145
2580.749737,0.000161
2582.678548,0.000177
2584.607360,0.000141
2586.536171,0.000079
2588.464983,0.000070
2590.393794,0.000094
2592.322605,0.000096
2594.251417,0.000061
2596.180228,0.000010
2598.109040,-0.000004
2600.037851,0.000014
2601.966663,0.000035
2603.895474,0.000035
2605.824286,0.000018
2607.753097,0.000045
2609.681909,0.000070
2611.610720,0.000043
2613.539532,0.000041
2615.468343,0.000078
2617.397154,0.000120
2619.325966,0.000137
2621.254777,0.000103
2623.183589,0.000122
2625.112400,0.000168
2627.041212,0.000119
2628.970023,0.000107
2630.898835,0.000151
2632.827646,0.000134
2634.756458,0.000133
2636.685269,0.000153
2638.614081,0.000151
2640.542892,0.000131
2642.471703,0.000083
2644.400515,0.000073
2646.329326,0.000065
2648.258138,-0.000007
2650.186949,-0.000037
2652.115761,-0.000023
2654.044572,-0.000032
2655.973384,-0.000029
2657.902195,-0.000028
2659.831007,-0.000018
2661.759818,0.000026
2663.688630,0.000019
2665.617441,-0.000018
2667.546253,-0.000038
2669.475064,-0.000106
2671.403875,-0.000136
2673.332687,-0.000065
2675.261498,-0.000014
2677.190310,-0.000027
2679.119121,-0.000064
2681.047933,-0.000042
2682.976744,0.000020
2684.905556,-0.000010
2686.834367,-0.000058
2688.763179,-0.000016
2690.691990,-0.000001
2692.620802,-0.000042
2694.549613,-0.000026
2696.478424,-0.000011
2698.407236,-0.000043
2700.336047,-0.000022
2702.264859,-0.000024
2704.193670,-0.000059
2706.122482,-0.000050
2708.051293,-0.000111
2709.980105,-0.000164
2711.908916,-0.000107
2713.837728,-0.000071
2715.766539,-0.000063
2717.695351,-0.000084
2719.624162,-0.000146
2721.552973,-0.000126
2723.481785,-0.000078
2725.410596,-0.000088
2727.339408,-0.000057
2729.268219,0.000008
2731.197031,0.000037
2733.125842,0.000035
2735.054654,-0.000023
2736.983465,-0.000104
2738.912277,-0.000121
2740.841088,-0.000088
2742.769900,-0.000050
2744.698711,-0.000034
2746.627522,-0.000065
2748.556334,-0.000110
2750.485145,-0.000149
2752.413957,-0.000154
2754.342768,-0.000105
2756.271580,-0.000102
2758.200391,-0.000135
2760.129203,-0.000090
2762.058014,-0.000063
2763.986826,-0.000099
2765.915637,-0.000075
2767.844449,-0.000062
2769.773260,-0.000148
2771.702071,-0.000246
2773.630883,-0.000262
2775.559694,-0.000170
2777.488506,-0.000079
2779.417317,-0.000082
2781.346129,-0.000112
2783.274940,-0.000107
2785.203752,-0.000113
2787.132563,-0.000134
2789.061375,-0.000115
2790.990186,-0.000091
2792.918998,-0.000118
2794.847809,-0.000166
2796.776620,-0.000171
2798.705432,-0.000148
2800.634243,-0.000154
2802.563055,-0.000160
2804.491866,-0.000133
2806.420678,-0.000056
2808.349489,-0.000037
2810.278301,-0.000143
2812.207112,-0.000177
2814.135924,-0.000134
2816.064735,-0.000127
2817.993547,-0.000140
2819.922358,-0.000153
2821.851169,-0.000074
2823.779981,-0.000018
2825.708792,-0.000076
2827.637604,-0.000029
2829.566415,0.000072
2831.495227,0.000077
2833.424038,0.000058
2835.352850,0.000029
2837.281661,0.000012
2839.210473,0.000084
2841.139284,0.000163
2843.068096,0.000189
2844.996907,0.000251
2846.925719,0.000351
2848.854530,0.000484
2850.783341,0.000658
2852.712153,0.000863
2854.640964,0.001140
2856.569776,0.001430
2858.498587,0.001694
2860.427399,0.002131
2862.356210,0.002751
2864.285022,0.003379
2866.213833,0.004099
2868.142645,0.004920
2870.071456,0.005757
2872.000268,0.006749
2873.929079,0.007893
2875.857890,0.009119
2877.786702,0.010421
2879.715513,0.011667
2881.644325,0.012803
2883.573136,0.013870
2885.501948,0.014806
2887.430759,0.015496
2889.359571,0.015919
2891.288382,0.016047
2893.217194,0.015771
2895.146005,0.015099
2897.074817,0.014136
2899.003628,0.012969
2900.932439,0.011831
2902.861251,0.010452
2904.790062,0.008343
2906.718874,0.007483
2908.647685,0.010301
2910.576497,0.015257
2912.505308,0.019672
2914.434120,0.022945
2916.362931,0.024929
2918.291743,0.025371
2920.220554,0.024259
2922.149366,0.021856
2924.078177,0.018538
2926.006988,0.014607
2927.935800,0.010590
2929.864611,0.006965
2931.793423,0.003975
2933.722234,0.001754
2935.651046,0.000402
2937.579857,-0.000163
2939.508669,-0.000341
2941.437480,-0.000350
2943.366292,-0.000216
2945.295103,-0.000110
2947.223915,-0.000076
2949.152726,-0.000111
2951.081537,-0.000143
2953.010349,-0.000067
2954.939160,-0.000023
2956.867972,-0.000023
2958.796783,0.000056
2960.725595,0.000143
2962.654406,0.000144
2964.583218,0.000040
2966.512029,-0.000047
2968.440841,0.000016
2970.369652,0.000102
2972.298464,0.000121
2974.227275,0.000146
2976.156086,0.000168
2978.084898,0.000181
2980.013709,0.000204
2981.942521,0.000220
2983.871332,0.000185
2985.800144,0.000051
2987.728955,-0.000102
2989.657767,-0.000185
2991.586578,-0.000200
2993.515390,-0.000183
2995.444201,-0.000187
2997.373013,-0.000152
2999.301824,-0.000088
3001.230635,-0.000122
3003.159447,-0.000141
3005.088258,-0.000086
3007.017070,-0.000093
3008.945881,-0.000121
3010.874693,-0.000116
3012.803504,-0.000132
3014.732316,-0.000187
3016.661127,-0.000222
3018.589939,-0.000174
3020.518750,-0.000111
3022.447562,-0.000124
3024.376373,-0.000144
3026.305185,-0.000089
3028.233996,-0.000068
3030.162807,-0.000133
3032.091619,-0.000181
3034.020430,-0.000225
3035.949242,-0.000223
3037.878053,-0.000103
3039.806865,-0.000057
3041.735676,-0.000120
3043.664488,-0.000099
3045.593299,-0.000056
3047.522111,-0.000068
3049.450922,-0.000019
3051.379734,-0.000005
3053.308545,-0.000149
3055.237356,-0.000277
3057.166168,-0.000275
3059.094979,-0.000223
3061.023791,-0.000205
3062.952602,-0.000241
3064.881414,-0.000254
3066.810225,-0.000193
3068.739037,-0.000113
3070.667848,-0.000155
3072.596660,-0.000288
3074.525471,-0.000314
3076.454283,-0.000271
3078.383094,-0.000272
3080.311905,-0.000256
3082.240717,-0.000185
3084.169528,-0.000162
3086.098340,-0.000225
3088.027151,-0.000262
3089.955963,-0.000294
3091.884774,-0.000374
3093.813586,-0.000428
3095.742397,-0.000460
3097.671209,-0.000424
3099.600020,-0.000325
3101.528832,-0.000197
3103.457643,-0.000109
3105.386454,-0.000071
3107.315266,-0.000080
3109.244077,-0.000180
3111.172889,-0.000174
3113.101700,-0.000099
3115.030512,-0.000170
3116.959323,-0.000175
3118.888135,-0.000071
3120.816946,-0.000046
3122.745758,-0.000059
3124.674569,-0.000078
3126.603381,-0.000083
3128.532192,-0.000067
3130.461003,-0.000118
3132.389815,-0.000215
3134.318626,-0.000258
3136.247438,-0.000241
3138.176249,-0.000175
3140.105061,-0.000128
3142.033872,-0.000169
3143.962684,-0.000196
3145.891495,-0.000155
3147.820307,-0.000114
3149.749118,-0.000091
3151.677930,-0.000087
3153.606741,-0.000126
3155.535552,-0.000186
3157.464364,-0.000202
3159.393175,-0.000170
3161.321987,-0.000141
3163.250798,-0.000097
3165.179610,-0.000053
3167.108421,-0.000129
3169.037233,-0.000249
3170.966044,-0.000208
3172.894856,-0.000095
3174.823667,-0.000110
3176.752479,-0.000177
3178.681290,-0.000135
3180.610102,-0.000066
3182.538913,-0.000111
3184.467724,-0.000214
3186.396536,-0.000277
3188.325347,-0.000251
3190.254159,-0.000157
3192.182970,-0.000150
3194.111782,-0.000303
3196.040593,-0.000431
3197.969405,-0.000377
3199.898216,-0.000278
3201.827028,-0.000230
3203.755839,-0.000200
3205.684651,-0.000257
3207.613462,-0.000359
3209.542273,-0.000387
3211.471085,-0.000412
3213.399896,-0.000468
3215.328708,-0.000421
3217.257519,-0.000299
3219.186331,-0.000301
3221.115142,-0.000388
3223.043954,-0.000381
3224.972765,-0.000321
3226.901577,-0.000335
3228.830388,-0.000358
3230.759200,-0.000308
3232.688011,-0.000208
3234.616822,-0.000145
3236.545634,-0.000194
3238.474445,-0.000203
3240.403257,-0.000150
3242.332068,-0.000216
3244.260880,-0.000242
3246.189691,-0.000200
3248.118503,-0.000235
3250.047314,-0.000196
3251.976126,-0.000196
3253.904937,-0.000217
3255.833749,-0.000028
3257.762560,0.000101
3259.691371,0.000103
3261.620183,0.000092
3263.548994,0.000033
3265.477806,0.000058
3267.406617,0.000094
3269.335429,0.000042
3271.264240,-0.000053
3273.193052,-0.000110
3275.121863,-0.000022
3277.050675,0.000022
3278.979486,-0.000028
3280.908298,0.000044
3282.837109,0.000201
3284.765920,0.000260
3286.694732,0.000185
3288.623543,0.000096
3290.552355,0.000048
3292.481166,0.000044
3294.409978,0.000062
3296.338789,0.000044
3298.267601,0.000097
3300.196412,0.000231
3302.125224,0.000254
3304.054035,0.000213
3305.982847,0.000114
3307.911658,-0.000067
3309.840469,-0.000143
3311.769281,-0.000019
3313.698092,0.000098
3315.626904,0.000091
3317.555715,0.000065
3319.484527,0.000028
3321.413338,-0.000090
3323.342150,-0.000224
3325.270961,-0.000206
3327.199773,-0.000073
3329.128584,-0.000087
3331.057396,-0.000232
3332.986207,-0.000255
3334.915018,-0.000129
3336.843830,-0.000089
3338.772641,-0.000199
3340.701453,-0.000225
3342.630264,-0.000158
3344.559076,-0.000141
3346.487887,-0.000167
3348.416699,-0.000209
3350.345510,-0.000217
3352.274322,-0.000176
3354.203133,-0.000077
3356.131945,0.000032
3358.060756,-0.000020
3359.989568,-0.000218
3361.918379,-0.000331
3363.847190,-0.000263
3365.776002,-0.000204
3367.704813,-0.000204
3369.633625,-0.000112
3371.562436,-0.000084
3373.491248,-0.000254
3375.420059,-0.000366
3377.348871,-0.000320
3379.277682,-0.000285
3381.206494,-0.000278
3383.135305,-0.000174
3385.064117,-0.000041
3386.992928,-0.000092
3388.921739,-0.000183
3390.850551,-0.000171
3392.779362,-0.000251
3394.708174,-0.000258
3396.636985,-0.000061
3398.565797,0.000045
3400.494608,0.000066
3402.423420,0.000131
3404.352231,0.000175
3406.281043,0.000187
3408.209854,0.000128
3410.138666,-0.000013
3412.067477,-0.000097
3413.996288,0.000003
3415.925100,0.000145
3417.853911,0.000139
3419.782723,0.000057
3421.711534,0.000074
3423.640346,0.000152
3425.569157,0.000129
3427.497969,-0.000077
3429.426780,-0.000118
3431.355592,0.000041
3433.284403,0.000149
3435.213215,0.000158
3437.142026,-0.000000
3439.070837,-0.000069
3440.999649,0.000004
3442.928460,-0.000115
3444.857272,-0.000239
3446.786083,-0.000200
3448.714895,-0.000216
3450.643706,-0.000181
3452.572518,0.000094
3454.501329,0.000252
3456.430141,0.000170
3458.358952,0.000113
3460.287764,-0.000119
3462.216575,-0.000366
3464.145386,-0.000283
3466.074198,-0.000191
3468.003009,-0.000100
3469.931821,0.000033
3471.860632,-0.000036
3473.789444,-0.000123
3475.718255,-0.000129
3477.647067,-0.000165
3479.575878,-0.000274
3481.504690,-0.000427
3483.433501,-0.000372
3485.362313,-0.000208
3487.291124,-0.000241
3489.219935,-0.000255
3491.148747,-0.000092
3493.077558,-0.000057
3495.006370,-0.000194
3496.935181,-0.000176
3498.863993,-0.000141
3500.792804,-0.000464
3502.721616,-0.000820
3504.650427,-0.000754
3506.579239,-0.000539
3508.508050,-0.000474
3510.436862,-0.000360
3512.365673,-0.000118
3514.294484,0.000029
3516.223296,-0.000173
3518.152107,-0.000548
3520.080919,-0.000635
3522.009730,-0.000643
3523.938542,-0.000796
3525.867353,-0.000860
3527.796165,-0.000869
3529.724976,-0.000645
3531.653788,-0.000151
3533.582599,-0.000009
3535.511411,-0.000181
3537.440222,-0.000152
3539.369034,-0.000096
3541.297845,-0.000257
3543.226656,-0.000592
3545.155468,-0.000984
3547.084279,-0.001002
3549.013091,-0.000651
3550.941902,-0.000389
3552.870714,-0.000187
3554.799525,0.000097
3556.728337,0.000327
3558.657148,0.000250
3560.585960,-0.000045
3562.514771,-0.000272
3564.443583,-0.000771
3566.372394,-0.001409
3568.301205,-0.000822
3570.230017,0.000768
3572.158828,0.001600
3574.087640,0.001667
3576.016451,0.001794
3577.945263,0.001836
3579.874074,0.001555
3581.802886,0.001054
3583.731697,0.000285
3585.660509,-0.000866
3587.589320,-0.001160
3589.518132,0.000137
3591.446943,0.000705
3593.375754,0.000009
3595.304566,-0.000002
3597.233377,0.000695
3599.162189,0.001119
3601.091000,0.001472
3603.019812,0.001827
3604.948623,0.001545
3606.877435,0.000526
3608.806246,-0.000186
3610.735058,-0.000223
3612.663869,-0.000344
3614.592681,-0.000288
3616.521492,-0.000484
3618.450303,-0.001245
3620.379115,-0.000757
3622.307926,0.000416
3624.236738,0.000514
3626.165549,-0.000891
3628.094361,-0.003064
3630.023172,-0.002625
3631.951984,-0.000166
3633.880795,0.001050
3635.809607,0.001542
3637.738418,0.001957
3639.667230,0.001977
3641.596041,0.001802
3643.524852,0.001282
3645.453664,-0.000431
3647.382475,-0.002974
3649.311287,-0.003935
3651.240098,-0.001860
3653.168910,0.000580
3655.097721,0.001004
3657.026533,0.001279
3658.955344,0.002635
3660.884156,0.003388
3662.812967,0.003361
3664.741779,0.002969
3666.670590,0.001740
3668.599401,-0.000443
3670.528213,-0.001358
3672.457024,-0.000768
3674.385836,-0.001768
3676.314647,-0.001808
3678.243459,0.000929
3680.172270,0.002694
3682.101082,0.003240
3684.029893,0.003205
3685.958705,0.001875
3687.887516,-0.000042
3689.816328,-0.000268
3691.745139,0.001521
3693.673951,0.003178
3695.602762,0.003820
3697.531573,0.003844
3699.460385,0.003323
3701.389196,0.002600
3703.318008,0.002798
3705.246819,0.003293
3707.175631,0.002544
3709.104442,0.000891
3711.033254,-0.000177
3712.962065,0.000751
3714.890877,0.002572
3716.819688,0.003233
3718.748500,0.002883
3720.677311,0.002303
3722.606122,0.001973
3724.534934,0.001812
3726.463745,0.001782
3728.392557,0.001904
3730.321368,0.001026
3732.250180,-0.000906
3734.178991,-0.002229
3736.107803,-0.001936
3738.036614,-0.000245
3739.965426,0.000958
3741.894237,-0.000492
3743.823049,-0.003284
3745.751860,-0.003194
3747.680671,-0.002228
3749.609483,-0.003464
3751.538294,-0.003276
3753.467106,-0.000502
3755.395917,0.001422
3757.324729,0.001587
3759.253540,0.001238
3761.182352,0.001852
3763.111163,0.002335
3765.039975,0.001858
3766.968786,0.001605
3768.897598,0.001491
3770.826409,0.001802
3772.755220,0.002857
3774.684032,0.003300
3776.612843,0.002732
3778.541655,0.001894
3780.470466,0.001896
3782.399278,0.002548
3784.328089,0.002720
3786.256901,0.002883
3788.185712,0.003206
3790.114524,0.003058
3792.043335,0.002776
3793.972147,0.002094
3795.900958,0.000980
3797.829769,0.000342
3799.758581,-0.000902
3801.687392,-0.001787
3803.616204,-0.000401
3805.545015,0.000055
3807.473827,-0.000014
3809.402638,0.001490
3811.331450,0.002216
3813.260261,0.001029
3815.189073,-0.000909
3817.117884,-0.001434
3819.046696,-0.001522
3820.975507,-0.002315
3822.904318,-0.000983
3824.833130,0.000740
3826.761941,0.000855
3828.690753,0.000807
3830.619564,0.000332
3832.548376,-0.000510
3834.477187,-0.001305
3836.405999,-0.002458
3838.334810,-0.002784
3840.263622,-0.001724
3842.192433,-0.000635
3844.121245,0.000241
3846.050056,0.001029
3847.978867,0.000865
3849.907679,-0.001141
3851.836490,-0.004795
3853.765302,-0.006385
3855.694113,-0.003099
3857.622925,-0.000064
3859.551736,0.000328
3861.480548,-0.000433
3863.409359,-0.001325
3865.338171,-0.001443
3867.266982,-0.001474
3869.195794,-0.002375
3871.124605,-0.002047
3873.053417,-0.000873
3874.982228,-0.000367
3876.911039,0.000161
3878.839851,-0.000339
3880.768662,-0.001110
3882.697474,-0.000860
3884.626285,-0.001372
3886.555097,-0.001407
3888.483908,-0.000468
3890.412720,-0.000777
3892.341531,-0.000898
3894.270343,0.000053
3896.199154,-0.000075
3898.127966,-0.001455
3900.056777,-0.002513
3901.985588,-0.002817
3903.914400,-0.002477
3905.843211,-0.001074
3907.772023,0.000421
3909.700834,0.000879
3911.629646,0.000884
3913.558457,0.000664
3915.487269,-0.000129
3917.416080,-0.000759
3919.344892,-0.000546
3921.273703,-0.000105
3923.202515,-0.000115
3925.131326,-0.000170
3927.060137,0.000063
3928.988949,0.000006
3930.917760,-0.000387
3932.846572,-0.000347
3934.775383,0.000169
3936.704195,0.000439
3938.633006,0.000273
3940.561818,-0.000123
3942.490629,-0.000387
3944.419441,-0.000249
3946.348252,-0.000263
3948.277064,-0.000501
3950.205875,-0.000386
3952.134686,-0.000068
3954.063498,0.000103
3955.992309,0.000050
3957.921121,-0.000043
3959.849932,-0.000021
3961.778744,-0.000039
3963.707555,0.000033
3965.636367,0.000164
3967.565178,-0.000002
3969.493990,-0.000210
3971.422801,-0.000154
3973.351613,-0.000151
3975.280424,-0.000224
3977.209235,-0.000177
3979.138047,-0.000088
3981.066858,-0.000035
3982.995670,-0.000055
3984.924481,-0.000130
3986.853293,-0.000169
3988.782104,-0.000254
3990.710916,-0.000286
3992.639727,-0.000154
3994.568539,-0.000081
3996.497350,-0.000107
3998.426162,-0.000133
4000.354973,-0.000171
