898.826141,0.000501
900.754953,0.001042
902.683764,0.000656
904.612576,0.000293
906.541387,0.000661
908.470199,0.000701
910.399010,0.000029
912.327822,-0.000364
914.256633,-0.000255
916.185445,-0.000164
918.114256,0.000089
920.043068,0.000435
921.971879,-0.000050
923.900690,-0.000900
925.829502,-0.000748
927.758313,-0.000107
929.687125,-0.000018
931.615936,0.000188
933.544748,0.000738
935.473559,0.000648
937.402371,0.000208
939.331182,-0.000034
941.259994,-0.000115
943.188805,-0.000024
945.117617,-0.000320
947.046428,-0.000628
948.975240,-0.000198
950.904051,0.000162
952.832862,0.000111
954.761674,0.000095
956.690485,0.000089
958.619297,-0.000012
960.548108,-0.000199
962.476920,-0.000181
964.405731,-0.000105
966.334543,-0.000196
968.263354,-0.000045
970.192166,0.000038
972.120977,-0.000100
974.049789,0.000107
975.978600,0.000310
977.907411,0.000123
979.836223,-0.000045
981.765034,-0.000015
983.693846,-0.000053
985.622657,-0.000101
987.551469,0.000077
989.480280,0.000201
991.409092,0.000154
993.337903,0.000171
995.266715,0.000169
997.195526,0.000113
999.124338,0.000119
1001.053149,0.000120
1002.981960,0.000060
1004.910772,0.000015
1006.839583,0.000058
1008.768395,0.000154
1010.697206,0.000166
1012.626018,0.000087
1014.554829,0.000042
1016.483641,0.000005
1018.412452,-0.000031
1020.341264,-0.000022
1022.270075,-0.000054
1024.198887,-0.000100
1026.127698,-0.000066
1028.056509,-0.000026
1029.985321,-0.000023
1031.914132,0.000012
1033.842944,0.000032
1035.771755,-0.000056
1037.700567,-0.000139
1039.629378,-0.000082
1041.558190,0.000014
1043.487001,0.000013
1045.415813,0.000023
1047.344624,0.000120
1049.273436,0.000108
1051.202247,-0.000008
1053.131058,-0.000012
1055.059870,0.000054
1056.988681,0.000088
1058.917493,0.000084
1060.846304,0.000053
1062.775116,0.000062
1064.703927,0.000105
1066.632739,0.000120
1068.561550,0.000125
1070.490362,0.000128
1072.419173,0.000122
1074.347985,0.000127
1076.276796,0.000160
1078.205607,0.000165
1080.134419,0.000117
1082.063230,0.000102
1083.992042,0.000089
1085.920853,0.000053
1087.849665,0.000072
1089.778476,0.000090
1091.707288,0.000054
1093.636099,-0.000008
1095.564911,-0.000053
1097.493722,-0.000090
1099.422534,-0.000129
1101.351345,-0.000127
1103.280156,-0.000109
1105.208968,-0.000082
1107.137779,-0.000009
1109.066591,0.000027
1110.995402,-0.000017
1112.924214,-0.000035
1114.853025,-0.000007
1116.781837,-0.000034
1118.710648,-0.000099
1120.639460,-0.000132
1122.568271,-0.000111
1124.497083,-0.000047
1126.425894,-0.000050
1128.354706,-0.000086
1130.283517,-0.000055
1132.212328,-0.000077
1134.141140,-0.000164
1136.069951,-0.000175
1137.998763,-0.000133
1139.927574,-0.000108
1141.856386,-0.000111
1143.785197,-0.000127
1145.714009,-0.000106
1147.642820,-0.000016
1149.571632,0.000044
1151.500443,-0.000034
1153.429255,-0.000082
1155.358066,-0.000000
1157.286877,0.000004
1159.215689,-0.000051
1161.144500,-0.000035
1163.073312,-0.000034
1165.002123,-0.000052
1166.930935,-0.000011
1168.859746,0.000043
1170.788558,0.000036
1172.717369,-0.000011
1174.646181,-0.000033
1176.574992,-0.000036
1178.503804,-0.000019
1180.432615,0.000020
1182.361426,-0.000005
1184.290238,-0.000052
1186.219049,-0.000057
1188.147861,-0.000074
1190.076672,-0.000037
1192.005484,0.000030
1193.934295,0.000028
1195.863107,0.000003
1197.791918,0.000027
1199.720730,0.000082
1201.649541,0.000120
1203.578353,0.000094
1205.507164,0.000106
1207.435975,0.000161
1209.364787,0.000177
1211.293598,0.000245
1213.222410,0.000375
1215.151221,0.000491
1217.080033,0.000603
1219.008844,0.000720
1220.937656,0.000921
1222.866467,0.001126
1224.795279,0.001291
1226.724090,0.001607
1228.652902,0.001986
1230.581713,0.002409
1232.510524,0.002997
1234.439336,0.003573
1236.368147,0.004229
1238.296959,0.005122
1240.225770,0.005996
1242.154582,0.007053
1244.083393,0.008448
1246.012205,0.009903
1247.941016,0.011470
1249.869828,0.012924
1251.798639,0.013890
1253.727451,0.013783
1255.656262,0.012792
1257.585073,0.012105
1259.513885,0.012096
1261.442696,0.013986
1263.371508,0.016072
1265.300319,0.014460
1267.229131,0.012487
1269.157942,0.013366
1271.086754,0.014334
1273.015565,0.014002
1274.944377,0.012802
1276.873188,0.011160
1278.802000,0.009674
1280.730811,0.008429
1282.659622,0.007206
1284.588434,0.005985
1286.517245,0.004964
1288.446057,0.003957
1290.374868,0.003083
1292.303680,0.002528
1294.232491,0.001927
1296.161303,0.001381
1298.090114,0.000986
1300.018926,0.000595
1301.947737,0.000326
1303.876549,0.000120
1305.805360,-0.000103
1307.734172,-0.000174
1309.662983,-0.000128
1311.591794,-0.000153
1313.520606,-0.000201
1315.449417,-0.000148
1317.378229,-0.000016
1319.307040,-0.000004
1321.235852,0.000125
1323.164663,0.000027
1325.093475,-0.000175
1327.022286,0.000138
1328.951098,0.000487
1330.879909,0.000440
1332.808721,0.000350
1334.737532,0.000175
1336.666343,-0.000135
1338.595155,-0.000356
1340.523966,-0.000281
1342.452778,-0.000034
1344.381589,0.000091
1346.310401,0.000156
1348.239212,0.000221
1350.168024,0.000226
1352.096835,0.000195
1354.025647,0.000141
1355.954458,0.000081
1357.883270,0.000015
1359.812081,-0.000269
1361.740892,-0.000539
1363.669704,-0.000430
1365.598515,-0.000104
1367.527327,-0.000076
1369.456138,-0.000073
1371.384950,-0.000110
1373.313761,-0.000303
1375.242573,-0.000191
1377.171384,0.000112
1379.100196,0.000238
1381.029007,0.000291
1382.957819,0.000289
1384.886630,0.000116
1386.815441,-0.000057
1388.744253,0.000182
1390.673064,0.000463
1392.601876,0.000165
1394.530687,-0.000178
1396.459499,-0.000128
1398.388310,-0.000087
1400.317122,0.000191
1402.245933,0.000446
1404.174745,0.000263
1406.103556,0.000252
1408.032368,0.000459
1409.961179,0.000553
1411.889990,0.000564
1413.818802,0.000495
1415.747613,0.000175
1417.676425,-0.000637
1419.605236,-0.000904
1421.534048,-0.000207
1423.462859,0.000132
1425.391671,0.000205
1427.320482,0.000207
1429.249294,-0.000091
1431.178105,-0.000052
1433.106917,0.000073
1435.035728,-0.000591
1436.964539,-0.000982
1438.893351,-0.000270
1440.822162,0.000116
1442.750974,0.000090
1444.679785,0.000017
1446.608597,-0.000302
1448.537408,-0.000374
1450.466220,-0.000239
1452.395031,-0.000383
1454.323843,-0.001119
1456.252654,-0.002419
1458.181466,-0.002175
1460.110277,-0.000681
1462.039089,-0.000272
1463.967900,-0.000701
1465.896711,-0.000586
1467.825523,-0.000086
1469.754334,-0.000481
1471.683146,-0.001502
1473.611957,-0.001577
1475.540769,-0.000910
1477.469580,-0.000295
1479.398392,0.000029
1481.327203,0.000079
1483.256015,0.000148
1485.184826,-0.000043
1487.113638,-0.000608
1489.042449,-0.001007
1490.971260,-0.000583
1492.900072,0.000129
1494.828883,-0.000061
1496.757695,-0.000559
1498.686506,-0.000239
1500.615318,0.000415
1502.544129,0.000606
1504.472941,-0.000638
1506.401752,-0.002173
1508.330564,-0.001083
1510.259375,0.000302
1512.188187,0.000807
1514.116998,0.000748
1516.045809,0.000225
1517.974621,0.000033
1519.903432,-0.000246
1521.832244,-0.000470
1523.761055,0.000247
1525.689867,0.000747
1527.618678,0.001154
1529.547490,0.001724
1531.476301,0.001424
1533.405113,0.000956
1535.333924,0.001488
1537.262736,0.001019
1539.191547,-0.000812
1541.120358,-0.000861
1543.049170,0.000408
1544.977981,0.001490
1546.906793,0.002365
1548.835604,0.002711
1550.764416,0.002963
1552.693227,0.003097
1554.622039,0.003186
1556.550850,0.002815
1558.479662,0.002334
1560.408473,0.005478
1562.337285,0.009410
1564.266096,0.012272
1566.194907,0.015495
1568.123719,0.018924
1570.052530,0.024071
1571.981342,0.031202
1573.910153,0.038007
1575.838965,0.047207
1577.767776,0.060161
1579.696588,0.073805
1581.625399,0.088998
1583.554211,0.106055
1585.483022,0.124857
1587.411834,0.145076
1589.340645,0.166401
1591.269456,0.188245
1593.198268,0.207967
1595.127079,0.223827
1597.055891,0.234562
1598.984702,0.240413
1600.913514,0.240615
1602.842325,0.235779
1604.771137,0.228197
1606.699948,0.216600
1608.628760,0.201801
1610.557571,0.182660
1612.486383,0.162111
1614.415194,0.140147
1616.344005,0.118870
1618.272817,0.136165
1620.201628,0.191715
1622.130440,0.250604
1624.059251,0.293941
1625.988063,0.318035
1627.916874,0.328092
1629.845686,0.322938
1631.774497,0.301681
1633.703309,0.270008
1635.632120,0.226888
1637.560932,0.185866
1639.489743,0.152499
1641.418555,0.117285
1643.347366,0.085710
1645.276177,0.060048
1647.204989,0.037453
1649.133800,0.023386
1651.062612,0.013755
1652.991423,0.004848
1654.920235,0.002552
1656.849046,0.002870
1658.777858,0.002098
1660.706669,0.001063
1662.635481,0.000245
1664.564292,0.000160
1666.493104,0.000097
1668.421915,-0.000810
1670.350726,-0.000759
1672.279538,-0.000028
1674.208349,0.000052
1676.137161,0.000589
1678.065972,0.001695
1679.994784,0.002069
1681.923595,0.001363
1683.852407,0.000371
1685.781218,0.000848
1687.710030,0.001514
1689.638841,0.000975
1691.567653,0.000248
1693.496464,-0.001327
1695.425275,-0.002249
1697.354087,0.000463
1699.282898,0.000669
1701.211710,-0.002567
1703.140521,-0.002757
1705.069333,-0.001349
1706.998144,0.000634
1708.926956,0.002541
1710.855767,0.003123
1712.784579,0.003195
1714.713390,0.002855
1716.642202,0.001912
1718.571013,0.001816
1720.499824,0.002403
1722.428636,0.002437
1724.357447,0.002266
1726.286259,0.002326
1728.215070,0.002324
1730.143882,0.002487
1732.072693,0.002347
1734.001505,0.002554
1735.930316,0.004510
1737.859128,0.005901
1739.787939,0.006420
1741.716751,0.007199
1743.645562,0.007660
1745.574373,0.007551
1747.503185,0.007182
1749.431996,0.006729
1751.360808,0.006973
1753.289619,0.007769
1755.218431,0.007912
1757.147242,0.007634
1759.076054,0.007221
1761.004865,0.006004
1762.933677,0.004753
1764.862488,0.003848
1766.791300,0.002459
1768.720111,0.001149
1770.648922,0.000068
1772.577734,-0.000665
1774.506545,-0.000310
1776.435357,0.000113
1778.364168,0.000120
1780.292980,0.000124
1782.221791,0.000395
1784.150603,0.000738
1786.079414,0.001064
1788.008226,0.001337
1789.937037,0.000933
1791.865849,0.000216
1793.794660,0.000353
1795.723471,0.000797
1797.652283,0.000811
1799.581094,0.000535
1801.509906,0.000535
1803.438717,0.001097
1805.367529,0.001704
1807.296340,0.001983
1809.225152,0.001955
1811.153963,0.001950
1813.082775,0.002191
1815.011586,0.002329
1816.940398,0.002315
1818.869209,0.002392
1820.798021,0.002521
1822.726832,0.002455
1824.655643,0.002380
1826.584455,0.002598
1828.513266,0.002634
1830.442078,0.002752
1832.370889,0.003421
1834.299701,0.003927
1836.228512,0.004155
1838.157324,0.004445
1840.086135,0.004628
1842.014947,0.004508
1843.943758,0.004376
1845.872570,0.004690
1847.801381,0.005050
1849.730192,0.005196
1851.659004,0.005247
1853.587815,0.005158
1855.516627,0.005014
1857.445438,0.004766
1859.374250,0.004466
1861.303061,0.004101
1863.231873,0.003614
1865.160684,0.002955
1867.089496,0.001923
1869.018307,0.001092
1870.947119,0.000821
1872.875930,0.001728
1874.804741,0.003421
1876.733553,0.002782
1878.662364,0.000880
1880.591176,0.000996
1882.519987,0.001970
1884.448799,0.002769
1886.377610,0.003615
1888.306422,0.004272
1890.235233,0.005049
1892.164045,0.005799
1894.092856,0.006286
1896.021668,0.006720
1897.950479,0.007161
1899.879290,0.007471
1901.808102,0.007562
1903.736913,0.007592
1905.665725,0.007562
1907.594536,0.007341
1909.523348,0.007044
1911.452159,0.006802
1913.380971,0.006530
1915.309782,0.005988
1917.238594,0.005255
1919.167405,0.004854
1921.096217,0.004657
1923.025028,0.004272
1924.953839,0.003886
1926.882651,0.003500
1928.811462,0.003061
1930.740274,0.002659
1932.669085,0.002267
1934.597897,0.001908
1936.526708,0.001567
1938.455520,0.001236
1940.384331,0.000879
1942.313143,0.000570
1944.241954,0.000468
1946.170766,0.000419
1948.099577,0.000331
1950.028388,0.000265
1951.957200,0.000207
1953.886011,0.000151
1955.814823,0.000129
1957.743634,0.000130
1959.672446,0.000093
1961.601257,0.000060
1963.530069,0.000031
1965.458880,-0.000036
1967.387692,-0.000066
1969.316503,-0.000016
1971.245315,0.000036
1973.174126,0.000036
1975.102938,0.000003
1977.031749,-0.000006
1978.960560,0.000026
1980.889372,0.000032
1982.818183,0.000003
1984.746995,-0.000002
1986.675806,0.000011
1988.604618,-0.000007
1990.533429,-0.000095
1992.462241,-0.000137
1994.391052,-0.000053
1996.319864,-0.000012
1998.248675,-0.000024
2000.177487,0.000009
2002.106298,0.000043
2004.035109,0.000026
2005.963921,-0.000029
2007.892732,-0.000033
2009.821544,0.000009
2011.750355,0.000015
2013.679167,-0.000029
2015.607978,-0.000099
2017.536790,-0.000084
2019.465601,0.000007
2021.394413,0.000014
2023.323224,-0.000039
2025.252036,-0.000054
2027.180847,-0.000024
2029.109658,0.000007
2031.038470,-0.000008
2032.967281,-0.000038
2034.896093,-0.000054
2036.824904,-0.000063
2038.753716,-0.000048
2040.682527,-0.000045
2042.611339,-0.000053
2044.540150,-0.000038
2046.468962,-0.000032
2048.397773,-0.000042
2050.326585,-0.000034
2052.255396,-0.000006
2054.184207,-0.000005
2056.113019,-0.000060
2058.041830,-0.000124
2059.970642,-0.000126
2061.899453,-0.000083
2063.828265,-0.000094
2065.757076,-0.000141
2067.685888,-0.000139
2069.614699,-0.000092
2071.543511,-0.000065
2073.472322,-0.000108
2075.401134,-0.000132
2077.329945,-0.000110
2079.258756,-0.000133
2081.187568,-0.000164
2083.116379,-0.000153
2085.045191,-0.000097
2086.974002,-0.000060
2088.902814,-0.000111
2090.831625,-0.000146
2092.760437,-0.000114
2094.689248,-0.000107
2096.618060,-0.000123
2098.546871,-0.000107
2100.475683,-0.000094
2102.404494,-0.000087
2104.333305,-0.000060
2106.262117,-0.000049
2108.190928,-0.000069
2110.119740,-0.000092
2112.048551,-0.000088
2113.977363,-0.000067
2115.906174,-0.000092
2117.834986,-0.000147
2119.763797,-0.000129
2121.692609,-0.000080
2123.621420,-0.000085
2125.550232,-0.000076
2127.479043,-0.000089
2129.407854,-0.000151
2131.336666,-0.000170
2133.265477,-0.000153
2135.194289,-0.000127
2137.123100,-0.000091
2139.051912,-0.000112
2140.980723,-0.000197
2142.909535,-0.000239
2144.838346,-0.000217
2146.767158,-0.000184
2148.695969,-0.000123
2150.624781,-0.000080
2152.553592,-0.000094
2154.482404,-0.000045
2156.411215,0.000051
2158.340026,0.000054
2160.268838,0.000016
2162.197649,0.000033
2164.126461,0.000070
2166.055272,0.000087
2167.984084,0.000100
2169.912895,0.000139
2171.841707,0.000177
2173.770518,0.000167
2175.699330,0.000151
2177.628141,0.000168
2179.556953,0.000219
2181.485764,0.000253
2183.414575,0.000235
2185.343387,0.000264
2187.272198,0.000347
2189.201010,0.000383
2191.129821,0.000387
2193.058633,0.000427
2194.987444,0.000532
2196.916256,0.000667
2198.845067,0.000770
2200.773879,0.000827
2202.702690,0.000858
2204.631502,0.000891
2206.560313,0.000928
2208.489124,0.000968
2210.417936,0.001023
2212.346747,0.001066
2214.275559,0.001059
2216.204370,0.000958
2218.133182,0.000788
2220.061993,0.000604
2221.990805,0.000419
2223.919616,0.000383
2225.848428,0.000553
2227.777239,0.000762
2229.706051,0.000999
2231.634862,0.001239
2233.563673,0.001361
2235.492485,0.001421
2237.421296,0.001443
2239.350108,0.001403
2241.278919,0.001338
2243.207731,0.001192
2245.136542,0.001000
2247.065354,0.000837
2248.994165,0.000660
2250.922977,0.000503
2252.851788,0.000399
2254.780600,0.000308
2256.709411,0.000244
2258.638222,0.000203
2260.567034,0.000171
2262.495845,0.000151
2264.424657,0.000126
2266.353468,0.000093
2268.282280,0.000071
2270.211091,0.000102
2272.139903,0.000145
2274.068714,0.000170
2275.997526,0.000242
2277.926337,0.000313
2279.855149,0.000307
2281.783960,0.000279
2283.712771,0.000287
2285.641583,0.000280
2287.570394,0.000194
2289.499206,0.000101
2291.428017,0.000036
2293.356829,-0.000030
2295.285640,-0.000067
2297.214452,-0.000073
2299.143263,-0.000100
2301.072075,-0.000192
2303.000886,-0.000326
2304.929698,-0.000442
2306.858509,-0.000221
2308.787320,-0.000061
2310.716132,-0.000015
2312.644943,0.000009
2314.573755,0.000079
2316.502566,0.000134
2318.431378,0.000120
2320.360189,0.000079
2322.289001,0.000077
2324.217812,0.000130
2326.146624,0.000101
2328.075435,0.000052
2330.004247,-0.000123
2331.933058,-0.000191
2333.861870,-0.000148
2335.790681,-0.000135
2337.719492,-0.000022
2339.648304,0.000134
2341.577115,0.000329
2343.505927,0.000759
2345.434738,0.001555
2347.363550,0.002594
2349.292361,0.002996
2351.221173,0.002338
2353.149984,0.001447
2355.078796,0.000823
2357.007607,0.000306
2358.936419,0.000065
2360.865230,0.000125
2362.794041,-0.000284
2364.722853,-0.000521
2366.651664,-0.000591
2368.580476,-0.000495
2370.509287,-0.000303
2372.438099,-0.000054
2374.366910,0.000217
2376.295722,0.000440
2378.224533,0.000553
2380.153345,0.000511
2382.082156,0.000345
2384.010968,0.000090
2385.939779,-0.000272
2387.868590,-0.000212
2389.797402,-0.000186
2391.726213,-0.000171
2393.655025,-0.000159
2395.583836,-0.000170
2397.512648,-0.000192
2399.441459,-0.000178
2401.370271,-0.000139
2403.299082,-0.000144
2405.227894,-0.000160
2407.156705,-0.000107
2409.085517,-0.000077
2411.014328,-0.000095
2412.943139,-0.000083
2414.871951,-0.000131
2416.800762,-0.000223
2418.729574,-0.000236
2420.658385,-0.000198
2422.587197,-0.000127
2424.516008,-0.000052
2426.444820,-0.000035
2428.373631,-0.000073
2430.302443,-0.000145
2432.231254,-0.000172
2434.160066,-0.000118
2436.088877,-0.000076
2438.017688,-0.000094
2439.946500,-0.000108
2441.875311,-0.000080
2443.804123,-0.000075
2445.732934,-0.000112
2447.661746,-0.000136
2449.590557,-0.000109
2451.519369,-0.000024
2453.448180,0.000013
2455.376992,-0.000046
2457.305803,-0.000082
2459.234615,-0.000073
2461.163426,-0.000059
2463.092237,-0.000007
2465.021049,0.000040
2466.949860,0.000020
2468.878672,0.000010
2470.807483,0.000031
2472.736295,0.000051
2474.665106,0.000059
2476.593918,0.000037
2478.522729,0.000033
2480.451541,0.000009
2482.380352,-0.000029
2484.309164,0.000016
2486.237975,0.000050
2488.166786,0.000018
2490.095598,0.000027
2492.024409,0.000097
2493.953221,0.000101
2495.882032,0.000018
2497.810844,0.000007
2499.739655,0.000062
2501.668467,0.000078
2503.597278,0.000094
2505.526090,0.000130
2507.454901,0.000130
2509.383713,0.000071
2511.312524,0.000016
2513.241336,0.000026
2515.170147,0.000061
2517.098958,0.000038
2519.027770,-0.000009
2520.956581,-0.000033
2522.885393,-0.000067
2524.814204,-0.000060
2526.743016,-0.000021
2528.671827,-0.000024
2530.600639,-0.000053
2532.529450,-0.000094
2534.458262,-0.000096
2536.387073,-0.000084
2538.315885,-0.000095
2540.244696,-0.000079
2542.173507,-0.000077
2544.102319,-0.000084
2546.031130,-0.000050
2547.959942,-0.000045
2549.888753,-0.000109
2551.817565,-0.000158
2553.746376,-0.000146
2555.675188,-0.000113
2557.603999,-0.000069
2559.532811,-0.000015
2561.461622,-0.000016
2563.390434,-0.000061
2565.319245,-0.000047
2567.248056,0.000001
2569.176868,-0.000026
2571.105679,-0.000070
2573.034491,-0.000064
2574.963302,-0.000059
2576.892114,-0.000068
2578.820925,-0.000073
2580.749737,-0.000072
2582.678548,-0.000100
2584.607360,-0.000129
2586.536171,-0.000074
2588.464983,-0.000014
2590.393794,-0.000032
2592.322605,-0.000068
2594.251417,-0.000085
2596.180228,-0.000099
2598.109040,-0.000128
2600.037851,-0.000131
2601.966663,-0.000079
2603.895474,-0.000046
2605.824286,-0.000060
2607.753097,-0.000048
2609.681909,-0.000021
2611.610720,-0.000026
2613.539532,-0.000027
2615.468343,-0.000034
2617.397154,-0.000037
2619.325966,-0.000004
2621.254777,-0.000001
2623.183589,-0.000005
2625.112400,0.000006
2627.041212,-0.000015
2628.970023,-0.000012
2630.898835,0.000012
2632.827646,0.000016
2634.756458,0.000032
2636.685269,0.000062
2638.614081,0.000083
2640.542892,0.000038
2642.471703,-0.000040
2644.400515,-0.000028
2646.329326,0.000028
2648.258138,0.000004
2650.186949,-0.000050
2652.115761,-0.000083
2654.044572,-0.000141
2655.973384,-0.000151
2657.902195,-0.000084
2659.831007,-0.000081
2661.759818,-0.000145
2663.688630,-0.000162
2665.617441,-0.000105
2667.546253,-0.000048
2669.475064,-0.000060
2671.403875,-0.000070
2673.332687,-0.000048
2675.261498,-0.000061
2677.190310,-0.000070
2679.119121,-0.000073
2681.047933,-0.000084
2682.976744,-0.000058
2684.905556,-0.000066
2686.834367,-0.000101
2688.763179,-0.000059
2690.691990,0.000001
2692.620802,0.000022
2694.549613,0.000002
2696.478424,-0.000059
2698.407236,-0.000081
2700.336047,-0.000047
2702.264859,-0.000063
2704.193670,-0.000114
2706.122482,-0.000103
2708.051293,-0.000072
2709.980105,-0.000044
2711.908916,-0.000048
2713.837728,-0.000063
2715.766539,-0.000006
2717.695351,-0.000010
2719.624162,-0.000080
2721.552973,-0.000053
2723.481785,-0.000024
2725.410596,-0.000058
2727.339408,-0.000078
2729.268219,-0.000075
2731.197031,-0.000049
2733.125842,0.000009
2735.054654,0.000004
2736.983465,-0.000087
2738.912277,-0.000124
2740.841088,-0.000080
2742.769900,-0.000007
2744.698711,0.000036
2746.627522,-0.000003
2748.556334,-0.000022
2750.485145,-0.000016
2752.413957,-0.000051
2754.342768,-0.000042
2756.271580,-0.000003
2758.200391,-0.000009
2760.129203,-0.000015
2762.058014,-0.000027
2763.986826,-0.000046
2765.915637,-0.000002
2767.844449,0.000054
2769.773260,0.000019
2771.702071,-0.000077
2773.630883,-0.000089
2775.559694,-0.000026
2777.488506,-0.000004
2779.417317,0.000039
2781.346129,0.000077
2783.274940,0.000027
2785.203752,-0.000004
2787.132563,0.000026
2789.061375,0.000055
2790.990186,0.000063
2792.918998,0.000053
2794.847809,0.000020
2796.776620,0.000008
2798.705432,0.000038
2800.634243,0.000022
2802.563055,-0.000013
2804.491866,0.000004
2806.420678,0.000058
2808.349489,0.000081
2810.278301,0.000055
2812.207112,0.000071
2814.135924,0.000066
2816.064735,0.000013
2817.993547,0.000012
2819.922358,0.000027
2821.851169,0.000061
2823.779981,0.000107
2825.708792,0.000098
2827.637604,0.000140
2829.566415,0.000243
2831.495227,0.000220
2833.424038,0.000131
2835.352850,0.000140
2837.281661,0.000185
2839.210473,0.000229
2841.139284,0.000275
2843.068096,0.000306
2844.996907,0.000354
2846.925719,0.000406
2848.854530,0.000503
2850.783341,0.000718
2852.712153,0.000955
2854.640964,0.001109
2856.569776,0.001255
2858.498587,0.001495
2860.427399,0.001848
2862.356210,0.002290
2864.285022,0.002826
2866.213833,0.003449
2868.142645,0.004019
2870.071456,0.004637
2872.000268,0.005502
2873.929079,0.006445
2875.857890,0.007386
2877.786702,0.008376
2879.715513,0.009378
2881.644325,0.010370
2883.573136,0.011231
2885.501948,0.011895
2887.430759,0.012399
2889.359571,0.012723
2891.288382,0.012820
2893.217194,0.012602
2895.146005,0.012111
2897.074817,0.011449
2899.003628,0.010551
2900.932439,0.009595
2902.861251,0.008471
2904.790062,0.006776
2906.718874,0.006094
2908.647685,0.008339
2910.576497,0.012278
2912.505308,0.015825
2914.434120,0.018401
2916.362931,0.019901
2918.291743,0.020260
2920.220554,0.019478
2922.149366,0.017633
2924.078177,0.014925
2926.006988,0.011734
2927.935800,0.008520
2929.864611,0.005615
2931.793423,0.003296
2933.722234,0.001613
2935.651046,0.000583
2937.579857,0.000174
2939.508669,0.000054
2941.437480,0.000007
2943.366292,0.000012
2945.295103,0.000088
2947.223915,0.000155
2949.152726,0.000098
2951.081537,0.000069
2953.010349,0.000131
2954.939160,0.000117
2956.867972,0.000091
2958.796783,0.000149
2960.725595,0.000218
2962.654406,0.000238
2964.583218,0.000140
2966.512029,0.000024
2968.440841,0.000105
2970.369652,0.000245
2972.298464,0.000229
2974.227275,0.000179
2976.156086,0.000185
2978.084898,0.000131
2980.013709,0.000060
2981.942521,0.000108
2983.871332,0.000169
2985.800144,0.000114
2987.728955,-0.000003
2989.657767,-0.000089
2991.586578,-0.000092
2993.515390,-0.000074
2995.444201,-0.000072
2997.373013,-0.000063
2999.301824,-0.000103
3001.230635,-0.000140
3003.159447,-0.000103
3005.088258,-0.000084
3007.017070,-0.000094
3008.945881,-0.000072
3010.874693,-0.000028
3012.803504,-0.000005
3014.732316,-0.000033
3016.661127,-0.000101
3018.589939,-0.000108
3020.518750,0.000004
3022.447562,0.000034
3024.376373,-0.000060
3026.305185,-0.000043
3028.233996,-0.000002
3030.162807,-0.000037
3032.091619,-0.000025
3034.020430,-0.000034
3035.949242,-0.000048
3037.878053,0.000027
3039.806865,0.000054
3041.735676,0.000003
3043.664488,0.000009
3045.593299,0.000053
3047.522111,0.000097
3049.450922,0.000160
3051.379734,0.000152
3053.308545,0.000071
3055.237356,-0.000005
3057.166168,-0.000047
3059.094979,0.000019
3061.023791,0.000061
3062.952602,0.000014
3064.881414,0.000058
3066.810225,0.000130
3068.739037,0.000130
3070.667848,0.000101
3072.596660,0.000065
3074.525471,0.000037
3076.454283,0.000033
3078.383094,0.000061
3080.311905,0.000050
3082.240717,0.000048
3084.169528,0.000086
3086.098340,0.000078
3088.027151,0.000058
3089.955963,0.000050
3091.884774,0.000039
3093.813586,0.000003
3095.742397,-0.000032
3097.671209,-0.000010
3099.600020,0.000019
3101.528832,0.000061
3103.457643,0.000132
3105.386454,0.000201
3107.315266,0.000227
3109.244077,0.000221
3111.172889,0.000252
3113.101700,0.000220
3115.030512,0.000143
3116.959323,0.000153
3118.888135,0.000194
3120.816946,0.000182
3122.745758,0.000123
3124.674569,0.000110
3126.603381,0.000145
3128.532192,0.000142
3130.461003,0.000114
3132.389815,0.000048
3134.318626,-0.000006
3136.247438,0.000039
3138.176249,0.000112
3140.105061,0.000132
3142.033872,0.000142
3143.962684,0.000188
3145.891495,0.000194
3147.820307,0.000127
3149.749118,0.000101
3151.677930,0.000128
3153.606741,0.000136
3155.535552,0.000102
3157.464364,0.000013
3159.393175,-0.000010
3161.321987,0.000040
3163.250798,0.000053
3165.179610,0.000145
3167.108421,0.000230
3169.037233,0.000127
3170.966044,0.000074
3172.894856,0.000187
3174.823667,0.000224
3176.752479,0.000192
3178.681290,0.000277
3180.610102,0.000342
3182.538913,0.000315
3184.467724,0.000296
3186.396536,0.000219
3188.325347,0.000196
3190.254159,0.000283
3192.182970,0.000259
3194.111782,0.000139
3196.040593,0.000119
3197.969405,0.000191
3199.898216,0.000206
3201.827028,0.000201
3203.755839,0.000222
3205.684651,0.000166
3207.613462,0.000088
3209.542273,0.000084
3211.471085,0.000097
3213.399896,0.000112
3215.328708,0.000178
3217.257519,0.000236
3219.186331,0.000290
3221.115142,0.000333
3223.043954,0.000252
3224.972765,0.000157
3226.901577,0.000116
3228.830388,0.000094
3230.759200,0.000156
3232.688011,0.000239
3234.616822,0.000278
3236.545634,0.000256
3238.474445,0.000240
3240.403257,0.000319
3242.332068,0.000376
3244.260880,0.000350
3246.189691,0.000237
3248.118503,0.000158
3250.047314,0.000205
3251.976126,0.000184
3253.904937,0.000191
3255.833749,0.000307
3257.762560,0.000329
3259.691371,0.000316
3261.620183,0.000296
3263.548994,0.000260
3265.477806,0.000270
3267.406617,0.000214
3269.335429,0.000097
3271.264240,0.000040
3273.193052,0.000083
3275.121863,0.000173
3277.050675,0.000170
3278.979486,0.000103
3280.908298,0.000090
3282.837109,0.000144
3284.765920,0.000202
3286.694732,0.000108
3288.623543,-0.000108
3290.552355,-0.000215
3292.481166,-0.000195
3294.409978,-0.000173
3296.338789,-0.000175
3298.267601,-0.000117
3300.196412,-0.000029
3302.125224,0.000005
3304.054035,0.000021
3305.982847,-0.000043
3307.911658,-0.000170
3309.840469,-0.000207
3311.769281,-0.000142
3313.698092,-0.000052
3315.626904,-0.000059
3317.555715,-0.000073
3319.484527,-0.000023
3321.413338,-0.000103
3323.342150,-0.000254
3325.270961,-0.000270
3327.199773,-0.000182
3329.128584,-0.000136
3331.057396,-0.000133
3332.986207,-0.000083
3334.915018,-0.000031
3336.843830,-0.000033
3338.772641,-0.000092
3340.701453,-0.000133
3342.630264,-0.000018
3344.559076,0.000106
3346.487887,0.000034
3348.416699,-0.000013
3350.345510,0.000115
3352.274322,0.000152
3354.203133,0.000072
3356.131945,0.000097
3358.060756,0.000085
3359.989568,-0.000045
3361.918379,-0.000048
3363.847190,-0.000013
3365.776002,-0.000067
3367.704813,0.000003
3369.633625,0.000147
3371.562436,0.000168
3373.491248,0.000045
3375.420059,-0.000106
3377.348871,-0.000111
3379.277682,-0.000069
3381.206494,-0.000038
3383.135305,0.000101
3385.064117,0.000176
3386.992928,0.000057
3388.921739,-0.000045
3390.850551,-0.000038
3392.779362,-0.000064
3394.708174,-0.000087
3396.636985,0.000013
3398.565797,0.000087
3400.494608,0.000032
3402.423420,0.000004
3404.352231,0.000008
3406.281043,-0.000056
3408.209854,-0.000144
3410.138666,-0.000237
3412.067477,-0.000267
3413.996288,-0.000073
3415.925100,0.000026
3417.853911,-0.000197
3419.782723,-0.000319
3421.711534,-0.000240
3423.640346,-0.000249
3425.569157,-0.000276
3427.497969,-0.000245
3429.426780,-0.000114
3431.355592,0.000053
3433.284403,0.000068
3435.213215,0.000039
3437.142026,0.000043
3439.070837,0.000060
3440.999649,0.000071
3442.928460,0.000054
3444.857272,0.000103
3446.786083,0.000128
3448.714895,0.000030
3450.643706,-0.000010
3452.572518,0.000090
3454.501329,0.000214
3456.430141,0.000299
3458.358952,0.000281
3460.287764,0.000126
3462.216575,-0.000020
3464.145386,-0.000083
3466.074198,-0.000041
3468.003009,0.000117
3469.931821,0.000192
3471.860632,0.000166
3473.789444,0.000168
3475.718255,0.000137
3477.647067,0.000097
3479.575878,0.000119
3481.504690,0.000141
3483.433501,0.000134
3485.362313,0.000056
3487.291124,-0.000019
3489.219935,0.000054
3491.148747,0.000221
3493.077558,0.000327
3495.006370,0.000293
3496.935181,0.000340
3498.863993,0.000416
3500.792804,0.000200
3502.721616,0.000069
3504.650427,0.000203
3506.579239,0.000226
3508.508050,0.000214
3510.436862,0.000270
3512.365673,0.000330
3514.294484,0.000448
3516.223296,0.000509
3518.152107,0.000412
3520.080919,0.000276
3522.009730,0.000173
3523.938542,0.000183
3525.867353,0.000273
3527.796165,0.000177
3529.724976,0.000103
3531.653788,0.000308
3533.582599,0.000363
3535.511411,0.000184
3537.440222,0.000106
3539.369034,0.000097
3541.297845,0.000188
3543.226656,0.000279
3545.155468,0.000183
3547.084279,0.000228
3549.013091,0.000314
3550.941902,0.000268
3552.870714,0.000473
3554.799525,0.000757
3556.728337,0.000910
3558.657148,0.001068
3560.585960,0.001136
3562.514771,0.001191
3564.443583,0.001223
3566.372394,0.001118
3568.301205,0.001403
3570.230017,0.002182
3572.158828,0.002639
3574.087640,0.002706
3576.016451,0.002812
3577.945263,0.002874
3579.874074,0.002711
3581.802886,0.002339
3583.731697,0.001998
3585.660509,0.001692
3587.589320,0.001788
3589.518132,0.002441
3591.446943,0.002293
3593.375754,0.001545
3595.304566,0.001618
3597.233377,0.002186
3599.162189,0.002500
3601.091000,0.002663
3603.019812,0.002917
3604.948623,0.002941
3606.877435,0.002470
3608.806246,0.002122
3610.735058,0.001979
3612.663869,0.001646
3614.592681,0.001481
3616.521492,0.001344
3618.450303,0.000875
3620.379115,0.000641
3622.307926,0.000754
3624.236738,0.000731
3626.165549,0.000242
3628.094361,-0.000555
3630.023172,-0.000577
3631.951984,0.000038
3633.880795,0.000457
3635.809607,0.000747
3637.738418,0.000821
3639.667230,0.000733
3641.596041,0.000636
3643.524852,0.000393
3645.453664,-0.000172
3647.382475,-0.001017
3649.311287,-0.001413
3651.240098,-0.000827
3653.168910,-0.000109
3655.097721,-0.000039
3657.026533,-0.000035
3658.955344,0.000435
3660.884156,0.000766
3662.812967,0.000699
3664.741779,0.000445
3666.670590,0.000005
3668.599401,-0.000688
3670.528213,-0.001081
3672.457024,-0.000952
3674.385836,-0.001198
3676.314647,-0.001268
3678.243459,-0.000454
3680.172270,0.000198
3682.101082,0.000395
3684.029893,0.000354
3685.958705,-0.000024
3687.887516,-0.000596
3689.816328,-0.000747
3691.745139,-0.000327
3693.673951,0.000173
3695.602762,0.000465
3697.531573,0.000446
3699.460385,0.000195
3701.389196,-0.000021
3703.318008,0.000085
3705.246819,0.000289
3707.175631,0.000055
3709.104442,-0.000477
3711.033254,-0.000750
3712.962065,-0.000454
3714.890877,0.000123
3716.819688,0.000411
3718.748500,0.000310
3720.677311,0.000113
3722.606122,0.000024
3724.534934,-0.000107
3726.463745,-0.000255
3728.392557,-0.000264
3730.321368,-0.000447
3732.250180,-0.000892
3734.178991,-0.001224
3736.107803,-0.001121
3738.036614,-0.000576
3739.965426,-0.000121
3741.894237,-0.000380
3743.823049,-0.001235
3745.751860,-0.001407
3747.680671,-0.001103
3749.609483,-0.001372
3751.538294,-0.001240
3753.467106,-0.000391
3755.395917,0.000227
3757.324729,0.000409
3759.253540,0.000259
3761.182352,0.000337
3763.111163,0.000533
3765.039975,0.000402
3766.968786,0.000288
3768.897598,0.000234
3770.826409,0.000368
3772.755220,0.000749
3774.684032,0.000894
3776.612843,0.000758
3778.541655,0.000520
3780.470466,0.000538
3782.399278,0.000799
3784.328089,0.000856
3786.256901,0.000929
3788.185712,0.001005
3790.114524,0.000827
3792.043335,0.000786
3793.972147,0.000708
3795.900958,0.000346
3797.829769,0.000217
3799.758581,-0.000080
3801.687392,-0.000427
3803.616204,0.000008
3805.545015,0.000151
3807.473827,0.000039
3809.402638,0.000535
3811.331450,0.000903
3813.260261,0.000676
3815.189073,0.000095
3817.117884,-0.000187
3819.046696,-0.000293
3820.975507,-0.000512
3822.904318,-0.000019
3824.833130,0.000621
3826.761941,0.000739
3828.690753,0.000704
3830.619564,0.000541
3832.548376,0.000268
3834.477187,-0.000028
3836.405999,-0.000358
3838.334810,-0.000468
3840.263622,-0.000142
3842.192433,0.000284
3844.121245,0.000589
3846.050056,0.000847
3847.978867,0.000823
3849.907679,0.000252
3851.836490,-0.000791
3853.765302,-0.001425
3855.694113,-0.000607
3857.622925,0.000303
3859.551736,0.000454
3861.480548,0.000311
3863.409359,0.000049
3865.338171,-0.000068
3867.266982,-0.000037
3869.195794,-0.000242
3871.124605,-0.000158
3873.053417,0.000148
3874.982228,0.000265
3876.911039,0.000466
3878.839851,0.000330
3880.768662,0.000045
3882.697474,0.000157
3884.626285,0.000042
3886.555097,-0.000065
3888.483908,0.000166
3890.412720,0.000119
3892.341531,0.000050
3894.270343,0.000258
3896.199154,0.000230
3898.127966,-0.000122
3900.056777,-0.000392
3901.985588,-0.000493
3903.914400,-0.000459
3905.843211,-0.000107
3907.772023,0.000295
3909.700834,0.000408
3911.629646,0.000436
3913.558457,0.000403
3915.487269,0.000089
3917.416080,-0.000187
3919.344892,-0.000124
3921.273703,0.000040
3923.202515,0.000151
3925.131326,0.000225
3927.060137,0.000215
3928.988949,0.000088
3930.917760,-0.000036
3932.846572,-0.000028
3934.775383,0.000100
3936.704195,0.000239
3938.633006,0.000234
3940.561818,0.000068
3942.490629,-0.000083
3944.419441,-0.000107
3946.348252,-0.000106
3948.277064,-0.000141
3950.205875,-0.000116
3952.134686,-0.000090
3954.063498,-0.000112
3955.992309,-0.000126
3957.921121,-0.000148
3959.849932,-0.000133
3961.778744,-0.000076
3963.707555,-0.000031
3965.636367,-0.000093
3967.565178,-0.000233
3969.493990,-0.000207
3971.422801,-0.000109
3973.351613,-0.000151
3975.280424,-0.000233
3977.209235,-0.000225
3979.138047,-0.000189
3981.066858,-0.000156
3982.995670,-0.000078
3984.924481,-0.000038
3986.853293,-0.000164
3988.782104,-0.000323
3990.710916,-0.000295
3992.639727,-0.000133
3994.568539,-0.000110
3996.497350,-0.000131
3998.426162,-0.000045
4000.354973,-0.000111
