898.826141,0.001106
900.754953,0.001974
902.683764,0.000903
904.612576,-0.000112
906.541387,-0.000053
908.470199,0.000044
910.399010,0.000367
912.327822,0.000791
914.256633,0.000104
916.185445,-0.000229
918.114256,0.000451
920.043068,0.000149
921.971879,-0.000437
923.900690,-0.000050
925.829502,0.000408
927.758313,0.000266
929.687125,-0.000094
931.615936,0.000499
933.544748,0.001131
935.473559,-0.000059
937.402371,-0.001357
939.331182,-0.000947
941.259994,-0.000029
943.188805,0.000267
945.117617,0.000095
947.046428,-0.000067
948.975240,-0.000002
950.904051,-0.000021
952.832862,-0.000157
954.761674,-0.000164
956.690485,-0.000142
958.619297,-0.000117
960.548108,-0.000121
962.476920,-0.000257
964.405731,-0.000204
966.334543,0.000107
968.263354,0.000199
970.192166,-0.000086
972.120977,-0.000307
974.049789,-0.000168
975.978600,0.000082
977.907411,0.000220
979.836223,0.000242
981.765034,0.000142
983.693846,0.000086
985.622657,0.000259
987.551469,0.000390
989.480280,0.000305
991.409092,0.000232
993.337903,0.000203
995.266715,0.000118
997.195526,0.000127
999.124338,0.000186
1001.053149,0.000163
1002.981960,0.000147
1004.910772,0.000176
1006.839583,0.000178
1008.768395,0.000171
1010.697206,0.000101
1012.626018,-0.000042
1014.554829,-0.000051
1016.483641,0.000005
1018.412452,0.000014
1020.341264,0.000045
1022.270075,0.000051
1024.198887,0.000142
1026.127698,0.000282
1028.056509,0.000259
1029.985321,0.000250
1031.914132,0.000329
1033.842944,0.000369
1035.771755,0.000416
1037.700567,0.000456
1039.629378,0.000498
1041.558190,0.000535
1043.487001,0.000415
1045.415813,0.000315
1047.344624,0.000402
1049.273436,0.000399
1051.202247,0.000265
1053.131058,0.000131
1055.059870,0.000021
1056.988681,-0.000014
1058.917493,0.000028
1060.846304,0.000051
1062.775116,0.000019
1064.703927,0.000029
1066.632739,0.000083
1068.561550,0.000051
1070.490362,-0.000004
1072.419173,0.000036
1074.347985,0.000076
1076.276796,0.000054
1078.205607,0.000088
1080.134419,0.000148
1082.063230,0.000134
1083.992042,0.000133
1085.920853,0.000124
1087.849665,0.000052
1089.778476,0.000058
1091.707288,0.000138
1093.636099,0.000169
1095.564911,0.000158
1097.493722,0.000168
1099.422534,0.000194
1101.351345,0.000142
1103.280156,0.000075
1105.208968,0.000062
1107.137779,0.000056
1109.066591,0.000119
1110.995402,0.000189
1112.924214,0.000146
1114.853025,0.000084
1116.781837,0.000083
1118.710648,0.000115
1120.639460,0.000125
1122.568271,0.000137
1124.497083,0.000127
1126.425894,0.000114
1128.354706,0.000193
1130.283517,0.000230
1132.212328,0.000184
1134.141140,0.000170
1136.069951,0.000160
1137.998763,0.000136
1139.927574,0.000098
1141.856386,0.000088
1143.785197,0.000076
1145.714009,0.000045
1147.642820,0.000050
1149.571632,0.000075
1151.500443,0.000070
1153.429255,0.000059
1155.358066,0.000049
1157.286877,0.000048
1159.215689,0.000067
1161.144500,0.000069
1163.073312,0.000059
1165.002123,0.000076
1166.930935,0.000099
1168.859746,0.000085
1170.788558,0.000038
1172.717369,-0.000051
1174.646181,-0.000120
1176.574992,-0.000102
1178.503804,-0.000067
1180.432615,-0.000022
1182.361426,-0.000002
1184.290238,-0.000070
1186.219049,-0.000095
1188.147861,-0.000019
1190.076672,0.000034
1192.005484,0.000055
1193.934295,0.000084
1195.863107,0.000040
1197.791918,-0.000061
1199.720730,-0.000127
1201.649541,-0.000156
1203.578353,-0.000176
1205.507164,-0.000195
1207.435975,-0.000201
1209.364787,-0.000193
1211.293598,-0.000121
1213.222410,-0.000012
1215.151221,0.000115
1217.080033,0.000316
1219.008844,0.000478
1220.937656,0.000700
1222.866467,0.000989
1224.795279,0.001274
1226.724090,0.001758
1228.652902,0.002301
1230.581713,0.002910
1232.510524,0.003817
1234.439336,0.004738
1236.368147,0.005709
1238.296959,0.006976
1240.225770,0.008235
1242.154582,0.009670
1244.083393,0.011348
1246.012205,0.012903
1247.941016,0.014487
1249.869828,0.015882
1251.798639,0.016748
1253.727451,0.016220
1255.656262,0.014578
1257.585073,0.013274
1259.513885,0.012580
1261.442696,0.015479
1263.371508,0.019714
1265.300319,0.017642
1267.229131,0.014170
1269.157942,0.015334
1271.086754,0.017163
1273.015565,0.017628
1274.944377,0.017256
1276.873188,0.016113
1278.802000,0.014842
1280.730811,0.013612
1282.659622,0.012213
1284.588434,0.010661
1286.517245,0.009330
1288.446057,0.008071
1290.374868,0.006920
1292.303680,0.006075
1294.232491,0.005228
1296.161303,0.004633
1298.090114,0.004377
1300.018926,0.004146
1301.947737,0.003965
1303.876549,0.003843
1305.805360,0.003737
1307.734172,0.003745
1309.662983,0.003802
1311.591794,0.003683
1313.520606,0.003520
1315.449417,0.003385
1317.378229,0.003171
1319.307040,0.002966
1321.235852,0.002776
1323.164663,0.002754
1325.093475,0.002870
1327.022286,0.002673
1328.951098,0.002329
1330.879909,0.002200
1332.808721,0.002098
1334.737532,0.001964
1336.666343,0.001837
1338.595155,0.001689
1340.523966,0.001596
1342.452778,0.001472
1344.381589,0.001297
1346.310401,0.001116
1348.239212,0.000865
1350.168024,0.000616
1352.096835,0.000476
1354.025647,0.000400
1355.954458,0.000359
1357.883270,0.000354
1359.812081,0.000168
1361.740892,-0.000194
1363.669704,-0.000189
1365.598515,0.000047
1367.527327,-0.000018
1369.456138,0.000012
1371.384950,0.000110
1373.313761,-0.000000
1375.242573,0.000130
1377.171384,0.000504
1379.100196,0.000654
1381.029007,0.000790
1382.957819,0.001020
1384.886630,0.001066
1386.815441,0.001028
1388.744253,0.001277
1390.673064,0.001604
1392.601876,0.001555
1394.530687,0.001389
1396.459499,0.001436
1398.388310,0.001492
1400.317122,0.001745
1402.245933,0.001999
1404.174745,0.001862
1406.103556,0.001797
1408.032368,0.001947
1409.961179,0.002007
1411.889990,0.002001
1413.818802,0.002028
1415.747613,0.001873
1417.676425,0.001240
1419.605236,0.000952
1421.534048,0.001385
1423.462859,0.001555
1425.391671,0.001565
1427.320482,0.001562
1429.249294,0.001318
1431.178105,0.001358
1433.106917,0.001505
1435.035728,0.000890
1436.964539,0.000388
1438.893351,0.000952
1440.822162,0.001332
1442.750974,0.001340
1444.679785,0.001291
1446.608597,0.001050
1448.537408,0.000982
1450.466220,0.001105
1452.395031,0.001056
1454.323843,0.000505
1456.252654,-0.000636
1458.181466,-0.000737
1460.110277,0.000362
1462.039089,0.000827
1463.967900,0.000469
1465.896711,0.000393
1467.825523,0.000768
1469.754334,0.000514
1471.683146,-0.000354
1473.611957,-0.000550
1475.540769,-0.000075
1477.469580,0.000398
1479.398392,0.000679
1481.327203,0.000749
1483.256015,0.000825
1485.184826,0.000731
1487.113638,0.000296
1489.042449,-0.000085
1490.971260,0.000190
1492.900072,0.000785
1494.828883,0.000711
1496.757695,0.000290
1498.686506,0.000490
1500.615318,0.001020
1502.544129,0.001232
1504.472941,0.000335
1506.401752,-0.001057
1508.330564,-0.000414
1510.259375,0.000763
1512.188187,0.001294
1514.116998,0.001293
1516.045809,0.000822
1517.974621,0.000566
1519.903432,0.000256
1521.832244,-0.000049
1523.761055,0.000535
1525.689867,0.000988
1527.618678,0.001268
1529.547490,0.001740
1531.476301,0.001552
1533.405113,0.001128
1535.333924,0.001554
1537.262736,0.001402
1539.191547,-0.000193
1541.120358,-0.000516
1543.049170,0.000413
1544.977981,0.001265
1546.906793,0.001969
1548.835604,0.002254
1550.764416,0.002454
1552.693227,0.002602
1554.622039,0.002706
1556.550850,0.002508
1558.479662,0.002250
1560.408473,0.004856
1562.337285,0.008251
1564.266096,0.010995
1566.194907,0.014109
1568.123719,0.017493
1570.052530,0.022541
1571.981342,0.029366
1573.910153,0.036093
1575.838965,0.045268
1577.767776,0.057775
1579.696588,0.070992
1581.625399,0.086005
1583.554211,0.102942
1585.483022,0.121631
1587.411834,0.141794
1589.340645,0.163058
1591.269456,0.184750
1593.198268,0.204426
1595.127079,0.220626
1597.055891,0.232018
1598.984702,0.238547
1600.913514,0.239494
1602.842325,0.235063
1604.771137,0.227233
1606.699948,0.215154
1608.628760,0.199890
1610.557571,0.180774
1612.486383,0.160559
1614.415194,0.139486
1616.344005,0.119467
1618.272817,0.136840
1620.201628,0.191253
1622.130440,0.249802
1624.059251,0.293397
1625.988063,0.316685
1627.916874,0.325905
1629.845686,0.320098
1631.774497,0.298772
1633.703309,0.267226
1635.632120,0.223623
1637.560932,0.183001
1639.489743,0.150740
1641.418555,0.115186
1643.347366,0.083050
1645.276177,0.058079
1647.204989,0.036212
1649.133800,0.022769
1651.062612,0.014123
1652.991423,0.005792
1654.920235,0.003131
1656.849046,0.003262
1658.777858,0.002551
1660.706669,0.001471
1662.635481,0.000462
1664.564292,0.000217
1666.493104,0.000131
1668.421915,-0.000468
1670.350726,-0.000338
1672.279538,0.000605
1674.208349,0.001222
1676.137161,0.002291
1678.065972,0.003914
1679.994784,0.005052
1681.923595,0.005281
1683.852407,0.005041
1685.781218,0.005615
1687.710030,0.006231
1689.638841,0.005723
1691.567653,0.004979
1693.496464,0.003470
1695.425275,0.003172
1697.354087,0.007761
1699.282898,0.008667
1701.211710,0.002981
1703.140521,0.001594
1705.069333,0.003822
1706.998144,0.006494
1708.926956,0.009234
1710.855767,0.011113
1712.784579,0.011693
1714.713390,0.011147
1716.642202,0.009967
1718.571013,0.009225
1720.499824,0.009084
1722.428636,0.008570
1724.357447,0.007578
1726.286259,0.006741
1728.215070,0.005855
1730.143882,0.005139
1732.072693,0.004511
1734.001505,0.004072
1735.930316,0.005068
1737.859128,0.006019
1739.787939,0.006345
1741.716751,0.006851
1743.645562,0.007231
1745.574373,0.007129
1747.503185,0.006784
1749.431996,0.006462
1751.360808,0.006618
1753.289619,0.007205
1755.218431,0.007413
1757.147242,0.007227
1759.076054,0.006826
1761.004865,0.005727
1762.933677,0.004471
1764.862488,0.003627
1766.791300,0.002550
1768.720111,0.001417
1770.648922,0.000395
1772.577734,-0.000285
1774.506545,0.000016
1776.435357,0.000461
1778.364168,0.000402
1780.292980,0.000278
1782.221791,0.000312
1784.150603,0.000338
1786.079414,0.000420
1788.008226,0.000562
1789.937037,0.000215
1791.865849,-0.000335
1793.794660,-0.000103
1795.723471,0.000402
1797.652283,0.000484
1799.581094,0.000398
1801.509906,0.000526
1803.438717,0.000852
1805.367529,0.001178
1807.296340,0.001361
1809.225152,0.001343
1811.153963,0.001425
1813.082775,0.001792
1815.011586,0.002140
1816.940398,0.002352
1818.869209,0.002558
1820.798021,0.002799
1822.726832,0.002942
1824.655643,0.003062
1826.584455,0.003312
1828.513266,0.003396
1830.442078,0.003595
1832.370889,0.004272
1834.299701,0.004801
1836.228512,0.005061
1838.157324,0.005358
1840.086135,0.005615
1842.014947,0.005713
1843.943758,0.005670
1845.872570,0.005808
1847.801381,0.006074
1849.730192,0.006187
1851.659004,0.006206
1853.587815,0.006140
1855.516627,0.005968
1857.445438,0.005659
1859.374250,0.005311
1861.303061,0.004909
1863.231873,0.004340
1865.160684,0.003538
1867.089496,0.002456
1869.018307,0.001598
1870.947119,0.001196
1872.875930,0.002129
1874.804741,0.004004
1876.733553,0.003278
1878.662364,0.001116
1880.591176,0.001223
1882.519987,0.002380
1884.448799,0.003358
1886.377610,0.004347
1888.306422,0.005114
1890.235233,0.005932
1892.164045,0.006714
1894.092856,0.007346
1896.021668,0.007920
1897.950479,0.008367
1899.879290,0.008664
1901.808102,0.008774
1903.736913,0.008766
1905.665725,0.008663
1907.594536,0.008462
1909.523348,0.008205
1911.452159,0.007902
1913.380971,0.007539
1915.309782,0.006948
1917.238594,0.006151
1919.167405,0.005672
1921.096217,0.005408
1923.025028,0.004897
1924.953839,0.004424
1926.882651,0.004049
1928.811462,0.003539
1930.740274,0.003018
1932.669085,0.002578
1934.597897,0.002178
1936.526708,0.001791
1938.455520,0.001476
1940.384331,0.001133
1942.313143,0.000764
1944.241954,0.000610
1946.170766,0.000559
1948.099577,0.000461
1950.028388,0.000365
1951.957200,0.000295
1953.886011,0.000204
1955.814823,0.000144
1957.743634,0.000182
1959.672446,0.000172
1961.601257,0.000129
1963.530069,0.000093
1965.458880,0.000005
1967.387692,-0.000035
1969.316503,-0.000028
1971.245315,-0.000029
1973.174126,0.000022
1975.102938,0.000071
1977.031749,0.000071
1978.960560,0.000085
1980.889372,0.000100
1982.818183,0.000098
1984.746995,0.000101
1986.675806,0.000070
1988.604618,0.000008
1990.533429,-0.000044
1992.462241,-0.000042
1994.391052,0.000057
1996.319864,0.000129
1998.248675,0.000118
2000.177487,0.000112
2002.106298,0.000091
2004.035109,0.000072
2005.963921,0.000088
2007.892732,0.000083
2009.821544,0.000080
2011.750355,0.000094
2013.679167,0.000062
2015.607978,0.000003
2017.536790,0.000016
2019.465601,0.000079
2021.394413,0.000085
2023.323224,0.000079
2025.252036,0.000089
2027.180847,0.000067
2029.109658,0.000047
2031.038470,0.000034
2032.967281,0.000045
2034.896093,0.000054
2036.824904,0.000021
2038.753716,0.000042
2040.682527,0.000091
2042.611339,0.000080
2044.540150,0.000066
2046.468962,0.000095
2048.397773,0.000127
2050.326585,0.000114
2052.255396,0.000077
2054.184207,0.000045
2056.113019,0.000058
2058.041830,0.000112
2059.970642,0.000105
2061.899453,0.000069
2063.828265,0.000048
2065.757076,0.000011
2067.685888,0.000031
2069.614699,0.000096
2071.543511,0.000108
2073.472322,0.000078
2075.401134,0.000062
2077.329945,0.000072
2079.258756,0.000082
2081.187568,0.000079
2083.116379,0.000061
2085.045191,0.000056
2086.974002,0.000088
2088.902814,0.000119
2090.831625,0.000090
2092.760437,0.000060
2094.689248,0.000100
2096.618060,0.000105
2098.546871,0.000087
2100.475683,0.000108
2102.404494,0.000115
2104.333305,0.000127
2106.262117,0.000140
2108.190928,0.000139
2110.119740,0.000149
2112.048551,0.000153
2113.977363,0.000158
2115.906174,0.000170
2117.834986,0.000181
2119.763797,0.000189
2121.692609,0.000201
2123.621420,0.000200
2125.550232,0.000166
2127.479043,0.000114
2129.407854,0.000092
2131.336666,0.000112
2133.265477,0.000097
2135.194289,0.000034
2137.123100,-0.000025
2139.051912,-0.000056
2140.980723,-0.000035
2142.909535,0.000018
2144.838346,0.000061
2146.767158,0.000039
2148.695969,-0.000006
2150.624781,0.000012
2152.553592,0.000031
2154.482404,0.000059
2156.411215,0.000128
2158.340026,0.000163
2160.268838,0.000161
2162.197649,0.000147
2164.126461,0.000138
2166.055272,0.000150
2167.984084,0.000169
2169.912895,0.000203
2171.841707,0.000229
2173.770518,0.000249
2175.699330,0.000294
2177.628141,0.000314
2179.556953,0.000323
2181.485764,0.000370
2183.414575,0.000376
2185.343387,0.000363
2187.272198,0.000410
2189.201010,0.000467
2191.129821,0.000537
2193.058633,0.000617
2194.987444,0.000679
2196.916256,0.000765
2198.845067,0.000850
2200.773879,0.000933
2202.702690,0.001032
2204.631502,0.001093
2206.560313,0.001139
2208.489124,0.001222
2210.417936,0.001271
2212.346747,0.001239
2214.275559,0.001174
2216.204370,0.001069
2218.133182,0.000896
2220.061993,0.000682
2221.990805,0.000470
2223.919616,0.000385
2225.848428,0.000528
2227.777239,0.000844
2229.706051,0.001164
2231.634862,0.001369
2233.563673,0.001533
2235.492485,0.001658
2237.421296,0.001662
2239.350108,0.001577
2241.278919,0.001436
2243.207731,0.001231
2245.136542,0.001011
2247.065354,0.000844
2248.994165,0.000680
2250.922977,0.000458
2252.851788,0.000256
2254.780600,0.000152
2256.709411,0.000097
2258.638222,0.000019
2260.567034,-0.000019
2262.495845,0.000008
2264.424657,0.000016
2266.353468,0.000026
2268.282280,0.000041
2270.211091,0.000044
2272.139903,0.000045
2274.068714,0.000004
2275.997526,-0.000025
2277.926337,0.000026
2279.855149,0.000087
2281.783960,0.000093
2283.712771,0.000088
2285.641583,0.000106
2287.570394,0.000086
2289.499206,0.000027
2291.428017,-0.000023
2293.356829,-0.000060
2295.285640,-0.000086
2297.214452,-0.000135
2299.143263,-0.000050
2301.072075,0.000009
2303.000886,0.000069
2304.929698,0.000163
2306.858509,0.000252
2308.787320,0.000242
2310.716132,0.000160
2312.644943,0.000087
2314.573755,-0.000031
2316.502566,0.000038
2318.431378,0.000073
2320.360189,0.000163
2322.289001,0.000268
2324.217812,0.000393
2326.146624,0.000571
2328.075435,0.000374
2330.004247,0.000186
2331.933058,0.000158
2333.861870,0.000212
2335.790681,0.000226
2337.719492,0.000300
2339.648304,0.000497
2341.577115,0.000793
2343.505927,0.001280
2345.434738,0.002159
2347.363550,0.003291
2349.292361,0.003786
2351.221173,0.003093
2353.149984,0.001873
2355.078796,0.000915
2357.007607,0.000331
2358.936419,0.000111
2360.865230,0.000140
2362.794041,0.000359
2364.722853,0.000042
2366.651664,-0.000076
2368.580476,-0.000024
2370.509287,0.000170
2372.438099,0.000454
2374.366910,0.000775
2376.295722,0.001047
2378.224533,0.001177
2380.153345,0.001114
2382.082156,0.000867
2384.010968,0.000447
2385.939779,-0.000121
2387.868590,-0.000101
2389.797402,-0.000062
2391.726213,-0.000021
2393.655025,-0.000008
2395.583836,-0.000043
2397.512648,-0.000069
2399.441459,-0.000022
2401.370271,0.000015
2403.299082,0.000031
2405.227894,0.000071
2407.156705,0.000063
2409.085517,0.000044
2411.014328,0.000033
2412.943139,0.000002
2414.871951,0.000031
2416.800762,0.000047
2418.729574,0.000009
2420.658385,0.000015
2422.587197,0.000046
2424.516008,0.000038
2426.444820,0.000003
2428.373631,0.000033
2430.302443,0.000069
2432.231254,0.000010
2434.160066,-0.000013
2436.088877,0.000017
2438.017688,0.000006
2439.946500,0.000024
2441.875311,0.000061
2443.804123,0.000047
2445.732934,0.000017
2447.661746,0.000004
2449.590557,0.000013
2451.519369,0.000025
2453.448180,0.000018
2455.376992,0.000026
2457.305803,0.000068
2459.234615,0.000074
2461.163426,0.000051
2463.092237,0.000082
2465.021049,0.000141
2466.949860,0.000163
2468.878672,0.000126
2470.807483,0.000093
2472.736295,0.000131
2474.665106,0.000150
2476.593918,0.000136
2478.522729,0.000145
2480.451541,0.000155
2482.380352,0.000198
2484.309164,0.000227
2486.237975,0.000198
2488.166786,0.000164
2490.095598,0.000172
2492.024409,0.000257
2493.953221,0.000263
2495.882032,0.000118
2497.810844,0.000060
2499.739655,0.000126
2501.668467,0.000152
2503.597278,0.000153
2505.526090,0.000197
2507.454901,0.000271
2509.383713,0.000314
2511.312524,0.000262
2513.241336,0.000216
2515.170147,0.000219
2517.098958,0.000133
2519.027770,0.000041
2520.956581,0.000056
2522.885393,0.000072
2524.814204,0.000070
2526.743016,0.000074
2528.671827,0.000057
2530.600639,0.000038
2532.529450,0.000024
2534.458262,0.000017
2536.387073,0.000023
2538.315885,0.000035
2540.244696,0.000045
2542.173507,0.000050
2544.102319,0.000059
2546.031130,0.000057
2547.959942,0.000055
2549.888753,0.000064
2551.817565,0.000055
2553.746376,0.000047
2555.675188,0.000058
2557.603999,0.000061
2559.532811,0.000077
2561.461622,0.000102
2563.390434,0.000071
2565.319245,-0.000005
2567.248056,-0.000018
2569.176868,0.000044
2571.105679,0.000095
2573.034491,0.000111
2574.963302,0.000094
2576.892114,0.000089
2578.820925,0.000113
2580.749737,0.000078
2582.678548,0.000013
2584.607360,0.000012
2586.536171,0.000041
2588.464983,0.000085
2590.393794,0.000105
2592.322605,0.000058
2594.251417,-0.000007
2596.180228,-0.000028
2598.109040,-0.000011
2600.037851,0.000006
2601.966663,0.000016
2603.895474,0.000005
2605.824286,-0.000020
2607.753097,0.000009
2609.681909,0.000024
2611.610720,-0.000020
2613.539532,-0.000025
2615.468343,-0.000015
2617.397154,-0.000026
2619.325966,-0.000005
2621.254777,0.000063
2623.183589,0.000103
2625.112400,0.000030
2627.041212,-0.000008
2628.970023,0.000057
2630.898835,0.000056
2632.827646,0.000053
2634.756458,0.000076
2636.685269,0.000015
2638.614081,-0.000038
2640.542892,-0.000017
2642.471703,0.000000
2644.400515,-0.000045
2646.329326,-0.000104
2648.258138,-0.000107
2650.186949,-0.000062
2652.115761,-0.000026
2654.044572,-0.000065
2655.973384,-0.000105
2657.902195,-0.000096
2659.831007,-0.000103
2661.759818,-0.000104
2663.688630,-0.000119
2665.617441,-0.000135
2667.546253,-0.000118
2669.475064,-0.000165
2671.403875,-0.000213
2673.332687,-0.000153
2675.261498,-0.000077
2677.190310,-0.000094
2679.119121,-0.000146
2681.047933,-0.000125
2682.976744,-0.000109
2684.905556,-0.000153
2686.834367,-0.000166
2688.763179,-0.000143
2690.691990,-0.000133
2692.620802,-0.000122
2694.549613,-0.000120
2696.478424,-0.000131
2698.407236,-0.000108
2700.336047,-0.000088
2702.264859,-0.000101
2704.193670,-0.000105
2706.122482,-0.000119
2708.051293,-0.000128
2709.980105,-0.000103
2711.908916,-0.000087
2713.837728,-0.000085
2715.766539,-0.000072
2717.695351,-0.000066
2719.624162,-0.000084
2721.552973,-0.000075
2723.481785,-0.000005
2725.410596,0.000028
2727.339408,-0.000010
2729.268219,-0.000063
2731.197031,-0.000128
2733.125842,-0.000169
2735.054654,-0.000120
2736.983465,-0.000048
2738.912277,-0.000057
2740.841088,-0.000099
2742.769900,-0.000101
2744.698711,-0.000130
2746.627522,-0.000145
2748.556334,-0.000097
2750.485145,-0.000110
2752.413957,-0.000113
2754.342768,-0.000024
2756.271580,-0.000004
2758.200391,-0.000070
2760.129203,-0.000112
2762.058014,-0.000099
2763.986826,-0.000066
2765.915637,-0.000053
2767.844449,-0.000046
2769.773260,-0.000033
2771.702071,-0.000057
2773.630883,-0.000104
2775.559694,-0.000074
2777.488506,-0.000026
2779.417317,-0.000046
2781.346129,-0.000081
2783.274940,-0.000093
2785.203752,-0.000063
2787.132563,-0.000057
2789.061375,-0.000086
2790.990186,-0.000078
2792.918998,-0.000088
2794.847809,-0.000128
2796.776620,-0.000139
2798.705432,-0.000113
2800.634243,-0.000089
2802.563055,-0.000069
2804.491866,-0.000057
2806.420678,-0.000128
2808.349489,-0.000183
2810.278301,-0.000108
2812.207112,-0.000017
2814.135924,0.000014
2816.064735,0.000001
2817.993547,-0.000038
2819.922358,-0.000065
2821.851169,-0.000045
2823.779981,-0.000041
2825.708792,-0.000034
2827.637604,0.000030
2829.566415,0.000015
2831.495227,-0.000023
2833.424038,0.000041
2835.352850,0.000058
2837.281661,0.000035
2839.210473,0.000078
2841.139284,0.000122
2843.068096,0.000188
2844.996907,0.000301
2846.925719,0.000413
2848.854530,0.000512
2850.783341,0.000620
2852.712153,0.000764
2854.640964,0.000928
2856.569776,0.001159
2858.498587,0.001468
2860.427399,0.001826
2862.356210,0.002283
2864.285022,0.002775
2866.213833,0.003324
2868.142645,0.003951
2870.071456,0.004542
2872.000268,0.005229
2873.929079,0.006092
2875.857890,0.007087
2877.786702,0.008195
2879.715513,0.009233
2881.644325,0.010167
2883.573136,0.011013
2885.501948,0.011632
2887.430759,0.012094
2889.359571,0.012431
2891.288382,0.012517
2893.217194,0.012328
2895.146005,0.011831
2897.074817,0.011155
2899.003628,0.010337
2900.932439,0.009324
2902.861251,0.008218
2904.790062,0.006820
2906.718874,0.006271
2908.647685,0.008429
2910.576497,0.012215
2912.505308,0.015573
2914.434120,0.018100
2916.362931,0.019585
2918.291743,0.019815
2920.220554,0.018908
2922.149366,0.016994
2924.078177,0.014329
2926.006988,0.011298
2927.935800,0.008254
2929.864611,0.005513
2931.793423,0.003336
2933.722234,0.001754
2935.651046,0.000762
2937.579857,0.000287
2939.508669,0.000077
2941.437480,0.000004
2943.366292,0.000030
2945.295103,0.000065
2947.223915,0.000040
2949.152726,0.000001
2951.081537,0.000059
2953.010349,0.000179
2954.939160,0.000247
2956.867972,0.000243
2958.796783,0.000238
2960.725595,0.000241
2962.654406,0.000216
2964.583218,0.000220
2966.512029,0.000264
2968.440841,0.000253
2970.369652,0.000229
2972.298464,0.000235
2974.227275,0.000235
2976.156086,0.000277
2978.084898,0.000290
2980.013709,0.000237
2981.942521,0.000204
2983.871332,0.000140
2985.800144,0.000116
2987.728955,0.000145
2989.657767,0.000062
2991.586578,-0.000008
2993.515390,0.000031
2995.444201,0.000044
2997.373013,0.000044
2999.301824,0.000061
3001.230635,0.000060
3003.159447,0.000071
3005.088258,0.000091
3007.017070,0.000085
3008.945881,0.000055
3010.874693,0.000051
3012.803504,0.000086
3014.732316,0.000090
3016.661127,0.000092
3018.589939,0.000132
3020.518750,0.000131
3022.447562,0.000087
3024.376373,0.000018
3026.305185,-0.000043
3028.233996,0.000004
3030.162807,0.000093
3032.091619,0.000109
3034.020430,0.000076
3035.949242,0.000057
3037.878053,0.000071
3039.806865,0.000073
3041.735676,0.000081
3043.664488,0.000155
3045.593299,0.000238
3047.522111,0.000212
3049.450922,0.000101
3051.379734,0.000107
3053.308545,0.000177
3055.237356,0.000121
3057.166168,0.000001
3059.094979,-0.000030
3061.023791,0.000008
3062.952602,0.000021
3064.881414,0.000018
3066.810225,0.000054
3068.739037,0.000040
3070.667848,-0.000027
3072.596660,-0.000031
3074.525471,-0.000001
3076.454283,0.000021
3078.383094,0.000018
3080.311905,-0.000031
3082.240717,-0.000066
3084.169528,-0.000063
3086.098340,-0.000052
3088.027151,-0.000050
3089.955963,-0.000094
3091.884774,-0.000131
3093.813586,-0.000103
3095.742397,-0.000040
3097.671209,0.000011
3099.600020,-0.000025
3101.528832,-0.000091
3103.457643,-0.000063
3105.386454,-0.000036
3107.315266,-0.000090
3109.244077,-0.000115
3111.172889,-0.000093
3113.101700,-0.000076
3115.030512,-0.000024
3116.959323,0.000040
3118.888135,0.000005
3120.816946,-0.000105
3122.745758,-0.000171
3124.674569,-0.000149
3126.603381,-0.000076
3128.532192,-0.000068
3130.461003,-0.000119
3132.389815,-0.000110
3134.318626,-0.000111
3136.247438,-0.000166
3138.176249,-0.000199
3140.105061,-0.000178
3142.033872,-0.000111
3143.962684,-0.000046
3145.891495,-0.000024
3147.820307,-0.000041
3149.749118,-0.000065
3151.677930,-0.000123
3153.606741,-0.000173
3155.535552,-0.000136
3157.464364,-0.000090
3159.393175,-0.000038
3161.321987,-0.000052
3163.250798,-0.000146
3165.179610,-0.000095
3167.108421,-0.000020
3169.037233,0.000009
3170.966044,0.000092
3172.894856,0.000074
3174.823667,0.000041
3176.752479,0.000089
3178.681290,0.000077
3180.610102,0.000059
3182.538913,0.000052
3184.467724,0.000068
3186.396536,0.000162
3188.325347,0.000169
3190.254159,0.000053
3192.182970,0.000012
3194.111782,0.000099
3196.040593,0.000210
3197.969405,0.000272
3199.898216,0.000292
3201.827028,0.000282
3203.755839,0.000219
3205.684651,0.000152
3207.613462,0.000182
3209.542273,0.000276
3211.471085,0.000297
3213.399896,0.000215
3215.328708,0.000187
3217.257519,0.000272
3219.186331,0.000338
3221.115142,0.000416
3223.043954,0.000450
3224.972765,0.000329
3226.901577,0.000293
3228.830388,0.000363
3230.759200,0.000349
3232.688011,0.000333
3234.616822,0.000390
3236.545634,0.000475
3238.474445,0.000503
3240.403257,0.000457
3242.332068,0.000421
3244.260880,0.000413
3246.189691,0.000411
3248.118503,0.000451
3250.047314,0.000529
3251.976126,0.000514
3253.904937,0.000440
3255.833749,0.000456
3257.762560,0.000417
3259.691371,0.000248
3261.620183,0.000188
3263.548994,0.000342
3265.477806,0.000496
3267.406617,0.000451
3269.335429,0.000349
3271.264240,0.000375
3273.193052,0.000400
3275.121863,0.000305
3277.050675,0.000229
3278.979486,0.000326
3280.908298,0.000410
3282.837109,0.000300
3284.765920,0.000243
3286.694732,0.000331
3288.623543,0.000333
3290.552355,0.000242
3292.481166,0.000163
3294.409978,0.000084
3296.338789,0.000063
3298.267601,0.000112
3300.196412,0.000103
3302.125224,0.000065
3304.054035,0.000094
3305.982847,0.000167
3307.911658,0.000177
3309.840469,0.000125
3311.769281,0.000137
3313.698092,0.000155
3315.626904,0.000097
3317.555715,-0.000024
3319.484527,-0.000106
3321.413338,-0.000033
3323.342150,0.000031
3325.270961,0.000079
3327.199773,0.000129
3329.128584,0.000056
3331.057396,-0.000002
3332.986207,-0.000011
3334.915018,0.000040
3336.843830,0.000209
3338.772641,0.000305
3340.701453,0.000240
3342.630264,0.000188
3344.559076,0.000378
3346.487887,0.000603
3348.416699,0.000527
3350.345510,0.000474
3352.274322,0.000574
3354.203133,0.000589
3356.131945,0.000565
3358.060756,0.000479
3359.989568,0.000484
3361.918379,0.000637
3363.847190,0.000610
3365.776002,0.000530
3367.704813,0.000577
3369.633625,0.000681
3371.562436,0.000666
3373.491248,0.000420
3375.420059,0.000331
3377.348871,0.000435
3379.277682,0.000476
3381.206494,0.000553
3383.135305,0.000625
3385.064117,0.000665
3386.992928,0.000667
3388.921739,0.000692
3390.850551,0.000780
3392.779362,0.000696
3394.708174,0.000593
3396.636985,0.000614
3398.565797,0.000619
3400.494608,0.000626
3402.423420,0.000598
3404.352231,0.000597
3406.281043,0.000625
3408.209854,0.000626
3410.138666,0.000674
3412.067477,0.000585
3413.996288,0.000380
3415.925100,0.000344
3417.853911,0.000358
3419.782723,0.000196
3421.711534,0.000028
3423.640346,-0.000009
3425.569157,-0.000059
3427.497969,-0.000073
3429.426780,0.000006
3431.355592,0.000040
3433.284403,0.000132
3435.213215,0.000240
3437.142026,0.000184
3439.070837,0.000062
3440.999649,0.000071
3442.928460,0.000064
3444.857272,0.000127
3446.786083,0.000371
3448.714895,0.000416
3450.643706,0.000316
3452.572518,0.000329
3454.501329,0.000342
3456.430141,0.000356
3458.358952,0.000248
3460.287764,0.000073
3462.216575,0.000092
3464.145386,0.000087
3466.074198,0.000055
3468.003009,0.000198
3469.931821,0.000289
3471.860632,0.000154
3473.789444,-0.000084
3475.718255,-0.000153
3477.647067,-0.000019
3479.575878,-0.000043
3481.504690,-0.000216
3483.433501,-0.000202
3485.362313,-0.000069
3487.291124,-0.000067
3489.219935,-0.000153
3491.148747,-0.000112
3493.077558,0.000032
3495.006370,-0.000025
3496.935181,-0.000161
3498.863993,-0.000010
3500.792804,0.000128
3502.721616,-0.000036
3504.650427,-0.000235
3506.579239,-0.000256
3508.508050,-0.000163
3510.436862,-0.000060
3512.365673,0.000055
3514.294484,0.000026
3516.223296,-0.000159
3518.152107,-0.000179
3520.080919,-0.000092
3522.009730,-0.000112
3523.938542,-0.000066
3525.867353,0.000102
3527.796165,0.000040
3529.724976,-0.000206
3531.653788,-0.000171
3533.582599,0.000072
3535.511411,0.000214
3537.440222,0.000247
3539.369034,0.000285
3541.297845,0.000250
3543.226656,0.000060
3545.155468,0.000002
3547.084279,0.000150
3549.013091,0.000387
3550.941902,0.000567
3552.870714,0.000774
3554.799525,0.001123
3556.728337,0.001366
3558.657148,0.001572
3560.585960,0.002023
3562.514771,0.002435
3564.443583,0.002816
3566.372394,0.003131
3568.301205,0.003354
3570.230017,0.003929
3572.158828,0.004471
3574.087640,0.004692
3576.016451,0.004736
3577.945263,0.004530
3579.874074,0.004360
3581.802886,0.004170
3583.731697,0.003762
3585.660509,0.003386
3587.589320,0.003615
3589.518132,0.004366
3591.446943,0.004088
3593.375754,0.003102
3595.304566,0.003132
3597.233377,0.003892
3599.162189,0.004565
3601.091000,0.005054
3603.019812,0.005398
3604.948623,0.005585
3606.877435,0.005295
3608.806246,0.004728
3610.735058,0.004307
3612.663869,0.003931
3614.592681,0.003588
3616.521492,0.003196
3618.450303,0.002586
3620.379115,0.002151
3622.307926,0.002071
3624.236738,0.002020
3626.165549,0.001797
3628.094361,0.001196
3630.023172,0.000856
3631.951984,0.001227
3633.880795,0.001423
3635.809607,0.001407
3637.738418,0.001580
3639.667230,0.001608
3641.596041,0.001395
3643.524852,0.001159
3645.453664,0.000789
3647.382475,0.000324
3649.311287,-0.000070
3651.240098,-0.000108
3653.168910,0.000412
3655.097721,0.000718
3657.026533,0.000607
3658.955344,0.000773
3660.884156,0.000960
3662.812967,0.000888
3664.741779,0.000807
3666.670590,0.000696
3668.599401,0.000220
3670.528213,-0.000399
3672.457024,-0.000278
3674.385836,-0.000129
3676.314647,-0.000419
3678.243459,-0.000178
3680.172270,0.000323
3682.101082,0.000507
3684.029893,0.000549
3685.958705,0.000436
3687.887516,0.000029
3689.816328,-0.000270
3691.745139,0.000035
3693.673951,0.000476
3695.602762,0.000624
3697.531573,0.000684
3699.460385,0.000706
3701.389196,0.000488
3703.318008,0.000351
3705.246819,0.000504
3707.175631,0.000464
3709.104442,0.000240
3711.033254,0.000059
3712.962065,0.000026
3714.890877,0.000326
3716.819688,0.000628
3718.748500,0.000752
3720.677311,0.000718
3722.606122,0.000674
3724.534934,0.000750
3726.463745,0.000644
3728.392557,0.000607
3730.321368,0.000696
3732.250180,0.000371
3734.178991,0.000021
3736.107803,0.000082
3738.036614,0.000250
3739.965426,0.000589
3741.894237,0.000862
3743.823049,0.000312
3745.751860,-0.000288
3747.680671,0.000162
3749.609483,0.000380
3751.538294,0.000179
3753.467106,0.000460
3755.395917,0.000932
3757.324729,0.001124
3759.253540,0.001055
3761.182352,0.001192
3763.111163,0.001417
3765.039975,0.001361
3766.968786,0.001321
3768.897598,0.001248
3770.826409,0.001173
3772.755220,0.001310
3774.684032,0.001357
3776.612843,0.001333
3778.541655,0.001275
3780.470466,0.001233
3782.399278,0.001390
3784.328089,0.001448
3786.256901,0.001363
3788.185712,0.001393
3790.114524,0.001414
3792.043335,0.001375
3793.972147,0.001270
3795.900958,0.000908
3797.829769,0.000718
3799.758581,0.000725
3801.687392,0.000333
3803.616204,0.000334
3805.545015,0.000682
3807.473827,0.000648
3809.402638,0.000773
3811.331450,0.001008
3813.260261,0.001003
3815.189073,0.000598
3817.117884,0.000189
3819.046696,0.000319
3820.975507,0.000178
3822.904318,0.000193
3824.833130,0.000694
3826.761941,0.000819
3828.690753,0.000857
3830.619564,0.000737
3832.548376,0.000331
3834.477187,0.000295
3836.405999,0.000348
3838.334810,0.000134
3840.263622,0.000116
3842.192433,0.000331
3844.121245,0.000458
3846.050056,0.000600
3847.978867,0.000736
3849.907679,0.000634
3851.836490,0.000261
3853.765302,-0.000342
3855.694113,-0.000415
3857.622925,0.000143
3859.551736,0.000499
3861.480548,0.000476
3863.409359,0.000211
3865.338171,0.000007
3867.266982,0.000140
3869.195794,0.000110
3871.124605,-0.000003
3873.053417,0.000259
3874.982228,0.000458
3876.911039,0.000613
3878.839851,0.000599
3880.768662,0.000176
3882.697474,0.000183
3884.626285,0.000331
3886.555097,0.000101
3888.483908,0.000252
3890.412720,0.000376
3892.341531,0.000118
3894.270343,0.000190
3896.199154,0.000345
3898.127966,0.000130
3900.056777,-0.000137
3901.985588,-0.000177
3903.914400,-0.000165
3905.843211,-0.000096
3907.772023,0.000211
3909.700834,0.000502
3911.629646,0.000584
3913.558457,0.000555
3915.487269,0.000447
3917.416080,0.000333
3919.344892,0.000262
3921.273703,0.000244
3923.202515,0.000206
3925.131326,0.000078
3927.060137,0.000050
3928.988949,0.000144
3930.917760,0.000174
3932.846572,0.000183
3934.775383,0.000297
3936.704195,0.000378
3938.633006,0.000356
3940.561818,0.000337
3942.490629,0.000220
3944.419441,0.000143
3946.348252,0.000237
3948.277064,0.000202
3950.205875,0.000084
3952.134686,0.000067
3954.063498,0.000090
3955.992309,0.000111
3957.921121,0.000109
3959.849932,0.000085
3961.778744,0.000004
3963.707555,-0.000019
3965.636367,0.000079
3967.565178,0.000076
3969.493990,0.000011
3971.422801,0.000006
3973.351613,-0.000005
3975.280424,-0.000003
3977.209235,0.000055
3979.138047,0.000089
3981.066858,0.000109
3982.995670,0.000118
3984.924481,0.000043
3986.853293,-0.000025
3988.782104,-0.000025
3990.710916,-0.000031
3992.639727,-0.000055
3994.568539,-0.000067
3996.497350,0.000004
3998.426162,0.000086
4000.354973,0.000062
