898.826141,0.000598
900.754953,0.000966
902.683764,0.001060
904.612576,0.000627
906.541387,0.000157
908.470199,0.000240
910.399010,0.000301
912.327822,0.000080
914.256633,-0.000490
916.185445,-0.000436
918.114256,0.000120
920.043068,-0.000324
921.971879,-0.000632
923.900690,-0.000114
925.829502,0.000162
927.758313,0.000229
929.687125,0.000351
931.615936,0.001048
933.544748,0.001655
935.473559,0.000677
937.402371,-0.000600
939.331182,-0.000634
941.259994,-0.000050
943.188805,0.000418
945.117617,0.000477
947.046428,0.000149
948.975240,0.000009
950.904051,0.000128
952.832862,0.000163
954.761674,0.000186
956.690485,0.000221
958.619297,0.000203
960.548108,0.000206
962.476920,0.000136
964.405731,0.000026
966.334543,0.000164
968.263354,0.000463
970.192166,0.000336
972.120977,-0.000073
974.049789,-0.000080
975.978600,0.000007
977.907411,-0.000075
979.836223,-0.000097
981.765034,-0.000174
983.693846,-0.000122
985.622657,0.000106
987.551469,0.000114
989.480280,-0.000004
991.409092,-0.000027
993.337903,0.000026
995.266715,0.000105
997.195526,0.000112
999.124338,0.000024
1001.053149,-0.000033
1002.981960,-0.000018
1004.910772,-0.000021
1006.839583,-0.000046
1008.768395,-0.000073
1010.697206,-0.000137
1012.626018,-0.000198
1014.554829,-0.000164
1016.483641,-0.000105
1018.412452,-0.000099
1020.341264,-0.000097
1022.270075,-0.000093
1024.198887,0.000055
1026.127698,0.000218
1028.056509,0.000131
1029.985321,0.000148
1031.914132,0.000329
1033.842944,0.000350
1035.771755,0.000329
1037.700567,0.000351
1039.629378,0.000445
1041.558190,0.000568
1043.487001,0.000470
1045.415813,0.000329
1047.344624,0.000345
1049.273436,0.000300
1051.202247,0.000165
1053.131058,0.000026
1055.059870,-0.000087
1056.988681,-0.000063
1058.917493,0.000038
1060.846304,0.000014
1062.775116,-0.000056
1064.703927,-0.000052
1066.632739,-0.000021
1068.561550,-0.000021
1070.490362,-0.000019
1072.419173,0.000043
1074.347985,0.000089
1076.276796,0.000032
1078.205607,-0.000002
1080.134419,0.000056
1082.063230,0.000091
1083.992042,0.000109
1085.920853,0.000126
1087.849665,0.000070
1089.778476,0.000041
1091.707288,0.000119
1093.636099,0.000160
1095.564911,0.000114
1097.493722,0.000104
1099.422534,0.000156
1101.351345,0.000146
1103.280156,0.000051
1105.208968,-0.000010
1107.137779,0.000013
1109.066591,0.000058
1110.995402,0.000041
1112.924214,0.000005
1114.853025,0.000015
1116.781837,0.000047
1118.710648,0.000080
1120.639460,0.000116
1122.568271,0.000158
1124.497083,0.000134
1126.425894,0.000077
1128.354706,0.000107
1130.283517,0.000138
1132.212328,0.000115
1134.141140,0.000075
1136.069951,0.000005
1137.998763,-0.000031
1139.927574,0.000016
1141.856386,0.000014
1143.785197,-0.000031
1145.714009,-0.000051
1147.642820,-0.000075
1149.571632,-0.000069
1151.500443,-0.000020
1153.429255,0.000008
1155.358066,0.000008
1157.286877,-0.000022
1159.215689,-0.000018
1161.144500,0.000037
1163.073312,0.000066
1165.002123,0.000098
1166.930935,0.000086
1168.859746,0.000021
1170.788558,0.000021
1172.717369,0.000010
1174.646181,-0.000039
1176.574992,-0.000050
1178.503804,-0.000051
1180.432615,0.000004
1182.361426,0.000057
1184.290238,0.000011
1186.219049,-0.000011
1188.147861,0.000037
1190.076672,0.000089
1192.005484,0.000140
1193.934295,0.000170
1195.863107,0.000136
1197.791918,0.000068
1199.720730,0.000002
1201.649541,-0.000026
1203.578353,-0.000027
1205.507164,-0.000062
1207.435975,-0.000075
1209.364787,-0.000061
1211.293598,-0.000009
1213.222410,0.000103
1215.151221,0.000269
1217.080033,0.000497
1219.008844,0.000664
1220.937656,0.000882
1222.866467,0.001178
1224.795279,0.001479
1226.724090,0.001972
1228.652902,0.002545
1230.581713,0.003197
1232.510524,0.004135
1234.439336,0.005073
1236.368147,0.006097
1238.296959,0.007492
1240.225770,0.008879
1242.154582,0.010432
1244.083393,0.012289
1246.012205,0.014068
1247.941016,0.015901
1249.869828,0.017528
1251.798639,0.018548
1253.727451,0.018121
1255.656262,0.016499
1257.585073,0.015165
1259.513885,0.014574
1261.442696,0.017644
1263.371508,0.021862
1265.300319,0.019676
1267.229131,0.016219
1269.157942,0.017477
1271.086754,0.019327
1273.015565,0.019598
1274.944377,0.018899
1276.873188,0.017484
1278.802000,0.015993
1280.730811,0.014615
1282.659622,0.013184
1284.588434,0.011649
1286.517245,0.010269
1288.446057,0.008904
1290.374868,0.007732
1292.303680,0.006937
1294.232491,0.006128
1296.161303,0.005552
1298.090114,0.005279
1300.018926,0.005024
1301.947737,0.004864
1303.876549,0.004772
1305.805360,0.004677
1307.734172,0.004718
1309.662983,0.004814
1311.591794,0.004688
1313.520606,0.004453
1315.449417,0.004222
1317.378229,0.004013
1319.307040,0.003799
1321.235852,0.003508
1323.164663,0.003480
1325.093475,0.003547
1327.022286,0.003238
1328.951098,0.002887
1330.879909,0.002677
1332.808721,0.002468
1334.737532,0.002366
1336.666343,0.002238
1338.595155,0.002042
1340.523966,0.001981
1342.452778,0.001870
1344.381589,0.001654
1346.310401,0.001429
1348.239212,0.001102
1350.168024,0.000801
1352.096835,0.000630
1354.025647,0.000512
1355.954458,0.000447
1357.883270,0.000341
1359.812081,0.000062
1361.740892,-0.000234
1363.669704,-0.000195
1365.598515,-0.000031
1367.527327,-0.000058
1369.456138,-0.000038
1371.384950,0.000095
1373.313761,-0.000006
1375.242573,0.000038
1377.171384,0.000431
1379.100196,0.000692
1381.029007,0.000798
1382.957819,0.000952
1384.886630,0.000975
1386.815441,0.000892
1388.744253,0.001118
1390.673064,0.001439
1392.601876,0.001341
1394.530687,0.001146
1396.459499,0.001254
1398.388310,0.001350
1400.317122,0.001577
1402.245933,0.001847
1404.174745,0.001728
1406.103556,0.001675
1408.032368,0.001853
1409.961179,0.001872
1411.889990,0.001820
1413.818802,0.001853
1415.747613,0.001701
1417.676425,0.001069
1419.605236,0.000778
1421.534048,0.001183
1423.462859,0.001343
1425.391671,0.001397
1427.320482,0.001428
1429.249294,0.001200
1431.178105,0.001242
1433.106917,0.001363
1435.035728,0.000769
1436.964539,0.000287
1438.893351,0.000810
1440.822162,0.001149
1442.750974,0.001128
1444.679785,0.001100
1446.608597,0.000875
1448.537408,0.000810
1450.466220,0.000928
1452.395031,0.000798
1454.323843,0.000156
1456.252654,-0.001048
1458.181466,-0.001083
1460.110277,0.000192
1462.039089,0.000666
1463.967900,0.000225
1465.896711,0.000214
1467.825523,0.000705
1469.754334,0.000444
1471.683146,-0.000470
1473.611957,-0.000632
1475.540769,-0.000116
1477.469580,0.000383
1479.398392,0.000690
1481.327203,0.000764
1483.256015,0.000844
1485.184826,0.000741
1487.113638,0.000276
1489.042449,-0.000113
1490.971260,0.000207
1492.900072,0.000823
1494.828883,0.000728
1496.757695,0.000316
1498.686506,0.000541
1500.615318,0.001085
1502.544129,0.001332
1504.472941,0.000412
1506.401752,-0.001075
1508.330564,-0.000398
1510.259375,0.000828
1512.188187,0.001298
1514.116998,0.001275
1516.045809,0.000856
1517.974621,0.000611
1519.903432,0.000296
1521.832244,0.000037
1523.761055,0.000657
1525.689867,0.001125
1527.618678,0.001437
1529.547490,0.001919
1531.476301,0.001736
1533.405113,0.001353
1535.333924,0.001788
1537.262736,0.001604
1539.191547,0.000218
1541.120358,-0.000061
1543.049170,0.000918
1544.977981,0.001832
1546.906793,0.002571
1548.835604,0.002840
1550.764416,0.003044
1552.693227,0.003233
1554.622039,0.003357
1556.550850,0.003112
1558.479662,0.002914
1560.408473,0.005858
1562.337285,0.009511
1564.266096,0.012456
1566.194907,0.015861
1568.123719,0.019618
1570.052530,0.025190
1571.981342,0.032596
1573.910153,0.039881
1575.838965,0.049935
1577.767776,0.063633
1579.696588,0.078040
1581.625399,0.094435
1583.554211,0.112915
1585.483022,0.133219
1587.411834,0.155138
1589.340645,0.178285
1591.269456,0.201904
1593.198268,0.223296
1595.127079,0.240767
1597.055891,0.252830
1598.984702,0.259566
1600.913514,0.260317
1602.842325,0.255435
1604.771137,0.247145
1606.699948,0.234331
1608.628760,0.218032
1610.557571,0.197385
1612.486383,0.175348
1614.415194,0.152383
1616.344005,0.130710
1618.272817,0.149611
1620.201628,0.208780
1622.130440,0.272435
1624.059251,0.319667
1625.988063,0.344975
1627.916874,0.355103
1629.845686,0.348830
1631.774497,0.325439
1633.703309,0.290960
1635.632120,0.243586
1637.560932,0.199398
1639.489743,0.164256
1641.418555,0.125784
1643.347366,0.090979
1645.276177,0.063782
1647.204989,0.039971
1649.133800,0.025184
1651.062612,0.015649
1652.991423,0.006692
1654.920235,0.003818
1656.849046,0.003869
1658.777858,0.003048
1660.706669,0.001862
1662.635481,0.000796
1664.564292,0.000547
1666.493104,0.000436
1668.421915,-0.000454
1670.350726,-0.000287
1672.279538,0.000730
1674.208349,0.001407
1676.137161,0.002497
1678.065972,0.004121
1679.994784,0.005284
1681.923595,0.005513
1683.852407,0.005326
1685.781218,0.006072
1687.710030,0.006748
1689.638841,0.006218
1691.567653,0.005457
1693.496464,0.003875
1695.425275,0.003570
1697.354087,0.008359
1699.282898,0.009334
1701.211710,0.003518
1703.140521,0.002147
1705.069333,0.004433
1706.998144,0.007099
1708.926956,0.009931
1710.855767,0.011958
1712.784579,0.012549
1714.713390,0.011932
1716.642202,0.010773
1718.571013,0.010127
1720.499824,0.010030
1722.428636,0.009519
1724.357447,0.008544
1726.286259,0.007738
1728.215070,0.006893
1730.143882,0.006218
1732.072693,0.005614
1734.001505,0.005253
1735.930316,0.006403
1737.859128,0.007489
1739.787939,0.007913
1741.716751,0.008464
1743.645562,0.008850
1745.574373,0.008735
1747.503185,0.008332
1749.431996,0.007920
1751.360808,0.008085
1753.289619,0.008727
1755.218431,0.008873
1757.147242,0.008605
1759.076054,0.008105
1761.004865,0.006777
1762.933677,0.005292
1764.862488,0.004239
1766.791300,0.002852
1768.720111,0.001461
1770.648922,0.000285
1772.577734,-0.000528
1774.506545,-0.000282
1776.435357,0.000133
1778.364168,0.000114
1780.292980,0.000015
1782.221791,0.000132
1784.150603,0.000290
1786.079414,0.000441
1788.008226,0.000618
1789.937037,0.000346
1791.865849,-0.000201
1793.794660,-0.000011
1795.723471,0.000483
1797.652283,0.000604
1799.581094,0.000496
1801.509906,0.000579
1803.438717,0.000898
1805.367529,0.001191
1807.296340,0.001327
1809.225152,0.001288
1811.153963,0.001361
1813.082775,0.001715
1815.011586,0.002014
1816.940398,0.002173
1818.869209,0.002379
1820.798021,0.002625
1822.726832,0.002726
1824.655643,0.002791
1826.584455,0.002986
1828.513266,0.003022
1830.442078,0.003193
1832.370889,0.003836
1834.299701,0.004332
1836.228512,0.004581
1838.157324,0.004860
1840.086135,0.005085
1842.014947,0.005140
1843.943758,0.005050
1845.872570,0.005202
1847.801381,0.005513
1849.730192,0.005622
1851.659004,0.005621
1853.587815,0.005557
1855.516627,0.005386
1857.445438,0.005112
1859.374250,0.004841
1861.303061,0.004493
1863.231873,0.003947
1865.160684,0.003181
1867.089496,0.002181
1869.018307,0.001403
1870.947119,0.001038
1872.875930,0.001900
1874.804741,0.003615
1876.733553,0.002957
1878.662364,0.001015
1880.591176,0.001138
1882.519987,0.002161
1884.448799,0.003014
1886.377610,0.003944
1888.306422,0.004646
1890.235233,0.005345
1892.164045,0.006072
1894.092856,0.006675
1896.021668,0.007174
1897.950479,0.007556
1899.879290,0.007823
1901.808102,0.007942
1903.736913,0.007961
1905.665725,0.007869
1907.594536,0.007674
1909.523348,0.007437
1911.452159,0.007165
1913.380971,0.006877
1915.309782,0.006342
1917.238594,0.005544
1919.167405,0.005090
1921.096217,0.004874
1923.025028,0.004430
1924.953839,0.004055
1926.882651,0.003733
1928.811462,0.003254
1930.740274,0.002772
1932.669085,0.002343
1934.597897,0.001955
1936.526708,0.001601
1938.455520,0.001304
1940.384331,0.000976
1942.313143,0.000652
1944.241954,0.000532
1946.170766,0.000472
1948.099577,0.000387
1950.028388,0.000344
1951.957200,0.000293
1953.886011,0.000208
1955.814823,0.000156
1957.743634,0.000184
1959.672446,0.000180
1961.601257,0.000135
1963.530069,0.000110
1965.458880,0.000033
1967.387692,-0.000033
1969.316503,-0.000028
1971.245315,0.000021
1973.174126,0.000068
1975.102938,0.000053
1977.031749,0.000042
1978.960560,0.000102
1980.889372,0.000135
1982.818183,0.000123
1984.746995,0.000118
1986.675806,0.000067
1988.604618,-0.000023
1990.533429,-0.000098
1992.462241,-0.000117
1994.391052,-0.000035
1996.319864,0.000046
1998.248675,0.000061
2000.177487,0.000078
2002.106298,0.000056
2004.035109,0.000020
2005.963921,0.000071
2007.892732,0.000124
2009.821544,0.000107
2011.750355,0.000056
2013.679167,-0.000005
2015.607978,-0.000050
2017.536790,-0.000038
2019.465601,0.000025
2021.394413,0.000070
2023.323224,0.000073
2025.252036,0.000064
2027.180847,0.000059
2029.109658,0.000044
2031.038470,0.000000
2032.967281,-0.000012
2034.896093,-0.000009
2036.824904,-0.000048
2038.753716,-0.000027
2040.682527,0.000019
2042.611339,-0.000021
2044.540150,-0.000046
2046.468962,-0.000017
2048.397773,-0.000013
2050.326585,-0.000036
2052.255396,-0.000033
2054.184207,-0.000022
2056.113019,-0.000011
2058.041830,0.000025
2059.970642,0.000029
2061.899453,0.000012
2063.828265,-0.000015
2065.757076,-0.000068
2067.685888,-0.000043
2069.614699,0.000010
2071.543511,0.000007
2073.472322,-0.000002
2075.401134,-0.000039
2077.329945,-0.000082
2079.258756,-0.000053
2081.187568,0.000011
2083.116379,0.000021
2085.045191,0.000007
2086.974002,0.000028
2088.902814,0.000043
2090.831625,0.000021
2092.760437,-0.000008
2094.689248,-0.000004
2096.618060,-0.000019
2098.546871,-0.000053
2100.475683,-0.000002
2102.404494,0.000075
2104.333305,0.000092
2106.262117,0.000073
2108.190928,0.000045
2110.119740,0.000051
2112.048551,0.000092
2113.977363,0.000096
2115.906174,0.000071
2117.834986,0.000085
2119.763797,0.000104
2121.692609,0.000074
2123.621420,0.000047
2125.550232,0.000065
2127.479043,0.000065
2129.407854,0.000042
2131.336666,0.000040
2133.265477,0.000019
2135.194289,-0.000037
2137.123100,-0.000074
2139.051912,-0.000075
2140.980723,-0.000085
2142.909535,-0.000087
2144.838346,-0.000052
2146.767158,-0.000067
2148.695969,-0.000091
2150.624781,-0.000052
2152.553592,-0.000029
2154.482404,-0.000008
2156.411215,0.000040
2158.340026,0.000060
2160.268838,0.000038
2162.197649,0.000017
2164.126461,0.000028
2166.055272,0.000043
2167.984084,0.000063
2169.912895,0.000120
2171.841707,0.000198
2173.770518,0.000243
2175.699330,0.000234
2177.628141,0.000226
2179.556953,0.000252
2181.485764,0.000261
2183.414575,0.000257
2185.343387,0.000308
2187.272198,0.000408
2189.201010,0.000499
2191.129821,0.000570
2193.058633,0.000627
2194.987444,0.000685
2196.916256,0.000775
2198.845067,0.000877
2200.773879,0.000957
2202.702690,0.001041
2204.631502,0.001139
2206.560313,0.001185
2208.489124,0.001192
2210.417936,0.001234
2212.346747,0.001256
2214.275559,0.001212
2216.204370,0.001104
2218.133182,0.000915
2220.061993,0.000684
2221.990805,0.000463
2223.919616,0.000383
2225.848428,0.000573
2227.777239,0.000910
2229.706051,0.001211
2231.634862,0.001439
2233.563673,0.001609
2235.492485,0.001713
2237.421296,0.001726
2239.350108,0.001669
2241.278919,0.001554
2243.207731,0.001330
2245.136542,0.001075
2247.065354,0.000890
2248.994165,0.000682
2250.922977,0.000458
2252.851788,0.000290
2254.780600,0.000150
2256.709411,0.000070
2258.638222,0.000021
2260.567034,-0.000025
2262.495845,-0.000012
2264.424657,0.000013
2266.353468,0.000022
2268.282280,0.000022
2270.211091,0.000019
2272.139903,0.000044
2274.068714,0.000065
2275.997526,0.000074
2277.926337,0.000098
2279.855149,0.000122
2281.783960,0.000123
2283.712771,0.000115
2285.641583,0.000116
2287.570394,0.000080
2289.499206,0.000018
2291.428017,-0.000008
2293.356829,-0.000031
2295.285640,0.000064
2297.214452,0.000167
2299.143263,0.000213
2301.072075,0.000205
2303.000886,0.000232
2304.929698,0.000300
2306.858509,0.000365
2308.787320,0.000340
2310.716132,0.000205
2312.644943,0.000057
2314.573755,-0.000136
2316.502566,-0.000407
2318.431378,-0.000203
2320.360189,0.000014
2322.289001,0.000228
2324.217812,0.000472
2326.146624,0.000315
2328.075435,0.000169
2330.004247,0.000045
2331.933058,0.000037
2333.861870,0.000062
2335.790681,0.000035
2337.719492,0.000107
2339.648304,0.000318
2341.577115,0.000659
2343.505927,0.001183
2345.434738,0.002031
2347.363550,0.003138
2349.292361,0.003630
2351.221173,0.002959
2353.149984,0.001828
2355.078796,0.000954
2357.007607,0.000389
2358.936419,0.000154
2360.865230,0.000204
2362.794041,-0.000203
2364.722853,-0.000396
2366.651664,-0.000473
2368.580476,-0.000412
2370.509287,-0.000229
2372.438099,0.000039
2374.366910,0.000381
2376.295722,0.000680
2378.224533,0.000837
2380.153345,0.000852
2382.082156,0.000707
2384.010968,0.000378
2385.939779,-0.000085
2387.868590,-0.000052
2389.797402,-0.000047
2391.726213,-0.000045
2393.655025,-0.000034
2395.583836,-0.000052
2397.512648,-0.000044
2399.441459,0.000025
2401.370271,0.000043
2403.299082,0.000009
2405.227894,0.000023
2407.156705,0.000066
2409.085517,0.000064
2411.014328,0.000026
2412.943139,0.000035
2414.871951,0.000089
2416.800762,0.000075
2418.729574,0.000017
2420.658385,0.000026
2422.587197,0.000058
2424.516008,0.000045
2426.444820,0.000032
2428.373631,0.000054
2430.302443,0.000065
2432.231254,0.000039
2434.160066,0.000058
2436.088877,0.000106
2438.017688,0.000102
2439.946500,0.000103
2441.875311,0.000116
2443.804123,0.000105
2445.732934,0.000115
2447.661746,0.000124
2449.590557,0.000099
2451.519369,0.000080
2453.448180,0.000081
2455.376992,0.000096
2457.305803,0.000149
2459.234615,0.000182
2461.163426,0.000139
2463.092237,0.000132
2465.021049,0.000168
2466.949860,0.000158
2468.878672,0.000136
2470.807483,0.000161
2472.736295,0.000218
2474.665106,0.000228
2476.593918,0.000214
2478.522729,0.000229
2480.451541,0.000245
2482.380352,0.000276
2484.309164,0.000305
2486.237975,0.000274
2488.166786,0.000243
2490.095598,0.000310
2492.024409,0.000426
2493.953221,0.000401
2495.882032,0.000261
2497.810844,0.000222
2499.739655,0.000252
2501.668467,0.000224
2503.597278,0.000234
2505.526090,0.000312
2507.454901,0.000373
2509.383713,0.000413
2511.312524,0.000378
2513.241336,0.000303
2515.170147,0.000271
2517.098958,0.000229
2519.027770,0.000202
2520.956581,0.000192
2522.885393,0.000144
2524.814204,0.000133
2526.743016,0.000163
2528.671827,0.000159
2530.600639,0.000133
2532.529450,0.000123
2534.458262,0.000121
2536.387073,0.000129
2538.315885,0.000146
2540.244696,0.000131
2542.173507,0.000104
2544.102319,0.000102
2546.031130,0.000123
2547.959942,0.000172
2549.888753,0.000183
2551.817565,0.000145
2553.746376,0.000130
2555.675188,0.000116
2557.603999,0.000090
2559.532811,0.000100
2561.461622,0.000102
2563.390434,0.000046
2565.319245,0.000005
2567.248056,0.000053
2569.176868,0.000117
2571.105679,0.000109
2573.034491,0.000077
2574.963302,0.000040
2576.892114,0.000014
2578.820925,0.000044
2580.749737,0.000055
2582.678548,0.000017
2584.607360,-0.000005
2586.536171,-0.000001
2588.464983,0.000033
2590.393794,0.000037
2592.322605,-0.000034
2594.251417,-0.000086
2596.180228,-0.000091
2598.109040,-0.000085
2600.037851,-0.000040
2601.966663,-0.000007
2603.895474,-0.000050
2605.824286,-0.000074
2607.753097,-0.000053
2609.681909,-0.000086
2611.610720,-0.000101
2613.539532,-0.000053
2615.468343,-0.000049
2617.397154,-0.000049
2619.325966,-0.000020
2621.254777,-0.000016
2623.183589,0.000005
2625.112400,0.000027
2627.041212,0.000025
2628.970023,0.000049
2630.898835,0.000062
2632.827646,0.000023
2634.756458,-0.000011
2636.685269,-0.000019
2638.614081,-0.000015
2640.542892,-0.000017
2642.471703,-0.000049
2644.400515,-0.000076
2646.329326,-0.000087
2648.258138,-0.000097
2650.186949,-0.000111
2652.115761,-0.000136
2654.044572,-0.000121
2655.973384,-0.000105
2657.902195,-0.000137
2659.831007,-0.000143
2661.759818,-0.000141
2663.688630,-0.000135
2665.617441,-0.000112
2667.546253,-0.000136
2669.475064,-0.000165
2671.403875,-0.000174
2673.332687,-0.000155
2675.261498,-0.000095
2677.190310,-0.000100
2679.119121,-0.000139
2681.047933,-0.000109
2682.976744,-0.000102
2684.905556,-0.000150
2686.834367,-0.000130
2688.763179,-0.000077
2690.691990,-0.000081
2692.620802,-0.000085
2694.549613,-0.000110
2696.478424,-0.000181
2698.407236,-0.000181
2700.336047,-0.000104
2702.264859,-0.000056
2704.193670,-0.000076
2706.122482,-0.000116
2708.051293,-0.000129
2709.980105,-0.000122
2711.908916,-0.000132
2713.837728,-0.000149
2715.766539,-0.000118
2717.695351,-0.000080
2719.624162,-0.000080
2721.552973,-0.000055
2723.481785,-0.000037
2725.410596,-0.000041
2727.339408,-0.000027
2729.268219,-0.000062
2731.197031,-0.000114
2733.125842,-0.000102
2735.054654,-0.000069
2736.983465,-0.000040
2738.912277,-0.000034
2740.841088,-0.000071
2742.769900,-0.000079
2744.698711,-0.000059
2746.627522,-0.000049
2748.556334,-0.000054
2750.485145,-0.000108
2752.413957,-0.000108
2754.342768,-0.000010
2756.271580,0.000018
2758.200391,-0.000032
2760.129203,-0.000038
2762.058014,-0.000029
2763.986826,-0.000047
2765.915637,-0.000023
2767.844449,0.000029
2769.773260,0.000029
2771.702071,0.000004
2773.630883,-0.000019
2775.559694,-0.000021
2777.488506,0.000008
2779.417317,0.000033
2781.346129,0.000013
2783.274940,-0.000030
2785.203752,-0.000011
2787.132563,0.000008
2789.061375,-0.000034
2790.990186,-0.000045
2792.918998,-0.000034
2794.847809,-0.000027
2796.776620,-0.000004
2798.705432,-0.000002
2800.634243,-0.000035
2802.563055,-0.000042
2804.491866,0.000005
2806.420678,-0.000027
2808.349489,-0.000124
2810.278301,-0.000096
2812.207112,-0.000005
2814.135924,0.000025
2816.064735,0.000026
2817.993547,0.000016
2819.922358,0.000050
2821.851169,0.000146
2823.779981,0.000177
2825.708792,0.000133
2827.637604,0.000127
2829.566415,0.000120
2831.495227,0.000096
2833.424038,0.000098
2835.352850,0.000080
2837.281661,0.000117
2839.210473,0.000233
2841.139284,0.000300
2843.068096,0.000339
2844.996907,0.000421
2846.925719,0.000520
2848.854530,0.000600
2850.783341,0.000706
2852.712153,0.000861
2854.640964,0.001001
2856.569776,0.001227
2858.498587,0.001592
2860.427399,0.001987
2862.356210,0.002420
2864.285022,0.002918
2866.213833,0.003491
2868.142645,0.004121
2870.071456,0.004839
2872.000268,0.005737
2873.929079,0.006760
2875.857890,0.007874
2877.786702,0.009020
2879.715513,0.010046
2881.644325,0.010988
2883.573136,0.011899
2885.501948,0.012668
2887.430759,0.013221
2889.359571,0.013528
2891.288382,0.013557
2893.217194,0.013323
2895.146005,0.012797
2897.074817,0.012048
2899.003628,0.011089
2900.932439,0.009974
2902.861251,0.008781
2904.790062,0.007221
2906.718874,0.006598
2908.647685,0.008966
2910.576497,0.013151
2912.505308,0.016835
2914.434120,0.019540
2916.362931,0.021153
2918.291743,0.021467
2920.220554,0.020487
2922.149366,0.018366
2924.078177,0.015489
2926.006988,0.012164
2927.935800,0.008736
2929.864611,0.005717
2931.793423,0.003341
2933.722234,0.001576
2935.651046,0.000442
2937.579857,-0.000138
2939.508669,-0.000344
2941.437480,-0.000356
2943.366292,-0.000309
2945.295103,-0.000270
2947.223915,-0.000257
2949.152726,-0.000218
2951.081537,-0.000143
2953.010349,-0.000101
2954.939160,-0.000056
2956.867972,-0.000044
2958.796783,-0.000064
2960.725595,-0.000036
2962.654406,0.000011
2964.583218,0.000115
2966.512029,0.000204
2968.440841,0.000154
2970.369652,0.000099
2972.298464,0.000063
2974.227275,0.000039
2976.156086,0.000107
2978.084898,0.000152
2980.013709,0.000181
2981.942521,0.000235
2983.871332,0.000151
2985.800144,0.000039
2987.728955,0.000050
2989.657767,0.000027
2991.586578,-0.000032
2993.515390,-0.000031
2995.444201,-0.000029
2997.373013,-0.000030
2999.301824,-0.000007
3001.230635,-0.000002
3003.159447,0.000005
3005.088258,0.000047
3007.017070,0.000080
3008.945881,0.000100
3010.874693,0.000140
3012.803504,0.000147
3014.732316,0.000113
3016.661127,0.000116
3018.589939,0.000123
3020.518750,0.000146
3022.447562,0.000193
3024.376373,0.000135
3026.305185,0.000054
3028.233996,0.000101
3030.162807,0.000199
3032.091619,0.000258
3034.020430,0.000225
3035.949242,0.000184
3037.878053,0.000221
3039.806865,0.000235
3041.735676,0.000262
3043.664488,0.000361
3045.593299,0.000423
3047.522111,0.000396
3049.450922,0.000349
3051.379734,0.000321
3053.308545,0.000337
3055.237356,0.000336
3057.166168,0.000255
3059.094979,0.000152
3061.023791,0.000154
3062.952602,0.000217
3064.881414,0.000228
3066.810225,0.000231
3068.739037,0.000267
3070.667848,0.000262
3072.596660,0.000218
3074.525471,0.000174
3076.454283,0.000155
3078.383094,0.000169
3080.311905,0.000168
3082.240717,0.000160
3084.169528,0.000125
3086.098340,0.000056
3088.027151,0.000064
3089.955963,0.000115
3091.884774,0.000118
3093.813586,0.000123
3095.742397,0.000160
3097.671209,0.000164
3099.600020,0.000097
3101.528832,0.000042
3103.457643,0.000096
3105.386454,0.000186
3107.315266,0.000200
3109.244077,0.000138
3111.172889,0.000072
3113.101700,0.000089
3115.030512,0.000158
3116.959323,0.000210
3118.888135,0.000226
3120.816946,0.000130
3122.745758,-0.000032
3124.674569,-0.000059
3126.603381,0.000065
3128.532192,0.000078
3130.461003,-0.000064
3132.389815,-0.000081
3134.318626,-0.000016
3136.247438,-0.000027
3138.176249,-0.000053
3140.105061,-0.000060
3142.033872,-0.000050
3143.962684,-0.000054
3145.891495,-0.000062
3147.820307,-0.000045
3149.749118,-0.000042
3151.677930,-0.000057
3153.606741,-0.000025
3155.535552,0.000025
3157.464364,0.000021
3159.393175,0.000045
3161.321987,0.000058
3163.250798,0.000007
3165.179610,0.000047
3167.108421,0.000101
3169.037233,0.000091
3170.966044,0.000099
3172.894856,0.000102
3174.823667,0.000112
3176.752479,0.000082
3178.681290,-0.000011
3180.610102,-0.000025
3182.538913,0.000043
3184.467724,0.000176
3186.396536,0.000337
3188.325347,0.000298
3190.254159,0.000118
3192.182970,0.000063
3194.111782,0.000116
3196.040593,0.000175
3197.969405,0.000211
3199.898216,0.000228
3201.827028,0.000240
3203.755839,0.000212
3205.684651,0.000149
3207.613462,0.000140
3209.542273,0.000274
3211.471085,0.000393
3213.399896,0.000320
3215.328708,0.000256
3217.257519,0.000268
3219.186331,0.000268
3221.115142,0.000354
3223.043954,0.000362
3224.972765,0.000232
3226.901577,0.000234
3228.830388,0.000289
3230.759200,0.000308
3232.688011,0.000375
3234.616822,0.000379
3236.545634,0.000297
3238.474445,0.000288
3240.403257,0.000408
3242.332068,0.000450
3244.260880,0.000374
3246.189691,0.000412
3248.118503,0.000473
3250.047314,0.000421
3251.976126,0.000339
3253.904937,0.000320
3255.833749,0.000438
3257.762560,0.000502
3259.691371,0.000326
3261.620183,0.000175
3263.548994,0.000298
3265.477806,0.000400
3267.406617,0.000290
3269.335429,0.000206
3271.264240,0.000185
3273.193052,0.000196
3275.121863,0.000222
3277.050675,0.000227
3278.979486,0.000331
3280.908298,0.000347
3282.837109,0.000248
3284.765920,0.000285
3286.694732,0.000321
3288.623543,0.000245
3290.552355,0.000129
3292.481166,0.000041
3294.409978,0.000000
3296.338789,0.000031
3298.267601,0.000156
3300.196412,0.000145
3302.125224,0.000023
3304.054035,0.000041
3305.982847,0.000102
3307.911658,0.000093
3309.840469,-0.000006
3311.769281,-0.000135
3313.698092,-0.000141
3315.626904,-0.000074
3317.555715,-0.000048
3319.484527,-0.000076
3321.413338,-0.000110
3323.342150,-0.000043
3325.270961,0.000108
3327.199773,0.000169
3329.128584,0.000075
3331.057396,-0.000023
3332.986207,-0.000016
3334.915018,0.000010
3336.843830,0.000064
3338.772641,0.000175
3340.701453,0.000203
3342.630264,0.000170
3344.559076,0.000247
3346.487887,0.000399
3348.416699,0.000372
3350.345510,0.000269
3352.274322,0.000375
3354.203133,0.000545
3356.131945,0.000688
3358.060756,0.000672
3359.989568,0.000495
3361.918379,0.000521
3363.847190,0.000579
3365.776002,0.000479
3367.704813,0.000438
3369.633625,0.000525
3371.562436,0.000536
3373.491248,0.000325
3375.420059,0.000230
3377.348871,0.000396
3379.277682,0.000585
3381.206494,0.000614
3383.135305,0.000547
3385.064117,0.000632
3386.992928,0.000716
3388.921739,0.000719
3390.850551,0.000742
3392.779362,0.000646
3394.708174,0.000529
3396.636985,0.000467
3398.565797,0.000438
3400.494608,0.000451
3402.423420,0.000401
3404.352231,0.000408
3406.281043,0.000498
3408.209854,0.000482
3410.138666,0.000434
3412.067477,0.000386
3413.996288,0.000292
3415.925100,0.000283
3417.853911,0.000280
3419.782723,0.000151
3421.711534,0.000062
3423.640346,0.000043
3425.569157,-0.000038
3427.497969,-0.000116
3429.426780,-0.000091
3431.355592,-0.000008
3433.284403,0.000009
3435.213215,0.000074
3437.142026,0.000148
3439.070837,0.000108
3440.999649,0.000155
3442.928460,0.000223
3444.857272,0.000164
3446.786083,0.000285
3448.714895,0.000430
3450.643706,0.000375
3452.572518,0.000283
3454.501329,0.000175
3456.430141,0.000132
3458.358952,0.000053
3460.287764,0.000016
3462.216575,0.000139
3464.145386,0.000079
3466.074198,0.000057
3468.003009,0.000241
3469.931821,0.000312
3471.860632,0.000229
3473.789444,0.000005
3475.718255,-0.000139
3477.647067,-0.000068
3479.575878,-0.000012
3481.504690,-0.000054
3483.433501,-0.000118
3485.362313,-0.000115
3487.291124,-0.000035
3489.219935,-0.000017
3491.148747,-0.000091
3493.077558,-0.000039
3495.006370,0.000036
3496.935181,-0.000105
3498.863993,-0.000127
3500.792804,0.000007
3502.721616,-0.000049
3504.650427,-0.000169
3506.579239,-0.000165
3508.508050,-0.000066
3510.436862,0.000103
3512.365673,0.000276
3514.294484,0.000187
3516.223296,-0.000203
3518.152107,-0.000402
3520.080919,-0.000281
3522.009730,-0.000154
3523.938542,0.000013
3525.867353,0.000144
3527.796165,-0.000039
3529.724976,-0.000208
3531.653788,-0.000053
3533.582599,0.000123
3535.511411,0.000237
3537.440222,0.000341
3539.369034,0.000534
3541.297845,0.000663
3543.226656,0.000583
3545.155468,0.000564
3547.084279,0.000714
3549.013091,0.000894
3550.941902,0.001063
3552.870714,0.001283
3554.799525,0.001659
3556.728337,0.001934
3558.657148,0.002129
3560.585960,0.002578
3562.514771,0.003025
3564.443583,0.003284
3566.372394,0.003389
3568.301205,0.003648
3570.230017,0.004414
3572.158828,0.005044
3574.087640,0.005227
3576.016451,0.005250
3577.945263,0.005095
3579.874074,0.004847
3581.802886,0.004481
3583.731697,0.003995
3585.660509,0.003643
3587.589320,0.003936
3589.518132,0.004712
3591.446943,0.004416
3593.375754,0.003367
3595.304566,0.003359
3597.233377,0.004212
3599.162189,0.004963
3601.091000,0.005471
3603.019812,0.005813
3604.948623,0.005942
3606.877435,0.005603
3608.806246,0.005014
3610.735058,0.004603
3612.663869,0.004156
3614.592681,0.003681
3616.521492,0.003320
3618.450303,0.002718
3620.379115,0.002230
3622.307926,0.002116
3624.236738,0.001931
3626.165549,0.001734
3628.094361,0.001320
3630.023172,0.001017
3631.951984,0.001383
3633.880795,0.001560
3635.809607,0.001459
3637.738418,0.001557
3639.667230,0.001557
3641.596041,0.001323
3643.524852,0.001064
3645.453664,0.000709
3647.382475,0.000206
3649.311287,-0.000211
3651.240098,-0.000155
3653.168910,0.000340
3655.097721,0.000576
3657.026533,0.000489
3658.955344,0.000632
3660.884156,0.000772
3662.812967,0.000722
3664.741779,0.000564
3666.670590,0.000310
3668.599401,-0.000177
3670.528213,-0.000862
3672.457024,-0.000959
3674.385836,-0.000898
3676.314647,-0.001048
3678.243459,-0.000565
3680.172270,0.000021
3682.101082,0.000098
3684.029893,0.000062
3685.958705,0.000076
3687.887516,-0.000210
3689.816328,-0.000576
3691.745139,-0.000341
3693.673951,0.000170
3695.602762,0.000422
3697.531573,0.000475
3699.460385,0.000464
3701.389196,0.000303
3703.318008,0.000160
3705.246819,0.000218
3707.175631,0.000185
3709.104442,0.000028
3711.033254,-0.000135
3712.962065,-0.000104
3714.890877,0.000320
3716.819688,0.000669
3718.748500,0.000730
3720.677311,0.000643
3722.606122,0.000581
3724.534934,0.000667
3726.463745,0.000649
3728.392557,0.000621
3730.321368,0.000597
3732.250180,0.000252
3734.178991,-0.000032
3736.107803,0.000015
3738.036614,0.000139
3739.965426,0.000512
3741.894237,0.000813
3743.823049,0.000198
3745.751860,-0.000313
3747.680671,0.000111
3749.609483,0.000203
3751.538294,0.000059
3753.467106,0.000485
3755.395917,0.000984
3757.324729,0.001196
3759.253540,0.001187
3761.182352,0.001273
3763.111163,0.001369
3765.039975,0.001263
3766.968786,0.001231
3768.897598,0.001180
3770.826409,0.001124
3772.755220,0.001290
3774.684032,0.001426
3776.612843,0.001439
3778.541655,0.001293
3780.470466,0.001141
3782.399278,0.001318
3784.328089,0.001484
3786.256901,0.001402
3788.185712,0.001421
3790.114524,0.001477
3792.043335,0.001375
3793.972147,0.001198
3795.900958,0.000820
3797.829769,0.000587
3799.758581,0.000583
3801.687392,0.000321
3803.616204,0.000391
3805.545015,0.000609
3807.473827,0.000567
3809.402638,0.000799
3811.331450,0.000991
3813.260261,0.000961
3815.189073,0.000659
3817.117884,0.000277
3819.046696,0.000305
3820.975507,0.000078
3822.904318,0.000084
3824.833130,0.000630
3826.761941,0.000714
3828.690753,0.000682
3830.619564,0.000671
3832.548376,0.000302
3834.477187,0.000155
3836.405999,0.000197
3838.334810,0.000007
3840.263622,0.000034
3842.192433,0.000337
3844.121245,0.000474
3846.050056,0.000485
3847.978867,0.000488
3849.907679,0.000374
3851.836490,-0.000008
3853.765302,-0.000520
3855.694113,-0.000403
3857.622925,0.000116
3859.551736,0.000372
3861.480548,0.000376
3863.409359,0.000150
3865.338171,-0.000049
3867.266982,0.000112
3869.195794,0.000095
3871.124605,-0.000048
3873.053417,0.000161
3874.982228,0.000294
3876.911039,0.000426
3878.839851,0.000429
3880.768662,0.000071
3882.697474,0.000112
3884.626285,0.000181
3886.555097,-0.000028
3888.483908,0.000202
3890.412720,0.000342
3892.341531,0.000140
3894.270343,0.000148
3896.199154,0.000151
3898.127966,-0.000094
3900.056777,-0.000321
3901.985588,-0.000295
3903.914400,-0.000226
3905.843211,-0.000188
3907.772023,0.000085
3909.700834,0.000402
3911.629646,0.000499
3913.558457,0.000457
3915.487269,0.000359
3917.416080,0.000270
3919.344892,0.000203
3921.273703,0.000123
3923.202515,0.000056
3925.131326,0.000012
3927.060137,0.000003
3928.988949,0.000012
3930.917760,0.000043
3932.846572,0.000120
3934.775383,0.000221
3936.704195,0.000314
3938.633006,0.000350
3940.561818,0.000337
3942.490629,0.000204
3944.419441,0.000042
3946.348252,0.000109
3948.277064,0.000217
3950.205875,0.000150
3952.134686,0.000037
3954.063498,-0.000060
3955.992309,-0.000123
3957.921121,-0.000098
3959.849932,-0.000069
3961.778744,-0.000080
3963.707555,-0.000023
3965.636367,-0.000001
3967.565178,-0.000011
3969.493990,0.000073
3971.422801,0.000066
3973.351613,-0.000071
3975.280424,-0.000084
3977.209235,0.000041
3979.138047,0.000090
3981.066858,0.000068
3982.995670,0.000074
3984.924481,-0.000002
3986.853293,-0.000060
3988.782104,-0.000000
3990.710916,0.000024
3992.639727,0.000055
3994.568539,0.000072
3996.497350,0.000034
3998.426162,0.000106
4000.354973,0.000182
