898.826141,-0.000866
900.754953,-0.000668
902.683764,-0.000330
904.612576,-0.000338
906.541387,0.000292
908.470199,0.001134
910.399010,0.001695
912.327822,0.002314
914.256633,0.001577
916.185445,-0.000008
918.114256,-0.000228
920.043068,0.000175
921.971879,0.000284
923.900690,0.000460
925.829502,0.000890
927.758313,0.001035
929.687125,0.000554
931.615936,0.000766
933.544748,0.001281
935.473559,0.000334
937.402371,-0.000822
939.331182,-0.000621
941.259994,0.000116
943.188805,0.000433
945.117617,0.000486
947.046428,0.000596
948.975240,0.000679
950.904051,0.000615
952.832862,0.000403
954.761674,0.000212
956.690485,0.000290
958.619297,0.000512
960.548108,0.000514
962.476920,0.000303
964.405731,0.000186
966.334543,0.000295
968.263354,0.000342
970.192166,0.000124
972.120977,-0.000024
974.049789,0.000059
975.978600,0.000199
977.907411,0.000256
979.836223,0.000104
981.765034,-0.000073
983.693846,0.000000
985.622657,0.000251
987.551469,0.000344
989.480280,0.000208
991.409092,0.000171
993.337903,0.000201
995.266715,0.000175
997.195526,0.000185
999.124338,0.000141
1001.053149,0.000153
1002.981960,0.000245
1004.910772,0.000200
1006.839583,0.000083
1008.768395,0.000019
1010.697206,0.000039
1012.626018,0.000095
1014.554829,0.000118
1016.483641,0.000099
1018.412452,0.000063
1020.341264,0.000065
1022.270075,0.000052
1024.198887,0.000118
1026.127698,0.000327
1028.056509,0.000414
1029.985321,0.000419
1031.914132,0.000524
1033.842944,0.000617
1035.771755,0.000682
1037.700567,0.000749
1039.629378,0.000806
1041.558190,0.000816
1043.487001,0.000658
1045.415813,0.000497
1047.344624,0.000480
1049.273436,0.000405
1051.202247,0.000296
1053.131058,0.000242
1055.059870,0.000142
1056.988681,0.000070
1058.917493,0.000115
1060.846304,0.000134
1062.775116,0.000107
1064.703927,0.000064
1066.632739,-0.000014
1068.561550,-0.000076
1070.490362,-0.000038
1072.419173,0.000028
1074.347985,0.000056
1076.276796,0.000049
1078.205607,0.000043
1080.134419,0.000061
1082.063230,0.000046
1083.992042,0.000035
1085.920853,0.000043
1087.849665,-0.000007
1089.778476,-0.000020
1091.707288,0.000053
1093.636099,0.000089
1095.564911,0.000091
1097.493722,0.000114
1099.422534,0.000123
1101.351345,0.000090
1103.280156,0.000034
1105.208968,-0.000024
1107.137779,-0.000042
1109.066591,-0.000004
1110.995402,0.000006
1112.924214,-0.000031
1114.853025,-0.000042
1116.781837,-0.000020
1118.710648,-0.000018
1120.639460,-0.000029
1122.568271,-0.000009
1124.497083,-0.000038
1126.425894,-0.000086
1128.354706,-0.000035
1130.283517,-0.000027
1132.212328,-0.000105
1134.141140,-0.000132
1136.069951,-0.000145
1137.998763,-0.000158
1139.927574,-0.000146
1141.856386,-0.000178
1143.785197,-0.000197
1145.714009,-0.000178
1147.642820,-0.000169
1149.571632,-0.000113
1151.500443,-0.000060
1153.429255,-0.000049
1155.358066,-0.000020
1157.286877,-0.000001
1159.215689,0.000039
1161.144500,0.000091
1163.073312,0.000102
1165.002123,0.000154
1166.930935,0.000180
1168.859746,0.000135
1170.788558,0.000130
1172.717369,0.000105
1174.646181,0.000083
1176.574992,0.000153
1178.503804,0.000226
1180.432615,0.000280
1182.361426,0.000296
1184.290238,0.000269
1186.219049,0.000284
1188.147861,0.000357
1190.076672,0.000439
1192.005484,0.000500
1193.934295,0.000538
1195.863107,0.000524
1197.791918,0.000506
1199.720730,0.000512
1201.649541,0.000487
1203.578353,0.000453
1205.507164,0.000449
1207.435975,0.000471
1209.364787,0.000472
1211.293598,0.000540
1213.222410,0.000693
1215.151221,0.000841
1217.080033,0.001032
1219.008844,0.001198
1220.937656,0.001379
1222.866467,0.001615
1224.795279,0.001849
1226.724090,0.002246
1228.652902,0.002743
1230.581713,0.003305
1232.510524,0.004058
1234.439336,0.004806
1236.368147,0.005664
1238.296959,0.006860
1240.225770,0.008068
1242.154582,0.009396
1244.083393,0.011028
1246.012205,0.012689
1247.941016,0.014390
1249.869828,0.015966
1251.798639,0.017071
1253.727451,0.016877
1255.656262,0.015592
1257.585073,0.014583
1259.513885,0.014356
1261.442696,0.016966
1263.371508,0.020177
1265.300319,0.018308
1267.229131,0.015682
1269.157942,0.016899
1271.086754,0.018411
1273.015565,0.018470
1274.944377,0.017697
1276.873188,0.016330
1278.802000,0.014976
1280.730811,0.013845
1282.659622,0.012742
1284.588434,0.011595
1286.517245,0.010627
1288.446057,0.009731
1290.374868,0.008950
1292.303680,0.008418
1294.232491,0.007956
1296.161303,0.007699
1298.090114,0.007586
1300.018926,0.007481
1301.947737,0.007454
1303.876549,0.007430
1305.805360,0.007392
1307.734172,0.007445
1309.662983,0.007534
1311.591794,0.007415
1313.520606,0.007185
1315.449417,0.006955
1317.378229,0.006591
1319.307040,0.006158
1321.235852,0.005788
1323.164663,0.005781
1325.093475,0.005839
1327.022286,0.005258
1328.951098,0.004598
1330.879909,0.004365
1332.808721,0.004116
1334.737532,0.003824
1336.666343,0.003473
1338.595155,0.003006
1340.523966,0.002847
1342.452778,0.002878
1344.381589,0.002643
1346.310401,0.002226
1348.239212,0.001805
1350.168024,0.001496
1352.096835,0.001293
1354.025647,0.001055
1355.954458,0.000917
1357.883270,0.000848
1359.812081,0.000450
1361.740892,-0.000135
1363.669704,-0.000048
1365.598515,0.000442
1367.527327,0.000464
1369.456138,0.000407
1371.384950,0.000345
1373.313761,-0.000104
1375.242573,-0.000049
1377.171384,0.000511
1379.100196,0.000745
1381.029007,0.000866
1382.957819,0.001014
1384.886630,0.000827
1386.815441,0.000493
1388.744253,0.000792
1390.673064,0.001299
1392.601876,0.000868
1394.530687,0.000216
1396.459499,0.000338
1398.388310,0.000546
1400.317122,0.001028
1402.245933,0.001487
1404.174745,0.001248
1406.103556,0.001328
1408.032368,0.001745
1409.961179,0.001821
1411.889990,0.001849
1413.818802,0.001952
1415.747613,0.001568
1417.676425,0.000247
1419.605236,-0.000134
1421.534048,0.001007
1423.462859,0.001464
1425.391671,0.001581
1427.320482,0.001712
1429.249294,0.001316
1431.178105,0.001386
1433.106917,0.001621
1435.035728,0.000493
1436.964539,-0.000247
1438.893351,0.001026
1440.822162,0.001862
1442.750974,0.001974
1444.679785,0.001857
1446.608597,0.001240
1448.537408,0.001108
1450.466220,0.001438
1452.395031,0.001333
1454.323843,0.000119
1456.252654,-0.002231
1458.181466,-0.002054
1460.110277,0.000437
1462.039089,0.001255
1463.967900,0.000448
1465.896711,0.000423
1467.825523,0.001285
1469.754334,0.000643
1471.683146,-0.001126
1473.611957,-0.001279
1475.540769,-0.000074
1477.469580,0.001025
1479.398392,0.001685
1481.327203,0.001877
1483.256015,0.002030
1485.184826,0.001752
1487.113638,0.000758
1489.042449,-0.000044
1490.971260,0.000571
1492.900072,0.001683
1494.828883,0.001289
1496.757695,0.000342
1498.686506,0.000791
1500.615318,0.001813
1502.544129,0.002066
1504.472941,-0.000059
1506.401752,-0.003007
1508.330564,-0.001504
1510.259375,0.000876
1512.188187,0.001756
1514.116998,0.001636
1516.045809,0.000748
1517.974621,0.000267
1519.903432,-0.000417
1521.832244,-0.000895
1523.761055,0.000393
1525.689867,0.001269
1527.618678,0.001626
1529.547490,0.002367
1531.476301,0.001663
1533.405113,0.000535
1535.333924,0.001090
1537.262736,0.000309
1539.191547,-0.002884
1541.120358,-0.003287
1543.049170,-0.001277
1544.977981,0.000475
1546.906793,0.001865
1548.835604,0.002273
1550.764416,0.002410
1552.693227,0.002353
1554.622039,0.002019
1556.550850,0.000795
1558.479662,-0.000895
1560.408473,0.003186
1562.337285,0.008656
1564.266096,0.011905
1566.194907,0.015204
1568.123719,0.018565
1570.052530,0.023839
1571.981342,0.031748
1573.910153,0.038827
1575.838965,0.048011
1577.767776,0.061966
1579.696588,0.076871
1581.625399,0.093130
1583.554211,0.111274
1585.483022,0.131217
1587.411834,0.152752
1589.340645,0.175492
1591.269456,0.198637
1593.198268,0.219637
1595.127079,0.236890
1597.055891,0.248879
1598.984702,0.255531
1600.913514,0.256170
1602.842325,0.251335
1604.771137,0.243118
1606.699948,0.230293
1608.628760,0.214087
1610.557571,0.193778
1612.486383,0.172143
1614.415194,0.149110
1616.344005,0.127095
1618.272817,0.145994
1620.201628,0.204645
1622.130440,0.266702
1624.059251,0.312824
1625.988063,0.338108
1627.916874,0.348141
1629.845686,0.342186
1631.774497,0.319402
1633.703309,0.284810
1635.632120,0.237670
1637.560932,0.194667
1639.489743,0.160527
1641.418555,0.123315
1643.347366,0.089425
1645.276177,0.061754
1647.204989,0.037742
1649.133800,0.023724
1651.062612,0.013554
1652.991423,0.003197
1654.920235,0.001707
1656.849046,0.003337
1658.777858,0.002900
1660.706669,0.001554
1662.635481,0.000377
1664.564292,0.000705
1666.493104,0.000895
1668.421915,-0.000505
1670.350726,-0.000530
1672.279538,0.000767
1674.208349,0.001082
1676.137161,0.002144
1678.065972,0.004211
1679.994784,0.005234
1681.923595,0.004510
1683.852407,0.003311
1685.781218,0.004961
1687.710030,0.006925
1689.638841,0.006929
1691.567653,0.006767
1693.496464,0.005118
1695.425275,0.003780
1697.354087,0.007252
1699.282898,0.007374
1701.211710,0.003148
1703.140521,0.003400
1705.069333,0.005465
1706.998144,0.007809
1708.926956,0.010680
1710.855767,0.012578
1712.784579,0.012778
1714.713390,0.011459
1716.642202,0.009803
1718.571013,0.009791
1720.499824,0.010964
1722.428636,0.011065
1724.357447,0.010276
1726.286259,0.009660
1728.215070,0.008690
1730.143882,0.007717
1732.072693,0.006346
1734.001505,0.005329
1735.930316,0.007262
1737.859128,0.008745
1739.787939,0.008839
1741.716751,0.009487
1743.645562,0.010053
1745.574373,0.009825
1747.503185,0.009147
1749.431996,0.008366
1751.360808,0.008602
1753.289619,0.009708
1755.218431,0.009886
1757.147242,0.009490
1759.076054,0.009058
1761.004865,0.007568
1762.933677,0.006197
1764.862488,0.005435
1766.791300,0.003819
1768.720111,0.002073
1770.648922,0.000502
1772.577734,-0.000492
1774.506545,0.000295
1776.435357,0.001125
1778.364168,0.001053
1780.292980,0.000863
1782.221791,0.000987
1784.150603,0.001070
1786.079414,0.001213
1788.008226,0.001436
1789.937037,0.000672
1791.865849,-0.000399
1793.794660,0.000053
1795.723471,0.000942
1797.652283,0.000998
1799.581094,0.000665
1801.509906,0.000708
1803.438717,0.001184
1805.367529,0.001573
1807.296340,0.001632
1809.225152,0.001391
1811.153963,0.001311
1813.082775,0.001688
1815.011586,0.001981
1816.940398,0.002010
1818.869209,0.002079
1820.798021,0.002210
1822.726832,0.001984
1824.655643,0.001659
1826.584455,0.001733
1828.513266,0.001499
1830.442078,0.001499
1832.370889,0.002430
1834.299701,0.003006
1836.228512,0.003075
1838.157324,0.003244
1840.086135,0.003322
1842.014947,0.002859
1843.943758,0.002258
1845.872570,0.002648
1847.801381,0.003351
1849.730192,0.003611
1851.659004,0.003710
1853.587815,0.003674
1855.516627,0.003575
1857.445438,0.003418
1859.374250,0.003226
1861.303061,0.003021
1863.231873,0.002681
1865.160684,0.002048
1867.089496,0.000986
1869.018307,0.000300
1870.947119,0.000544
1872.875930,0.001453
1874.804741,0.002469
1876.733553,0.002078
1878.662364,0.000977
1880.591176,0.001079
1882.519987,0.001673
1884.448799,0.002085
1886.377610,0.002477
1888.306422,0.002659
1890.235233,0.003055
1892.164045,0.003675
1894.092856,0.004033
1896.021668,0.004314
1897.950479,0.004628
1899.879290,0.004797
1901.808102,0.004833
1903.736913,0.004810
1905.665725,0.004710
1907.594536,0.004514
1909.523348,0.004331
1911.452159,0.004232
1913.380971,0.004131
1915.309782,0.003704
1917.238594,0.002986
1919.167405,0.002727
1921.096217,0.002727
1923.025028,0.002478
1924.953839,0.002386
1926.882651,0.002335
1928.811462,0.002058
1930.740274,0.001797
1932.669085,0.001589
1934.597897,0.001344
1936.526708,0.001087
1938.455520,0.000894
1940.384331,0.000568
1942.313143,0.000202
1944.241954,0.000217
1946.170766,0.000350
1948.099577,0.000360
1950.028388,0.000364
1951.957200,0.000337
1953.886011,0.000263
1955.814823,0.000239
1957.743634,0.000295
1959.672446,0.000269
1961.601257,0.000203
1963.530069,0.000147
1965.458880,0.000003
1967.387692,-0.000056
1969.316503,0.000014
1971.245315,0.000060
1973.174126,0.000098
1975.102938,0.000096
1977.031749,0.000071
1978.960560,0.000095
1980.889372,0.000147
1982.818183,0.000182
1984.746995,0.000123
1986.675806,0.000029
1988.604618,-0.000037
1990.533429,-0.000173
1992.462241,-0.000210
1994.391052,-0.000011
1996.319864,0.000124
1998.248675,0.000124
2000.177487,0.000115
2002.106298,0.000054
2004.035109,0.000033
2005.963921,0.000105
2007.892732,0.000122
2009.821544,0.000095
2011.750355,0.000077
2013.679167,0.000013
2015.607978,-0.000066
2017.536790,-0.000066
2019.465601,0.000004
2021.394413,0.000049
2023.323224,0.000067
2025.252036,0.000078
2027.180847,0.000058
2029.109658,0.000042
2031.038470,0.000055
2032.967281,0.000085
2034.896093,0.000070
2036.824904,-0.000010
2038.753716,-0.000029
2040.682527,-0.000000
2042.611339,-0.000006
2044.540150,0.000009
2046.468962,0.000065
2048.397773,0.000091
2050.326585,0.000051
2052.255396,0.000019
2054.184207,0.000048
2056.113019,0.000084
2058.041830,0.000088
2059.970642,0.000065
2061.899453,0.000054
2063.828265,0.000032
2065.757076,-0.000002
2067.685888,0.000052
2069.614699,0.000111
2071.543511,0.000076
2073.472322,0.000049
2075.401134,0.000055
2077.329945,0.000021
2079.258756,0.000004
2081.187568,0.000057
2083.116379,0.000080
2085.045191,0.000057
2086.974002,0.000069
2088.902814,0.000085
2090.831625,0.000056
2092.760437,0.000038
2094.689248,0.000065
2096.618060,0.000072
2098.546871,0.000088
2100.475683,0.000132
2102.404494,0.000129
2104.333305,0.000121
2106.262117,0.000151
2108.190928,0.000172
2110.119740,0.000195
2112.048551,0.000225
2113.977363,0.000210
2115.906174,0.000170
2117.834986,0.000192
2119.763797,0.000232
2121.692609,0.000220
2123.621420,0.000206
2125.550232,0.000201
2127.479043,0.000160
2129.407854,0.000131
2131.336666,0.000148
2133.265477,0.000132
2135.194289,0.000075
2137.123100,0.000039
2139.051912,0.000032
2140.980723,0.000015
2142.909535,0.000003
2144.838346,0.000029
2146.767158,0.000027
2148.695969,0.000007
2150.624781,0.000025
2152.553592,0.000049
2154.482404,0.000109
2156.411215,0.000177
2158.340026,0.000179
2160.268838,0.000149
2162.197649,0.000132
2164.126461,0.000139
2166.055272,0.000153
2167.984084,0.000196
2169.912895,0.000289
2171.841707,0.000338
2173.770518,0.000340
2175.699330,0.000367
2177.628141,0.000376
2179.556953,0.000371
2181.485764,0.000411
2183.414575,0.000443
2185.343387,0.000450
2187.272198,0.000477
2189.201010,0.000586
2191.129821,0.000737
2193.058633,0.000793
2194.987444,0.000847
2196.916256,0.000981
2198.845067,0.001087
2200.773879,0.001197
2202.702690,0.001335
2204.631502,0.001444
2206.560313,0.001524
2208.489124,0.001566
2210.417936,0.001581
2212.346747,0.001549
2214.275559,0.001448
2216.204370,0.001314
2218.133182,0.001115
2220.061993,0.000838
2221.990805,0.000596
2223.919616,0.000539
2225.848428,0.000750
2227.777239,0.001137
2229.706051,0.001496
2231.634862,0.001753
2233.563673,0.001941
2235.492485,0.002038
2237.421296,0.002028
2239.350108,0.001951
2241.278919,0.001830
2243.207731,0.001619
2245.136542,0.001335
2247.065354,0.001087
2248.994165,0.000846
2250.922977,0.000582
2252.851788,0.000361
2254.780600,0.000199
2256.709411,0.000090
2258.638222,0.000026
2260.567034,0.000030
2262.495845,0.000078
2264.424657,0.000083
2266.353468,0.000065
2268.282280,0.000039
2270.211091,0.000025
2272.139903,0.000050
2274.068714,0.000068
2275.997526,0.000091
2277.926337,0.000121
2279.855149,0.000118
2281.783960,0.000120
2283.712771,0.000167
2285.641583,0.000194
2287.570394,0.000115
2289.499206,0.000014
2291.428017,-0.000026
2293.356829,0.000030
2295.285640,0.000074
2297.214452,0.000156
2299.143263,0.000201
2301.072075,0.000185
2303.000886,0.000172
2304.929698,0.000204
2306.858509,0.000237
2308.787320,0.000170
2310.716132,0.000216
2312.644943,0.000227
2314.573755,0.000183
2316.502566,0.000082
2318.431378,0.000003
2320.360189,-0.000094
2322.289001,-0.000208
2324.217812,-0.000223
2326.146624,-0.000211
2328.075435,-0.000249
2330.004247,-0.000386
2331.933058,-0.000393
2333.861870,-0.000327
2335.790681,-0.000281
2337.719492,-0.000197
2339.648304,-0.000015
2341.577115,0.000308
2343.505927,0.000887
2345.434738,0.001891
2347.363550,0.003185
2349.292361,0.003784
2351.221173,0.003075
2353.149984,0.001838
2355.078796,0.000905
2357.007607,0.000329
2358.936419,0.000095
2360.865230,0.000117
2362.794041,0.000369
2364.722853,-0.000113
2366.651664,-0.000428
2368.580476,-0.000560
2370.509287,-0.000486
2372.438099,-0.000285
2374.366910,-0.000068
2376.295722,0.000071
2378.224533,0.000082
2380.153345,-0.000089
2382.082156,-0.000468
2384.010968,-0.000202
2385.939779,-0.000068
2387.868590,-0.000042
2389.797402,-0.000057
2391.726213,-0.000057
2393.655025,-0.000033
2395.583836,-0.000009
2397.512648,0.000001
2399.441459,0.000020
2401.370271,0.000016
2403.299082,-0.000010
2405.227894,0.000002
2407.156705,0.000030
2409.085517,0.000039
2411.014328,0.000012
2412.943139,-0.000024
2414.871951,-0.000009
2416.800762,0.000000
2418.729574,-0.000030
2420.658385,-0.000021
2422.587197,0.000011
2424.516008,-0.000013
2426.444820,-0.000037
2428.373631,0.000011
2430.302443,0.000042
2432.231254,-0.000004
2434.160066,-0.000033
2436.088877,0.000007
2438.017688,0.000031
2439.946500,-0.000006
2441.875311,-0.000009
2443.804123,0.000034
2445.732934,0.000049
2447.661746,0.000021
2449.590557,-0.000032
2451.519369,-0.000040
2453.448180,0.000005
2455.376992,0.000029
2457.305803,0.000056
2459.234615,0.000059
2461.163426,0.000011
2463.092237,0.000044
2465.021049,0.000112
2466.949860,0.000076
2468.878672,0.000007
2470.807483,-0.000001
2472.736295,0.000040
2474.665106,0.000073
2476.593918,0.000103
2478.522729,0.000129
2480.451541,0.000117
2482.380352,0.000138
2484.309164,0.000178
2486.237975,0.000157
2488.166786,0.000140
2490.095598,0.000186
2492.024409,0.000258
2493.953221,0.000266
2495.882032,0.000206
2497.810844,0.000167
2499.739655,0.000141
2501.668467,0.000092
2503.597278,0.000087
2505.526090,0.000154
2507.454901,0.000225
2509.383713,0.000238
2511.312524,0.000195
2513.241336,0.000180
2515.170147,0.000178
2517.098958,0.000078
2519.027770,-0.000009
2520.956581,0.000023
2522.885393,0.000046
2524.814204,0.000033
2526.743016,0.000045
2528.671827,0.000016
2530.600639,-0.000011
2532.529450,0.000035
2534.458262,0.000037
2536.387073,-0.000008
2538.315885,-0.000001
2540.244696,0.000021
2542.173507,0.000031
2544.102319,0.000039
2546.031130,0.000037
2547.959942,0.000038
2549.888753,0.000042
2551.817565,0.000028
2553.746376,-0.000000
2555.675188,-0.000016
2557.603999,-0.000011
2559.532811,-0.000008
2561.461622,-0.000002
2563.390434,-0.000011
2565.319245,-0.000054
2567.248056,-0.000048
2569.176868,-0.000022
2571.105679,-0.000041
2573.034491,-0.000023
2574.963302,0.000007
2576.892114,0.000015
2578.820925,0.000043
2580.749737,0.000008
2582.678548,-0.000074
2584.607360,-0.000096
2586.536171,-0.000082
2588.464983,-0.000043
2590.393794,-0.000026
2592.322605,-0.000097
2594.251417,-0.000157
2596.180228,-0.000132
2598.109040,-0.000065
2600.037851,0.000000
2601.966663,-0.000008
2603.895474,-0.000088
2605.824286,-0.000110
2607.753097,-0.000083
2609.681909,-0.000100
2611.610720,-0.000094
2613.539532,-0.000046
2615.468343,-0.000050
2617.397154,-0.000069
2619.325966,-0.000076
2621.254777,-0.000084
2623.183589,-0.000048
2625.112400,-0.000008
2627.041212,0.000014
2628.970023,0.000047
2630.898835,0.000037
2632.827646,0.000009
2634.756458,-0.000015
2636.685269,-0.000028
2638.614081,0.000002
2640.542892,0.000007
2642.471703,-0.000051
2644.400515,-0.000112
2646.329326,-0.000093
2648.258138,-0.000040
2650.186949,-0.000077
2652.115761,-0.000119
2654.044572,-0.000104
2655.973384,-0.000113
2657.902195,-0.000159
2659.831007,-0.000177
2661.759818,-0.000139
2663.688630,-0.000123
2665.617441,-0.000141
2667.546253,-0.000133
2669.475064,-0.000132
2671.403875,-0.000177
2673.332687,-0.000181
2675.261498,-0.000106
2677.190310,-0.000088
2679.119121,-0.000112
2681.047933,-0.000064
2682.976744,-0.000067
2684.905556,-0.000138
2686.834367,-0.000148
2688.763179,-0.000147
2690.691990,-0.000154
2692.620802,-0.000106
2694.549613,-0.000064
2696.478424,-0.000086
2698.407236,-0.000108
2700.336047,-0.000080
2702.264859,-0.000048
2704.193670,-0.000059
2706.122482,-0.000069
2708.051293,-0.000050
2709.980105,-0.000043
2711.908916,-0.000068
2713.837728,-0.000076
2715.766539,-0.000026
2717.695351,-0.000001
2719.624162,-0.000023
2721.552973,-0.000015
2723.481785,-0.000015
2725.410596,-0.000019
2727.339408,0.000001
2729.268219,-0.000030
2731.197031,-0.000087
2733.125842,-0.000102
2735.054654,-0.000081
2736.983465,-0.000030
2738.912277,0.000002
2740.841088,-0.000013
2742.769900,-0.000029
2744.698711,-0.000026
2746.627522,-0.000013
2748.556334,-0.000011
2750.485145,-0.000042
2752.413957,-0.000044
2754.342768,0.000027
2756.271580,0.000067
2758.200391,0.000010
2760.129203,-0.000031
2762.058014,-0.000007
2763.986826,0.000027
2765.915637,0.000038
2767.844449,0.000007
2769.773260,-0.000009
2771.702071,0.000016
2773.630883,0.000015
2775.559694,0.000032
2777.488506,0.000040
2779.417317,0.000014
2781.346129,0.000015
2783.274940,-0.000004
2785.203752,-0.000016
2787.132563,-0.000029
2789.061375,-0.000073
2790.990186,-0.000057
2792.918998,-0.000028
2794.847809,-0.000029
2796.776620,-0.000025
2798.705432,-0.000024
2800.634243,-0.000025
2802.563055,-0.000040
2804.491866,-0.000024
2806.420678,-0.000010
2808.349489,-0.000052
2810.278301,-0.000025
2812.207112,0.000048
2814.135924,0.000032
2816.064735,0.000014
2817.993547,0.000049
2819.922358,0.000066
2821.851169,0.000100
2823.779981,0.000119
2825.708792,0.000072
2827.637604,0.000033
2829.566415,-0.000001
2831.495227,0.000007
2833.424038,0.000085
2835.352850,0.000112
2837.281661,0.000143
2839.210473,0.000225
2841.139284,0.000268
2843.068096,0.000305
2844.996907,0.000391
2846.925719,0.000500
2848.854530,0.000601
2850.783341,0.000743
2852.712153,0.000941
2854.640964,0.001126
2856.569776,0.001374
2858.498587,0.001685
2860.427399,0.002011
2862.356210,0.002425
2864.285022,0.002911
2866.213833,0.003475
2868.142645,0.004111
2870.071456,0.004836
2872.000268,0.005732
2873.929079,0.006688
2875.857890,0.007654
2877.786702,0.008707
2879.715513,0.009806
2881.644325,0.010829
2883.573136,0.011741
2885.501948,0.012560
2887.430759,0.013151
2889.359571,0.013422
2891.288382,0.013450
2893.217194,0.013254
2895.146005,0.012750
2897.074817,0.012006
2899.003628,0.011077
2900.932439,0.010002
2902.861251,0.008821
2904.790062,0.007274
2906.718874,0.006646
2908.647685,0.008994
2910.576497,0.013130
2912.505308,0.016735
2914.434120,0.019431
2916.362931,0.021025
2918.291743,0.021262
2920.220554,0.020279
2922.149366,0.018207
2924.078177,0.015358
2926.006988,0.012083
2927.935800,0.008756
2929.864611,0.005802
2931.793423,0.003428
2933.722234,0.001692
2935.651046,0.000627
2937.579857,0.000104
2939.508669,-0.000094
2941.437480,-0.000131
2943.366292,-0.000121
2945.295103,-0.000107
2947.223915,-0.000086
2949.152726,-0.000057
2951.081537,0.000009
2953.010349,0.000080
2954.939160,0.000125
2956.867972,0.000153
2958.796783,0.000169
2960.725595,0.000111
2962.654406,0.000031
2964.583218,0.000090
2966.512029,0.000200
2968.440841,0.000188
2970.369652,0.000151
2972.298464,0.000173
2974.227275,0.000198
2976.156086,0.000235
2978.084898,0.000256
2980.013709,0.000237
2981.942521,0.000195
2983.871332,0.000099
2985.800144,0.000060
2987.728955,0.000130
2989.657767,0.000113
2991.586578,0.000006
2993.515390,-0.000027
2995.444201,0.000007
2997.373013,0.000050
2999.301824,0.000058
3001.230635,0.000033
3003.159447,0.000050
3005.088258,0.000060
3007.017070,0.000040
3008.945881,0.000057
3010.874693,0.000088
3012.803504,0.000079
3014.732316,0.000047
3016.661127,0.000043
3018.589939,0.000037
3020.518750,0.000013
3022.447562,0.000024
3024.376373,0.000019
3026.305185,-0.000020
3028.233996,-0.000017
3030.162807,0.000032
3032.091619,0.000055
3034.020430,-0.000008
3035.949242,-0.000060
3037.878053,0.000002
3039.806865,0.000042
3041.735676,0.000012
3043.664488,0.000048
3045.593299,0.000103
3047.522111,0.000036
3049.450922,-0.000060
3051.379734,0.000003
3053.308545,0.000103
3055.237356,0.000061
3057.166168,0.000005
3059.094979,0.000036
3061.023791,0.000012
3062.952602,-0.000084
3064.881414,-0.000100
3066.810225,-0.000016
3068.739037,0.000041
3070.667848,0.000044
3072.596660,0.000059
3074.525471,0.000071
3076.454283,0.000042
3078.383094,-0.000020
3080.311905,-0.000076
3082.240717,-0.000059
3084.169528,0.000002
3086.098340,-0.000003
3088.027151,-0.000029
3089.955963,0.000026
3091.884774,0.000076
3093.813586,0.000035
3095.742397,-0.000014
3097.671209,0.000002
3099.600020,0.000017
3101.528832,-0.000002
3103.457643,0.000004
3105.386454,0.000019
3107.315266,0.000017
3109.244077,0.000000
3111.172889,0.000003
3113.101700,0.000070
3115.030512,0.000091
3116.959323,0.000030
3118.888135,0.000018
3120.816946,0.000010
3122.745758,-0.000077
3124.674569,-0.000109
3126.603381,-0.000026
3128.532192,-0.000028
3130.461003,-0.000105
3132.389815,-0.000046
3134.318626,0.000019
3136.247438,-0.000094
3138.176249,-0.000197
3140.105061,-0.000118
3142.033872,-0.000044
3143.962684,-0.000087
3145.891495,-0.000118
3147.820307,-0.000112
3149.749118,-0.000097
3151.677930,-0.000106
3153.606741,-0.000106
3155.535552,-0.000066
3157.464364,-0.000093
3159.393175,-0.000134
3161.321987,-0.000158
3163.250798,-0.000175
3165.179610,-0.000082
3167.108421,-0.000020
3169.037233,-0.000036
3170.966044,0.000001
3172.894856,-0.000007
3174.823667,-0.000090
3176.752479,-0.000111
3178.681290,-0.000075
3180.610102,-0.000066
3182.538913,-0.000048
3184.467724,0.000041
3186.396536,0.000068
3188.325347,-0.000031
3190.254159,-0.000069
3192.182970,-0.000009
3194.111782,0.000018
3196.040593,0.000001
3197.969405,-0.000037
3199.898216,-0.000056
3201.827028,-0.000011
3203.755839,0.000044
3205.684651,0.000043
3207.613462,-0.000008
3209.542273,-0.000008
3211.471085,0.000070
3213.399896,0.000106
3215.328708,0.000110
3217.257519,0.000082
3219.186331,0.000015
3221.115142,0.000099
3223.043954,0.000203
3224.972765,0.000124
3226.901577,0.000065
3228.830388,0.000055
3230.759200,0.000029
3232.688011,0.000074
3234.616822,0.000161
3236.545634,0.000169
3238.474445,0.000136
3240.403257,0.000195
3242.332068,0.000238
3244.260880,0.000162
3246.189691,0.000144
3248.118503,0.000222
3250.047314,0.000255
3251.976126,0.000209
3253.904937,0.000146
3255.833749,0.000145
3257.762560,0.000197
3259.691371,0.000166
3261.620183,0.000174
3263.548994,0.000359
3265.477806,0.000376
3267.406617,0.000137
3269.335429,0.000002
3271.264240,0.000082
3273.193052,0.000187
3275.121863,0.000127
3277.050675,0.000046
3278.979486,0.000160
3280.908298,0.000287
3282.837109,0.000189
3284.765920,0.000045
3286.694732,0.000132
3288.623543,0.000220
3290.552355,0.000137
3292.481166,0.000085
3294.409978,0.000057
3296.338789,0.000060
3298.267601,0.000142
3300.196412,0.000036
3302.125224,-0.000215
3304.054035,-0.000203
3305.982847,0.000004
3307.911658,0.000048
3309.840469,-0.000047
3311.769281,-0.000094
3313.698092,-0.000062
3315.626904,-0.000024
3317.555715,-0.000113
3319.484527,-0.000272
3321.413338,-0.000292
3323.342150,-0.000191
3325.270961,-0.000115
3327.199773,-0.000092
3329.128584,-0.000130
3331.057396,-0.000222
3332.986207,-0.000268
3334.915018,-0.000245
3336.843830,-0.000188
3338.772641,-0.000112
3340.701453,-0.000098
3342.630264,-0.000123
3344.559076,0.000019
3346.487887,0.000277
3348.416699,0.000282
3350.345510,0.000172
3352.274322,0.000206
3354.203133,0.000172
3356.131945,0.000148
3358.060756,0.000142
3359.989568,0.000072
3361.918379,0.000197
3363.847190,0.000329
3365.776002,0.000190
3367.704813,0.000040
3369.633625,0.000150
3371.562436,0.000192
3373.491248,-0.000041
3375.420059,-0.000102
3377.348871,-0.000045
3379.277682,-0.000022
3381.206494,0.000110
3383.135305,0.000210
3385.064117,0.000279
3386.992928,0.000272
3388.921739,0.000226
3390.850551,0.000270
3392.779362,0.000255
3394.708174,0.000240
3396.636985,0.000258
3398.565797,0.000202
3400.494608,0.000144
3402.423420,0.000159
3404.352231,0.000217
3406.281043,0.000208
3408.209854,0.000183
3410.138666,0.000218
3412.067477,0.000234
3413.996288,0.000228
3415.925100,0.000203
3417.853911,0.000135
3419.782723,-0.000001
3421.711534,-0.000170
3423.640346,-0.000227
3425.569157,-0.000192
3427.497969,-0.000093
3429.426780,0.000038
3431.355592,-0.000016
3433.284403,-0.000079
3435.213215,0.000093
3437.142026,0.000119
3439.070837,0.000069
3440.999649,0.000155
3442.928460,0.000073
3444.857272,0.000011
3446.786083,0.000227
3448.714895,0.000364
3450.643706,0.000334
3452.572518,0.000272
3454.501329,0.000171
3456.430141,0.000156
3458.358952,0.000158
3460.287764,0.000088
3462.216575,0.000073
3464.145386,0.000059
3466.074198,0.000047
3468.003009,0.000104
3469.931821,0.000157
3471.860632,0.000170
3473.789444,0.000113
3475.718255,0.000022
3477.647067,-0.000024
3479.575878,-0.000054
3481.504690,-0.000099
3483.433501,-0.000093
3485.362313,0.000012
3487.291124,0.000065
3489.219935,0.000007
3491.148747,-0.000054
3493.077558,-0.000078
3495.006370,-0.000038
3496.935181,0.000030
3498.863993,0.000041
3500.792804,-0.000078
3502.721616,-0.000240
3504.650427,-0.000248
3506.579239,-0.000162
3508.508050,-0.000097
3510.436862,0.000026
3512.365673,0.000186
3514.294484,0.000163
3516.223296,-0.000007
3518.152107,-0.000051
3520.080919,0.000007
3522.009730,-0.000012
3523.938542,-0.000022
3525.867353,0.000028
3527.796165,-0.000041
3529.724976,-0.000035
3531.653788,0.000213
3533.582599,0.000360
3535.511411,0.000396
3537.440222,0.000537
3539.369034,0.000655
3541.297845,0.000553
3543.226656,0.000289
3545.155468,0.000080
3547.084279,0.000167
3549.013091,0.000501
3550.941902,0.000742
3552.870714,0.000920
3554.799525,0.001279
3556.728337,0.001441
3558.657148,0.001469
3560.585960,0.001714
3562.514771,0.001971
3564.443583,0.002082
3566.372394,0.002013
3568.301205,0.002263
3570.230017,0.003157
3572.158828,0.003801
3574.087640,0.003965
3576.016451,0.004057
3577.945263,0.003937
3579.874074,0.003700
3581.802886,0.003409
3583.731697,0.002897
3585.660509,0.002357
3587.589320,0.002409
3589.518132,0.003155
3591.446943,0.003170
3593.375754,0.002356
3595.304566,0.002265
3597.233377,0.002977
3599.162189,0.003673
3601.091000,0.004133
3603.019812,0.004392
3604.948623,0.004434
3606.877435,0.003967
3608.806246,0.003259
3610.735058,0.002877
3612.663869,0.002489
3614.592681,0.002163
3616.521492,0.001970
3618.450303,0.001322
3620.379115,0.001070
3622.307926,0.001496
3624.236738,0.001517
3626.165549,0.001044
3628.094361,-0.000001
3630.023172,-0.000462
3631.951984,0.000481
3633.880795,0.001043
3635.809607,0.001153
3637.738418,0.001530
3639.667230,0.001590
3641.596041,0.001312
3643.524852,0.001012
3645.453664,0.000279
3647.382475,-0.000871
3649.311287,-0.001685
3651.240098,-0.001288
3653.168910,-0.000004
3655.097721,0.000462
3657.026533,0.000278
3658.955344,0.000820
3660.884156,0.001342
3662.812967,0.001248
3664.741779,0.000983
3666.670590,0.000644
3668.599401,-0.000271
3670.528213,-0.001284
3672.457024,-0.001103
3674.385836,-0.001199
3676.314647,-0.001603
3678.243459,-0.000501
3680.172270,0.000642
3682.101082,0.000955
3684.029893,0.001043
3685.958705,0.000818
3687.887516,-0.000003
3689.816328,-0.000590
3691.745139,0.000081
3693.673951,0.001128
3695.602762,0.001593
3697.531573,0.001696
3699.460385,0.001637
3701.389196,0.001285
3703.318008,0.001194
3705.246819,0.001500
3707.175631,0.001391
3709.104442,0.000916
3711.033254,0.000460
3712.962065,0.000573
3714.890877,0.001443
3716.819688,0.001966
3718.748500,0.001907
3720.677311,0.001761
3722.606122,0.001800
3724.534934,0.001918
3726.463745,0.001834
3728.392557,0.001932
3730.321368,0.001852
3732.250180,0.001036
3734.178991,0.000398
3736.107803,0.000475
3738.036614,0.000931
3739.965426,0.001648
3741.894237,0.001811
3743.823049,0.000552
3745.751860,-0.000331
3747.680671,0.000473
3749.609483,0.000574
3751.538294,0.000220
3753.467106,0.001024
3755.395917,0.002050
3757.324729,0.002407
3759.253540,0.002288
3761.182352,0.002502
3763.111163,0.002833
3765.039975,0.002706
3766.968786,0.002583
3768.897598,0.002420
3770.826409,0.002420
3772.755220,0.002874
3774.684032,0.003102
3776.612843,0.003003
3778.541655,0.002667
3780.470466,0.002421
3782.399278,0.002707
3784.328089,0.002910
3786.256901,0.002811
3788.185712,0.002893
3790.114524,0.003012
3792.043335,0.002928
3793.972147,0.002624
3795.900958,0.001942
3797.829769,0.001591
3799.758581,0.001386
3801.687392,0.000595
3803.616204,0.000840
3805.545015,0.001431
3807.473827,0.001239
3809.402638,0.001608
3811.331450,0.002129
3813.260261,0.001981
3815.189073,0.001023
3817.117884,0.000280
3819.046696,0.000486
3820.975507,0.000093
3822.904318,0.000247
3824.833130,0.001260
3826.761941,0.001397
3828.690753,0.001406
3830.619564,0.001302
3832.548376,0.000702
3834.477187,0.000498
3836.405999,0.000285
3838.334810,-0.000230
3840.263622,-0.000115
3842.192433,0.000492
3844.121245,0.000870
3846.050056,0.001065
3847.978867,0.001092
3849.907679,0.000704
3851.836490,-0.000309
3853.765302,-0.001551
3855.694113,-0.001198
3857.622925,0.000184
3859.551736,0.000794
3861.480548,0.000587
3863.409359,0.000061
3865.338171,-0.000192
3867.266982,0.000028
3869.195794,-0.000214
3871.124605,-0.000327
3873.053417,0.000184
3874.982228,0.000323
3876.911039,0.000633
3878.839851,0.000668
3880.768662,-0.000069
3882.697474,0.000025
3884.626285,0.000151
3886.555097,-0.000188
3888.483908,0.000244
3890.412720,0.000369
3892.341531,0.000023
3894.270343,0.000256
3896.199154,0.000351
3898.127966,-0.000223
3900.056777,-0.000802
3901.985588,-0.000873
3903.914400,-0.000719
3905.843211,-0.000339
3907.772023,0.000342
3909.700834,0.000787
3911.629646,0.000848
3913.558457,0.000679
3915.487269,0.000393
3917.416080,0.000214
3919.344892,0.000164
3921.273703,0.000209
3923.202515,0.000201
3925.131326,0.000093
3927.060137,0.000096
3928.988949,0.000098
3930.917760,0.000030
3932.846572,0.000120
3934.775383,0.000373
3936.704195,0.000497
3938.633006,0.000472
3940.561818,0.000406
3942.490629,0.000207
3944.419441,0.000128
3946.348252,0.000175
3948.277064,0.000052
3950.205875,0.000006
3952.134686,0.000051
3954.063498,0.000060
3955.992309,0.000085
3957.921121,0.000023
3959.849932,-0.000068
3961.778744,-0.000094
3963.707555,-0.000023
3965.636367,0.000057
3967.565178,0.000026
3969.493990,-0.000068
3971.422801,-0.000170
3973.351613,-0.000209
3975.280424,-0.000146
3977.209235,-0.000023
3979.138047,0.000111
3981.066858,0.000118
3982.995670,0.000062
3984.924481,0.000003
3986.853293,-0.000066
3988.782104,-0.000075
3990.710916,-0.000039
3992.639727,-0.000032
3994.568539,-0.000133
3996.497350,-0.000189
3998.426162,-0.000106
4000.354973,-0.000028
