898.826141,0.000856
900.754953,0.001091
902.683764,0.000324
904.612576,0.000328
906.541387,0.001064
908.470199,0.001053
910.399010,0.001223
912.327822,0.001738
914.256633,0.000741
916.185445,-0.000404
918.114256,0.000049
920.043068,0.000120
921.971879,-0.000099
923.900690,0.000372
925.829502,0.000283
927.758313,-0.000142
929.687125,0.000127
931.615936,0.001148
933.544748,0.001396
935.473559,0.000132
937.402371,-0.000202
939.331182,0.000658
941.259994,0.000950
943.188805,0.000701
945.117617,0.000566
947.046428,0.000789
948.975240,0.000876
950.904051,0.000690
952.832862,0.000512
954.761674,0.000311
956.690485,0.000260
958.619297,0.000263
960.548108,0.000253
962.476920,0.000233
964.405731,0.000108
966.334543,0.000276
968.263354,0.000603
970.192166,0.000437
972.120977,-0.000030
974.049789,-0.000219
975.978600,-0.000057
977.907411,0.000196
979.836223,0.000251
981.765034,0.000075
983.693846,-0.000028
985.622657,0.000128
987.551469,0.000287
989.480280,0.000204
991.409092,0.000139
993.337903,0.000186
995.266715,0.000164
997.195526,0.000216
999.124338,0.000291
1001.053149,0.000257
1002.981960,0.000226
1004.910772,0.000201
1006.839583,0.000184
1008.768395,0.000151
1010.697206,0.000018
1012.626018,-0.000131
1014.554829,-0.000114
1016.483641,0.000014
1018.412452,0.000068
1020.341264,0.000071
1022.270075,0.000032
1024.198887,0.000059
1026.127698,0.000239
1028.056509,0.000340
1029.985321,0.000413
1031.914132,0.000558
1033.842944,0.000624
1035.771755,0.000634
1037.700567,0.000672
1039.629378,0.000792
1041.558190,0.000874
1043.487001,0.000742
1045.415813,0.000597
1047.344624,0.000574
1049.273436,0.000480
1051.202247,0.000322
1053.131058,0.000224
1055.059870,0.000115
1056.988681,0.000014
1058.917493,0.000043
1060.846304,0.000072
1062.775116,0.000012
1064.703927,-0.000036
1066.632739,-0.000022
1068.561550,-0.000043
1070.490362,-0.000077
1072.419173,-0.000057
1074.347985,-0.000025
1076.276796,0.000018
1078.205607,0.000042
1080.134419,0.000032
1082.063230,0.000025
1083.992042,0.000038
1085.920853,0.000059
1087.849665,0.000004
1089.778476,-0.000041
1091.707288,0.000030
1093.636099,0.000075
1095.564911,0.000091
1097.493722,0.000142
1099.422534,0.000155
1101.351345,0.000107
1103.280156,0.000068
1105.208968,0.000066
1107.137779,0.000023
1109.066591,-0.000016
1110.995402,0.000025
1112.924214,0.000028
1114.853025,-0.000002
1116.781837,0.000015
1118.710648,0.000015
1120.639460,0.000014
1122.568271,0.000041
1124.497083,0.000041
1126.425894,0.000050
1128.354706,0.000094
1130.283517,0.000079
1132.212328,0.000013
1134.141140,-0.000005
1136.069951,0.000009
1137.998763,-0.000006
1139.927574,-0.000025
1141.856386,-0.000052
1143.785197,-0.000069
1145.714009,-0.000041
1147.642820,-0.000028
1149.571632,0.000001
1151.500443,0.000078
1153.429255,0.000132
1155.358066,0.000161
1157.286877,0.000152
1159.215689,0.000138
1161.144500,0.000196
1163.073312,0.000263
1165.002123,0.000308
1166.930935,0.000319
1168.859746,0.000284
1170.788558,0.000263
1172.717369,0.000247
1174.646181,0.000255
1176.574992,0.000321
1178.503804,0.000360
1180.432615,0.000352
1182.361426,0.000340
1184.290238,0.000360
1186.219049,0.000427
1188.147861,0.000511
1190.076672,0.000563
1192.005484,0.000586
1193.934295,0.000592
1195.863107,0.000579
1197.791918,0.000568
1199.720730,0.000530
1201.649541,0.000523
1203.578353,0.000581
1205.507164,0.000587
1207.435975,0.000583
1209.364787,0.000613
1211.293598,0.000649
1213.222410,0.000708
1215.151221,0.000840
1217.080033,0.001025
1219.008844,0.001129
1220.937656,0.001273
1222.866467,0.001483
1224.795279,0.001691
1226.724090,0.002055
1228.652902,0.002467
1230.581713,0.002902
1232.510524,0.003496
1234.439336,0.004091
1236.368147,0.004801
1238.296959,0.005762
1240.225770,0.006696
1242.154582,0.007761
1244.083393,0.009063
1246.012205,0.010375
1247.941016,0.011729
1249.869828,0.012916
1251.798639,0.013718
1253.727451,0.013561
1255.656262,0.012566
1257.585073,0.011756
1259.513885,0.011534
1261.442696,0.013667
1263.371508,0.016353
1265.300319,0.014929
1267.229131,0.012863
1269.157942,0.013856
1271.086754,0.015108
1273.015565,0.015281
1274.944377,0.014808
1276.873188,0.013810
1278.802000,0.012816
1280.730811,0.012004
1282.659622,0.011150
1284.588434,0.010268
1286.517245,0.009603
1288.446057,0.008993
1290.374868,0.008485
1292.303680,0.008183
1294.232491,0.007871
1296.161303,0.007715
1298.090114,0.007702
1300.018926,0.007649
1301.947737,0.007659
1303.876549,0.007707
1305.805360,0.007718
1307.734172,0.007812
1309.662983,0.007908
1311.591794,0.007710
1313.520606,0.007418
1315.449417,0.007175
1317.378229,0.006807
1319.307040,0.006383
1321.235852,0.005975
1323.164663,0.005846
1325.093475,0.005839
1327.022286,0.005281
1328.951098,0.004617
1330.879909,0.004325
1332.808721,0.003992
1334.737532,0.003678
1336.666343,0.003379
1338.595155,0.002923
1340.523966,0.002774
1342.452778,0.002833
1344.381589,0.002594
1346.310401,0.002156
1348.239212,0.001702
1350.168024,0.001330
1352.096835,0.001063
1354.025647,0.000881
1355.954458,0.000842
1357.883270,0.000768
1359.812081,0.000387
1361.740892,-0.000143
1363.669704,-0.000101
1365.598515,0.000278
1367.527327,0.000205
1369.456138,0.000168
1371.384950,0.000124
1373.313761,-0.000375
1375.242573,-0.000388
1377.171384,0.000160
1379.100196,0.000359
1381.029007,0.000414
1382.957819,0.000524
1384.886630,0.000266
1386.815441,-0.000157
1388.744253,0.000091
1390.673064,0.000571
1392.601876,0.000167
1394.530687,-0.000440
1396.459499,-0.000356
1398.388310,-0.000248
1400.317122,0.000183
1402.245933,0.000660
1404.174745,0.000443
1406.103556,0.000527
1408.032368,0.000981
1409.961179,0.001132
1411.889990,0.001124
1413.818802,0.001101
1415.747613,0.000710
1417.676425,-0.000506
1419.605236,-0.000795
1421.534048,0.000361
1423.462859,0.000791
1425.391671,0.000882
1427.320482,0.000993
1429.249294,0.000618
1431.178105,0.000705
1433.106917,0.000906
1435.035728,-0.000209
1436.964539,-0.000894
1438.893351,0.000435
1440.822162,0.001286
1442.750974,0.001306
1444.679785,0.001207
1446.608597,0.000683
1448.537408,0.000538
1450.466220,0.000943
1452.395031,0.000880
1454.323843,-0.000362
1456.252654,-0.002662
1458.181466,-0.002551
1460.110277,-0.000104
1462.039089,0.000755
1463.967900,-0.000044
1465.896711,-0.000046
1467.825523,0.000997
1469.754334,0.000537
1471.683146,-0.001204
1473.611957,-0.001338
1475.540769,-0.000044
1477.469580,0.001061
1479.398392,0.001647
1481.327203,0.001818
1483.256015,0.001974
1485.184826,0.001698
1487.113638,0.000721
1489.042449,-0.000091
1490.971260,0.000467
1492.900072,0.001545
1494.828883,0.001136
1496.757695,0.000132
1498.686506,0.000560
1500.615318,0.001581
1502.544129,0.001791
1504.472941,-0.000351
1506.401752,-0.003318
1508.330564,-0.001851
1510.259375,0.000531
1512.188187,0.001404
1514.116998,0.001284
1516.045809,0.000390
1517.974621,-0.000104
1519.903432,-0.000796
1521.832244,-0.001330
1523.761055,-0.000027
1525.689867,0.000936
1527.618678,0.001306
1529.547490,0.002009
1531.476301,0.001351
1533.405113,0.000270
1535.333924,0.000795
1537.262736,0.000016
1539.191547,-0.003170
1541.120358,-0.003550
1543.049170,-0.001464
1544.977981,0.000276
1546.906793,0.001634
1548.835604,0.002027
1550.764416,0.002139
1552.693227,0.002080
1554.622039,0.001680
1556.550850,0.000357
1558.479662,-0.001477
1560.408473,0.002353
1562.337285,0.007632
1564.266096,0.010629
1566.194907,0.013524
1568.123719,0.016384
1570.052530,0.020935
1571.981342,0.027979
1573.910153,0.034145
1575.838965,0.041985
1577.767776,0.054302
1579.696588,0.067608
1581.625399,0.081933
1583.554211,0.097850
1585.483022,0.115445
1587.411834,0.134457
1589.340645,0.154517
1591.269456,0.174915
1593.198268,0.193374
1595.127079,0.208658
1597.055891,0.219582
1598.984702,0.225859
1600.913514,0.226768
1602.842325,0.222635
1604.771137,0.215183
1606.699948,0.203556
1608.628760,0.188886
1610.557571,0.170754
1612.486383,0.151666
1614.415194,0.131172
1616.344005,0.111415
1618.272817,0.128112
1620.201628,0.179800
1622.130440,0.234364
1624.059251,0.275254
1625.988063,0.297682
1627.916874,0.306531
1629.845686,0.301447
1631.774497,0.281675
1633.703309,0.251318
1635.632120,0.209848
1637.560932,0.171894
1639.489743,0.141680
1641.418555,0.108973
1643.347366,0.079177
1645.276177,0.054532
1647.204989,0.033136
1649.133800,0.020893
1651.062612,0.011852
1652.991423,0.002448
1654.920235,0.001432
1656.849046,0.003267
1658.777858,0.003050
1660.706669,0.001908
1662.635481,0.000824
1664.564292,0.001026
1666.493104,0.001122
1668.421915,-0.000424
1670.350726,-0.000638
1672.279538,0.000534
1674.208349,0.000770
1676.137161,0.001670
1678.065972,0.003559
1679.994784,0.004428
1681.923595,0.003611
1683.852407,0.002376
1685.781218,0.004059
1687.710030,0.006119
1689.638841,0.006261
1691.567653,0.006215
1693.496464,0.004747
1695.425275,0.003350
1697.354087,0.006097
1699.282898,0.006042
1701.211710,0.002752
1703.140521,0.003392
1705.069333,0.005150
1706.998144,0.007087
1708.926956,0.009613
1710.855767,0.011265
1712.784579,0.011298
1714.713390,0.009890
1716.642202,0.008285
1718.571013,0.008394
1720.499824,0.009698
1722.428636,0.009920
1724.357447,0.009189
1726.286259,0.008579
1728.215070,0.007557
1730.143882,0.006505
1732.072693,0.005085
1734.001505,0.003853
1735.930316,0.005497
1737.859128,0.006829
1739.787939,0.006728
1741.716751,0.007170
1743.645562,0.007644
1745.574373,0.007398
1747.503185,0.006730
1749.431996,0.005984
1751.360808,0.006219
1753.289619,0.007268
1755.218431,0.007433
1757.147242,0.007060
1759.076054,0.006736
1761.004865,0.005525
1762.933677,0.004465
1764.862488,0.003968
1766.791300,0.002651
1768.720111,0.001148
1770.648922,-0.000262
1772.577734,-0.001161
1774.506545,-0.000367
1776.435357,0.000521
1778.364168,0.000513
1780.292980,0.000269
1782.221791,0.000318
1784.150603,0.000390
1786.079414,0.000518
1788.008226,0.000680
1789.937037,-0.000090
1791.865849,-0.001129
1793.794660,-0.000669
1795.723471,0.000215
1797.652283,0.000244
1799.581094,-0.000120
1801.509906,-0.000045
1803.438717,0.000453
1805.367529,0.000802
1807.296340,0.000834
1809.225152,0.000617
1811.153963,0.000560
1813.082775,0.000920
1815.011586,0.001179
1816.940398,0.001159
1818.869209,0.001161
1820.798021,0.001229
1822.726832,0.000972
1824.655643,0.000620
1826.584455,0.000672
1828.513266,0.000453
1830.442078,0.000458
1832.370889,0.001356
1834.299701,0.001887
1836.228512,0.001876
1838.157324,0.001988
1840.086135,0.002090
1842.014947,0.001589
1843.943758,0.000903
1845.872570,0.001368
1847.801381,0.002154
1849.730192,0.002383
1851.659004,0.002461
1853.587815,0.002449
1855.516627,0.002385
1857.445438,0.002285
1859.374250,0.002152
1861.303061,0.001984
1863.231873,0.001696
1865.160684,0.001166
1867.089496,0.000224
1869.018307,-0.000339
1870.947119,0.000027
1872.875930,0.000839
1874.804741,0.001620
1876.733553,0.001351
1878.662364,0.000501
1880.591176,0.000519
1882.519987,0.000960
1884.448799,0.001315
1886.377610,0.001610
1888.306422,0.001648
1890.235233,0.001915
1892.164045,0.002463
1894.092856,0.002761
1896.021668,0.002970
1897.950479,0.003240
1899.879290,0.003399
1901.808102,0.003419
1903.736913,0.003384
1905.665725,0.003312
1907.594536,0.003170
1909.523348,0.003029
1911.452159,0.002945
1913.380971,0.002865
1915.309782,0.002486
1917.238594,0.001875
1919.167405,0.001743
1921.096217,0.001804
1923.025028,0.001613
1924.953839,0.001605
1926.882651,0.001615
1928.811462,0.001385
1930.740274,0.001147
1932.669085,0.000989
1934.597897,0.000839
1936.526708,0.000665
1938.455520,0.000538
1940.384331,0.000241
1942.313143,-0.000098
1944.241954,-0.000021
1946.170766,0.000139
1948.099577,0.000125
1950.028388,0.000107
1951.957200,0.000091
1953.886011,0.000048
1955.814823,0.000014
1957.743634,0.000055
1959.672446,0.000063
1961.601257,0.000010
1963.530069,-0.000035
1965.458880,-0.000144
1967.387692,-0.000184
1969.316503,-0.000090
1971.245315,-0.000014
1973.174126,0.000042
1975.102938,0.000068
1977.031749,0.000056
1978.960560,0.000071
1980.889372,0.000090
1982.818183,0.000081
1984.746995,0.000058
1986.675806,0.000013
1988.604618,-0.000069
1990.533429,-0.000200
1992.462241,-0.000212
1994.391052,-0.000028
1996.319864,0.000089
1998.248675,0.000062
2000.177487,0.000042
2002.106298,0.000020
2004.035109,0.000004
2005.963921,0.000041
2007.892732,0.000059
2009.821544,0.000053
2011.750355,0.000028
2013.679167,-0.000068
2015.607978,-0.000154
2017.536790,-0.000155
2019.465601,-0.000086
2021.394413,-0.000014
2023.323224,-0.000009
2025.252036,-0.000029
2027.180847,-0.000053
2029.109658,-0.000082
2031.038470,-0.000082
2032.967281,-0.000064
2034.896093,-0.000071
2036.824904,-0.000107
2038.753716,-0.000111
2040.682527,-0.000099
2042.611339,-0.000118
2044.540150,-0.000112
2046.468962,-0.000071
2048.397773,-0.000058
2050.326585,-0.000075
2052.255396,-0.000057
2054.184207,-0.000045
2056.113019,-0.000058
2058.041830,-0.000055
2059.970642,-0.000081
2061.899453,-0.000102
2063.828265,-0.000125
2065.757076,-0.000145
2067.685888,-0.000085
2069.614699,-0.000051
2071.543511,-0.000077
2073.472322,-0.000090
2075.401134,-0.000108
2077.329945,-0.000127
2079.258756,-0.000119
2081.187568,-0.000066
2083.116379,-0.000036
2085.045191,-0.000055
2086.974002,-0.000051
2088.902814,-0.000049
2090.831625,-0.000084
2092.760437,-0.000084
2094.689248,-0.000040
2096.618060,-0.000060
2098.546871,-0.000085
2100.475683,-0.000023
2102.404494,0.000008
2104.333305,-0.000014
2106.262117,-0.000028
2108.190928,-0.000046
2110.119740,-0.000040
2112.048551,0.000004
2113.977363,0.000035
2115.906174,0.000023
2117.834986,0.000003
2119.763797,0.000012
2121.692609,0.000023
2123.621420,0.000000
2125.550232,-0.000026
2127.479043,-0.000041
2129.407854,-0.000066
2131.336666,-0.000071
2133.265477,-0.000073
2135.194289,-0.000127
2137.123100,-0.000160
2139.051912,-0.000144
2140.980723,-0.000141
2142.909535,-0.000130
2144.838346,-0.000116
2146.767158,-0.000168
2148.695969,-0.000194
2150.624781,-0.000126
2152.553592,-0.000087
2154.482404,-0.000059
2156.411215,0.000012
2158.340026,0.000019
2160.268838,-0.000011
2162.197649,-0.000006
2164.126461,0.000011
2166.055272,0.000038
2167.984084,0.000052
2169.912895,0.000074
2171.841707,0.000115
2173.770518,0.000134
2175.699330,0.000172
2177.628141,0.000235
2179.556953,0.000269
2181.485764,0.000304
2183.414575,0.000339
2185.343387,0.000347
2187.272198,0.000387
2189.201010,0.000500
2191.129821,0.000633
2193.058633,0.000742
2194.987444,0.000869
2196.916256,0.001019
2198.845067,0.001126
2200.773879,0.001224
2202.702690,0.001353
2204.631502,0.001486
2206.560313,0.001600
2208.489124,0.001658
2210.417936,0.001681
2212.346747,0.001667
2214.275559,0.001562
2216.204370,0.001389
2218.133182,0.001169
2220.061993,0.000873
2221.990805,0.000589
2223.919616,0.000523
2225.848428,0.000765
2227.777239,0.001184
2229.706051,0.001583
2231.634862,0.001892
2233.563673,0.002134
2235.492485,0.002279
2237.421296,0.002297
2239.350108,0.002202
2241.278919,0.002008
2243.207731,0.001728
2245.136542,0.001401
2247.065354,0.001103
2248.994165,0.000828
2250.922977,0.000551
2252.851788,0.000314
2254.780600,0.000168
2256.709411,0.000087
2258.638222,-0.000017
2260.567034,-0.000077
2262.495845,-0.000041
2264.424657,-0.000032
2266.353468,-0.000047
2268.282280,-0.000053
2270.211091,-0.000048
2272.139903,-0.000003
2274.068714,-0.000008
2275.997526,-0.000038
2277.926337,0.000033
2279.855149,0.000106
2281.783960,0.000098
2283.712771,0.000093
2285.641583,0.000099
2287.570394,0.000042
2289.499206,-0.000037
2291.428017,-0.000013
2293.356829,0.000007
2295.285640,0.000010
2297.214452,0.000024
2299.143263,0.000008
2301.072075,-0.000052
2303.000886,-0.000140
2304.929698,-0.000201
2306.858509,-0.000248
2308.787320,-0.000373
2310.716132,-0.000548
2312.644943,-0.000427
2314.573755,-0.000379
2316.502566,-0.000389
2318.431378,-0.000404
2320.360189,-0.000449
2322.289001,-0.000497
2324.217812,-0.000464
2326.146624,-0.000403
2328.075435,-0.000365
2330.004247,-0.000257
2331.933058,-0.000029
2333.861870,-0.000033
2335.790681,-0.000048
2337.719492,0.000035
2339.648304,0.000183
2341.577115,0.000472
2343.505927,0.001003
2345.434738,0.001842
2347.363550,0.002928
2349.292361,0.003411
2351.221173,0.002731
2353.149984,0.001583
2355.078796,0.000715
2357.007607,0.000213
2358.936419,0.000005
2360.865230,-0.000009
2362.794041,0.000213
2364.722853,-0.000114
2366.651664,-0.000293
2368.580476,-0.000326
2370.509287,-0.000194
2372.438099,0.000077
2374.366910,0.000350
2376.295722,0.000533
2378.224533,0.000596
2380.153345,0.000476
2382.082156,0.000197
2384.010968,-0.000197
2385.939779,-0.000044
2387.868590,0.000003
2389.797402,-0.000019
2391.726213,-0.000003
2393.655025,0.000023
2395.583836,-0.000011
2397.512648,-0.000004
2399.441459,0.000050
2401.370271,0.000012
2403.299082,-0.000070
2405.227894,-0.000062
2407.156705,-0.000032
2409.085517,-0.000058
2411.014328,-0.000080
2412.943139,-0.000059
2414.871951,-0.000027
2416.800762,-0.000037
2418.729574,-0.000075
2420.658385,-0.000105
2422.587197,-0.000120
2424.516008,-0.000103
2426.444820,-0.000079
2428.373631,-0.000063
2430.302443,-0.000037
2432.231254,-0.000043
2434.160066,-0.000071
2436.088877,-0.000070
2438.017688,-0.000070
2439.946500,-0.000069
2441.875311,-0.000062
2443.804123,-0.000086
2445.732934,-0.000110
2447.661746,-0.000097
2449.590557,-0.000085
2451.519369,-0.000088
2453.448180,-0.000067
2455.376992,-0.000013
2457.305803,0.000014
2459.234615,-0.000015
2461.163426,-0.000067
2463.092237,-0.000061
2465.021049,0.000005
2466.949860,0.000013
2468.878672,-0.000031
2470.807483,-0.000038
2472.736295,-0.000028
2474.665106,-0.000007
2476.593918,0.000026
2478.522729,0.000024
2480.451541,0.000023
2482.380352,0.000067
2484.309164,0.000103
2486.237975,0.000090
2488.166786,0.000052
2490.095598,0.000054
2492.024409,0.000116
2493.953221,0.000133
2495.882032,0.000066
2497.810844,0.000018
2499.739655,0.000015
2501.668467,0.000001
2503.597278,-0.000001
2505.526090,0.000046
2507.454901,0.000094
2509.383713,0.000106
2511.312524,0.000067
2513.241336,0.000052
2515.170147,0.000074
2517.098958,-0.000003
2519.027770,-0.000091
2520.956581,-0.000055
2522.885393,-0.000029
2524.814204,-0.000048
2526.743016,-0.000053
2528.671827,-0.000079
2530.600639,-0.000100
2532.529450,-0.000105
2534.458262,-0.000128
2536.387073,-0.000147
2538.315885,-0.000145
2540.244696,-0.000122
2542.173507,-0.000105
2544.102319,-0.000109
2546.031130,-0.000105
2547.959942,-0.000085
2549.888753,-0.000066
2551.817565,-0.000053
2553.746376,-0.000053
2555.675188,-0.000078
2557.603999,-0.000083
2559.532811,-0.000060
2561.461622,-0.000094
2563.390434,-0.000155
2565.319245,-0.000173
2567.248056,-0.000157
2569.176868,-0.000121
2571.105679,-0.000107
2573.034491,-0.000109
2574.963302,-0.000119
2576.892114,-0.000130
2578.820925,-0.000099
2580.749737,-0.000106
2582.678548,-0.000142
2584.607360,-0.000129
2586.536171,-0.000108
2588.464983,-0.000049
2590.393794,-0.000007
2592.322605,-0.000077
2594.251417,-0.000158
2596.180228,-0.000153
2598.109040,-0.000088
2600.037851,-0.000045
2601.966663,-0.000058
2603.895474,-0.000072
2605.824286,-0.000064
2607.753097,-0.000065
2609.681909,-0.000089
2611.610720,-0.000101
2613.539532,-0.000082
2615.468343,-0.000062
2617.397154,-0.000046
2619.325966,-0.000030
2621.254777,-0.000006
2623.183589,0.000026
2625.112400,0.000032
2627.041212,0.000046
2628.970023,0.000101
2630.898835,0.000128
2632.827646,0.000129
2634.756458,0.000105
2636.685269,0.000048
2638.614081,0.000023
2640.542892,0.000007
2642.471703,-0.000011
2644.400515,-0.000022
2646.329326,-0.000014
2648.258138,0.000038
2650.186949,0.000081
2652.115761,0.000057
2654.044572,0.000011
2655.973384,-0.000017
2657.902195,-0.000031
2659.831007,-0.000022
2661.759818,0.000003
2663.688630,-0.000020
2665.617441,-0.000053
2667.546253,-0.000025
2669.475064,0.000005
2671.403875,-0.000036
2673.332687,-0.000051
2675.261498,0.000011
2677.190310,-0.000008
2679.119121,-0.000061
2681.047933,-0.000012
2682.976744,0.000004
2684.905556,-0.000030
2686.834367,-0.000007
2688.763179,-0.000003
2690.691990,-0.000031
2692.620802,0.000004
2694.549613,0.000035
2696.478424,-0.000013
2698.407236,-0.000014
2700.336047,0.000041
2702.264859,0.000033
2704.193670,0.000016
2706.122482,0.000017
2708.051293,-0.000003
2709.980105,0.000018
2711.908916,0.000052
2713.837728,0.000027
2715.766539,-0.000008
2717.695351,-0.000006
2719.624162,0.000028
2721.552973,0.000079
2723.481785,0.000096
2725.410596,0.000073
2727.339408,0.000046
2729.268219,0.000014
2731.197031,-0.000028
2733.125842,-0.000043
2735.054654,-0.000005
2736.983465,0.000061
2738.912277,0.000084
2740.841088,0.000040
2742.769900,0.000015
2744.698711,0.000018
2746.627522,0.000013
2748.556334,0.000021
2750.485145,-0.000033
2752.413957,-0.000049
2754.342768,0.000095
2756.271580,0.000152
2758.200391,0.000095
2760.129203,0.000088
2762.058014,0.000054
2763.986826,0.000026
2765.915637,0.000053
2767.844449,0.000028
2769.773260,-0.000007
2771.702071,0.000035
2773.630883,0.000096
2775.559694,0.000097
2777.488506,0.000074
2779.417317,0.000083
2781.346129,0.000071
2783.274940,0.000039
2785.203752,0.000057
2787.132563,0.000015
2789.061375,-0.000054
2790.990186,0.000020
2792.918998,0.000073
2794.847809,-0.000003
2796.776620,-0.000051
2798.705432,-0.000029
2800.634243,-0.000009
2802.563055,-0.000021
2804.491866,-0.000009
2806.420678,0.000018
2808.349489,0.000004
2810.278301,-0.000035
2812.207112,-0.000035
2814.135924,0.000035
2816.064735,0.000069
2817.993547,0.000050
2819.922358,0.000083
2821.851169,0.000104
2823.779981,0.000075
2825.708792,0.000080
2827.637604,0.000065
2829.566415,-0.000000
2831.495227,0.000014
2833.424038,0.000069
2835.352850,0.000044
2837.281661,0.000051
2839.210473,0.000116
2841.139284,0.000185
2843.068096,0.000267
2844.996907,0.000343
2846.925719,0.000432
2848.854530,0.000544
2850.783341,0.000659
2852.712153,0.000776
2854.640964,0.000902
2856.569776,0.001160
2858.498587,0.001506
2860.427399,0.001841
2862.356210,0.002247
2864.285022,0.002669
2866.213833,0.003127
2868.142645,0.003661
2870.071456,0.004217
2872.000268,0.004987
2873.929079,0.005928
2875.857890,0.006862
2877.786702,0.007869
2879.715513,0.008849
2881.644325,0.009688
2883.573136,0.010438
2885.501948,0.011054
2887.430759,0.011496
2889.359571,0.011774
2891.288382,0.011854
2893.217194,0.011694
2895.146005,0.011247
2897.074817,0.010582
2899.003628,0.009751
2900.932439,0.008778
2902.861251,0.007728
2904.790062,0.006434
2906.718874,0.005937
2908.647685,0.007940
2910.576497,0.011506
2912.505308,0.014709
2914.434120,0.017102
2916.362931,0.018451
2918.291743,0.018654
2920.220554,0.017836
2922.149366,0.016025
2924.078177,0.013539
2926.006988,0.010728
2927.935800,0.007819
2929.864611,0.005161
2931.793423,0.003092
2933.722234,0.001648
2935.651046,0.000726
2937.579857,0.000254
2939.508669,0.000080
2941.437480,0.000016
2943.366292,-0.000038
2945.295103,-0.000023
2947.223915,0.000040
2949.152726,0.000023
2951.081537,0.000008
2953.010349,0.000087
2954.939160,0.000140
2956.867972,0.000116
2958.796783,0.000121
2960.725595,0.000120
2962.654406,0.000066
2964.583218,0.000082
2966.512029,0.000104
2968.440841,0.000076
2970.369652,0.000091
2972.298464,0.000090
2974.227275,0.000047
2976.156086,0.000083
2978.084898,0.000147
2980.013709,0.000165
2981.942521,0.000148
2983.871332,0.000079
2985.800144,0.000029
2987.728955,0.000030
2989.657767,0.000003
2991.586578,-0.000027
2993.515390,-0.000042
2995.444201,-0.000038
2997.373013,0.000019
2999.301824,0.000026
3001.230635,-0.000042
3003.159447,-0.000046
3005.088258,0.000019
3007.017070,0.000046
3008.945881,0.000046
3010.874693,0.000068
3012.803504,0.000035
3014.732316,-0.000021
3016.661127,0.000002
3018.589939,-0.000005
3020.518750,-0.000059
3022.447562,-0.000094
3024.376373,-0.000160
3026.305185,-0.000187
3028.233996,-0.000156
3030.162807,-0.000172
3032.091619,-0.000116
3034.020430,-0.000037
3035.949242,-0.000088
3037.878053,-0.000108
3039.806865,-0.000071
3041.735676,-0.000070
3043.664488,-0.000055
3045.593299,-0.000047
3047.522111,-0.000106
3049.450922,-0.000173
3051.379734,-0.000110
3053.308545,-0.000024
3055.237356,-0.000072
3057.166168,-0.000146
3059.094979,-0.000164
3061.023791,-0.000120
3062.952602,-0.000071
3064.881414,-0.000055
3066.810225,-0.000030
3068.739037,-0.000070
3070.667848,-0.000112
3072.596660,-0.000065
3074.525471,-0.000073
3076.454283,-0.000121
3078.383094,-0.000109
3080.311905,-0.000121
3082.240717,-0.000124
3084.169528,-0.000075
3086.098340,-0.000057
3088.027151,-0.000054
3089.955963,-0.000049
3091.884774,-0.000042
3093.813586,-0.000027
3095.742397,-0.000029
3097.671209,-0.000036
3099.600020,-0.000084
3101.528832,-0.000106
3103.457643,-0.000013
3105.386454,0.000035
3107.315266,0.000000
3109.244077,-0.000043
3111.172889,-0.000109
3113.101700,-0.000099
3115.030512,-0.000027
3116.959323,-0.000006
3118.888135,-0.000009
3120.816946,-0.000070
3122.745758,-0.000134
3124.674569,-0.000091
3126.603381,-0.000047
3128.532192,-0.000061
3130.461003,-0.000101
3132.389815,-0.000134
3134.318626,-0.000131
3136.247438,-0.000148
3138.176249,-0.000164
3140.105061,-0.000139
3142.033872,-0.000130
3143.962684,-0.000161
3145.891495,-0.000213
3147.820307,-0.000219
3149.749118,-0.000191
3151.677930,-0.000209
3153.606741,-0.000193
3155.535552,-0.000106
3157.464364,-0.000047
3159.393175,-0.000045
3161.321987,-0.000124
3163.250798,-0.000211
3165.179610,-0.000184
3167.108421,-0.000139
3169.037233,-0.000106
3170.966044,-0.000063
3172.894856,-0.000131
3174.823667,-0.000179
3176.752479,-0.000106
3178.681290,-0.000066
3180.610102,-0.000053
3182.538913,-0.000060
3184.467724,-0.000069
3186.396536,-0.000036
3188.325347,-0.000112
3190.254159,-0.000211
3192.182970,-0.000134
3194.111782,-0.000060
3196.040593,-0.000075
3197.969405,-0.000053
3199.898216,-0.000060
3201.827028,-0.000093
3203.755839,-0.000052
3205.684651,-0.000063
3207.613462,-0.000151
3209.542273,-0.000098
3211.471085,0.000033
3213.399896,-0.000012
3215.328708,-0.000142
3217.257519,-0.000158
3219.186331,-0.000085
3221.115142,0.000074
3223.043954,0.000142
3224.972765,-0.000062
3226.901577,-0.000195
3228.830388,-0.000084
3230.759200,-0.000007
3232.688011,0.000029
3234.616822,0.000133
3236.545634,0.000187
3238.474445,0.000130
3240.403257,0.000048
3242.332068,-0.000036
3244.260880,-0.000109
3246.189691,-0.000054
3248.118503,0.000120
3250.047314,0.000196
3251.976126,0.000105
3253.904937,0.000014
3255.833749,0.000077
3257.762560,0.000151
3259.691371,0.000076
3261.620183,0.000109
3263.548994,0.000284
3265.477806,0.000281
3267.406617,0.000149
3269.335429,0.000039
3271.264240,0.000033
3273.193052,0.000187
3275.121863,0.000254
3277.050675,0.000183
3278.979486,0.000210
3280.908298,0.000258
3282.837109,0.000235
3284.765920,0.000203
3286.694732,0.000200
3288.623543,0.000208
3290.552355,0.000173
3292.481166,0.000114
3294.409978,0.000065
3296.338789,0.000071
3298.267601,0.000176
3300.196412,0.000128
3302.125224,-0.000087
3304.054035,-0.000111
3305.982847,-0.000044
3307.911658,-0.000066
3309.840469,-0.000087
3311.769281,-0.000157
3313.698092,-0.000204
3315.626904,-0.000175
3317.555715,-0.000243
3319.484527,-0.000327
3321.413338,-0.000306
3323.342150,-0.000257
3325.270961,-0.000180
3327.199773,-0.000143
3329.128584,-0.000186
3331.057396,-0.000211
3332.986207,-0.000241
3334.915018,-0.000266
3336.843830,-0.000206
3338.772641,-0.000115
3340.701453,-0.000083
3342.630264,-0.000116
3344.559076,-0.000095
3346.487887,0.000015
3348.416699,0.000051
3350.345510,0.000025
3352.274322,0.000023
3354.203133,0.000006
3356.131945,0.000008
3358.060756,-0.000053
3359.989568,-0.000145
3361.918379,-0.000061
3363.847190,0.000015
3365.776002,-0.000041
3367.704813,-0.000013
3369.633625,0.000066
3371.562436,-0.000046
3373.491248,-0.000190
3375.420059,-0.000135
3377.348871,-0.000084
3379.277682,0.000014
3381.206494,0.000147
3383.135305,0.000074
3385.064117,0.000076
3386.992928,0.000154
3388.921739,0.000134
3390.850551,0.000167
3392.779362,0.000088
3394.708174,-0.000049
3396.636985,-0.000025
3398.565797,0.000001
3400.494608,0.000001
3402.423420,0.000028
3404.352231,0.000062
3406.281043,0.000134
3408.209854,0.000223
3410.138666,0.000241
3412.067477,0.000127
3413.996288,0.000042
3415.925100,0.000074
3417.853911,0.000068
3419.782723,0.000026
3421.711534,0.000060
3423.640346,0.000105
3425.569157,0.000044
3427.497969,-0.000039
3429.426780,-0.000081
3431.355592,-0.000127
3433.284403,-0.000055
3435.213215,0.000040
3437.142026,0.000000
3439.070837,0.000064
3440.999649,0.000143
3442.928460,-0.000019
3444.857272,-0.000072
3446.786083,0.000193
3448.714895,0.000414
3450.643706,0.000440
3452.572518,0.000343
3454.501329,0.000180
3456.430141,0.000119
3458.358952,0.000090
3460.287764,0.000025
3462.216575,0.000071
3464.145386,0.000098
3466.074198,0.000115
3468.003009,0.000280
3469.931821,0.000434
3471.860632,0.000391
3473.789444,0.000125
3475.718255,-0.000076
3477.647067,-0.000033
3479.575878,-0.000018
3481.504690,-0.000069
3483.433501,-0.000076
3485.362313,-0.000072
3487.291124,-0.000080
3489.219935,-0.000067
3491.148747,0.000107
3493.077558,0.000296
3495.006370,0.000207
3496.935181,0.000048
3498.863993,0.000030
3500.792804,-0.000042
3502.721616,-0.000174
3504.650427,-0.000220
3506.579239,-0.000257
3508.508050,-0.000231
3510.436862,-0.000025
3512.365673,0.000164
3514.294484,0.000087
3516.223296,-0.000142
3518.152107,-0.000194
3520.080919,-0.000075
3522.009730,-0.000059
3523.938542,-0.000096
3525.867353,-0.000080
3527.796165,-0.000212
3529.724976,-0.000292
3531.653788,-0.000020
3533.582599,0.000176
3535.511411,0.000151
3537.440222,0.000302
3539.369034,0.000467
3541.297845,0.000302
3543.226656,0.000073
3545.155468,0.000023
3547.084279,0.000152
3549.013091,0.000353
3550.941902,0.000459
3552.870714,0.000589
3554.799525,0.000939
3556.728337,0.001220
3558.657148,0.001329
3560.585960,0.001467
3562.514771,0.001592
3564.443583,0.001580
3566.372394,0.001338
3568.301205,0.001416
3570.230017,0.002247
3572.158828,0.002882
3574.087640,0.002905
3576.016451,0.002897
3577.945263,0.002956
3579.874074,0.002864
3581.802886,0.002524
3583.731697,0.002028
3585.660509,0.001534
3587.589320,0.001450
3589.518132,0.001940
3591.446943,0.001983
3593.375754,0.001497
3595.304566,0.001488
3597.233377,0.002021
3599.162189,0.002606
3601.091000,0.002972
3603.019812,0.003169
3604.948623,0.003155
3606.877435,0.002629
3608.806246,0.001968
3610.735058,0.001673
3612.663869,0.001387
3614.592681,0.001151
3616.521492,0.001071
3618.450303,0.000579
3620.379115,0.000306
3622.307926,0.000649
3624.236738,0.000686
3626.165549,0.000285
3628.094361,-0.000637
3630.023172,-0.001119
3631.951984,-0.000210
3633.880795,0.000473
3635.809607,0.000591
3637.738418,0.000854
3639.667230,0.000914
3641.596041,0.000700
3643.524852,0.000380
3645.453664,-0.000275
3647.382475,-0.001251
3649.311287,-0.002008
3651.240098,-0.001590
3653.168910,-0.000297
3655.097721,0.000174
3657.026533,0.000090
3658.955344,0.000707
3660.884156,0.001277
3662.812967,0.001217
3664.741779,0.000903
3666.670590,0.000559
3668.599401,-0.000368
3670.528213,-0.001495
3672.457024,-0.001302
3674.385836,-0.001252
3676.314647,-0.001553
3678.243459,-0.000445
3680.172270,0.000679
3682.101082,0.000992
3684.029893,0.001084
3685.958705,0.000863
3687.887516,0.000076
3689.816328,-0.000411
3691.745139,0.000293
3693.673951,0.001280
3695.602762,0.001755
3697.531573,0.001923
3699.460385,0.001933
3701.389196,0.001568
3703.318008,0.001367
3705.246819,0.001643
3707.175631,0.001469
3709.104442,0.000923
3711.033254,0.000590
3712.962065,0.000769
3714.890877,0.001598
3716.819688,0.002183
3718.748500,0.002197
3720.677311,0.001992
3722.606122,0.001940
3724.534934,0.002071
3726.463745,0.001950
3728.392557,0.001893
3730.321368,0.001742
3732.250180,0.000976
3734.178991,0.000388
3736.107803,0.000446
3738.036614,0.000818
3739.965426,0.001483
3741.894237,0.001720
3743.823049,0.000572
3745.751860,-0.000208
3747.680671,0.000667
3749.609483,0.000787
3751.538294,0.000472
3753.467106,0.001262
3755.395917,0.002280
3757.324729,0.002731
3759.253540,0.002642
3761.182352,0.002807
3763.111163,0.003158
3765.039975,0.003026
3766.968786,0.002920
3768.897598,0.002806
3770.826409,0.002736
3772.755220,0.003147
3774.684032,0.003443
3776.612843,0.003409
3778.541655,0.003069
3780.470466,0.002824
3782.399278,0.003129
3784.328089,0.003262
3786.256901,0.003184
3788.185712,0.003342
3790.114524,0.003307
3792.043335,0.003096
3793.972147,0.002856
3795.900958,0.002178
3797.829769,0.001746
3799.758581,0.001509
3801.687392,0.000711
3803.616204,0.000969
3805.545015,0.001635
3807.473827,0.001470
3809.402638,0.001768
3811.331450,0.002213
3813.260261,0.002032
3815.189073,0.001100
3817.117884,0.000349
3819.046696,0.000575
3820.975507,0.000251
3822.904318,0.000375
3824.833130,0.001407
3826.761941,0.001586
3828.690753,0.001541
3830.619564,0.001426
3832.548376,0.000750
3834.477187,0.000379
3836.405999,0.000211
3838.334810,-0.000127
3840.263622,0.000022
3842.192433,0.000631
3844.121245,0.001022
3846.050056,0.001106
3847.978867,0.000954
3849.907679,0.000500
3851.836490,-0.000393
3853.765302,-0.001499
3855.694113,-0.001126
3857.622925,0.000243
3859.551736,0.000830
3861.480548,0.000662
3863.409359,0.000145
3865.338171,-0.000198
3867.266982,0.000062
3869.195794,-0.000137
3871.124605,-0.000324
3873.053417,0.000289
3874.982228,0.000585
3876.911039,0.000854
3878.839851,0.000822
3880.768662,0.000051
3882.697474,0.000064
3884.626285,0.000193
3886.555097,-0.000045
3888.483908,0.000458
3890.412720,0.000623
3892.341531,0.000232
3894.270343,0.000336
3896.199154,0.000398
3898.127966,-0.000093
3900.056777,-0.000656
3901.985588,-0.000797
3903.914400,-0.000663
3905.843211,-0.000297
3907.772023,0.000405
3909.700834,0.000905
3911.629646,0.000988
3913.558457,0.000904
3915.487269,0.000629
3917.416080,0.000354
3919.344892,0.000302
3921.273703,0.000304
3923.202515,0.000281
3925.131326,0.000286
3927.060137,0.000306
3928.988949,0.000242
3930.917760,0.000109
3932.846572,0.000152
3934.775383,0.000449
3936.704195,0.000624
3938.633006,0.000569
3940.561818,0.000526
3942.490629,0.000349
3944.419441,0.000105
3946.348252,0.000058
3948.277064,0.000043
3950.205875,0.000050
3952.134686,0.000113
3954.063498,0.000153
3955.992309,0.000180
3957.921121,0.000179
3959.849932,0.000162
3961.778744,0.000114
3963.707555,0.000069
3965.636367,0.000045
3967.565178,0.000002
3969.493990,-0.000011
3971.422801,-0.000052
3973.351613,-0.000150
3975.280424,-0.000194
3977.209235,-0.000087
3979.138047,0.000019
3981.066858,0.000075
3982.995670,0.000093
3984.924481,-0.000023
3986.853293,-0.000102
3988.782104,-0.000077
3990.710916,-0.000084
3992.639727,-0.000091
3994.568539,-0.000135
3996.497350,-0.000097
3998.426162,0.000118
4000.354973,0.000181
