898.826141,0.000179
900.754953,0.000345
902.683764,-0.000534
904.612576,-0.000712
906.541387,-0.000792
908.470199,-0.000561
910.399010,0.000060
912.327822,0.000494
914.256633,0.000228
916.185445,-0.000094
918.114256,0.000082
920.043068,-0.000485
921.971879,-0.000420
923.900690,0.000848
925.829502,0.001138
927.758313,0.000183
929.687125,-0.000539
931.615936,0.000435
933.544748,0.001475
935.473559,-0.000047
937.402371,-0.001527
939.331182,-0.000701
941.259994,0.000192
943.188805,0.000031
945.117617,-0.000053
947.046428,0.000131
948.975240,0.000163
950.904051,0.000152
952.832862,0.000175
954.761674,0.000277
956.690485,0.000368
958.619297,0.000293
960.548108,0.000309
962.476920,0.000327
964.405731,0.000017
966.334543,-0.000175
968.263354,-0.000066
970.192166,-0.000152
972.120977,-0.000148
974.049789,0.000205
975.978600,0.000359
977.907411,0.000264
979.836223,0.000166
981.765034,0.000015
983.693846,-0.000064
985.622657,0.000096
987.551469,0.000231
989.480280,0.000134
991.409092,0.000074
993.337903,0.000143
995.266715,0.000141
997.195526,0.000065
999.124338,0.000040
1001.053149,0.000055
1002.981960,0.000075
1004.910772,0.000081
1006.839583,0.000008
1008.768395,-0.000026
1010.697206,-0.000008
1012.626018,-0.000109
1014.554829,-0.000155
1016.483641,-0.000105
1018.412452,-0.000152
1020.341264,-0.000192
1022.270075,-0.000164
1024.198887,-0.000075
1026.127698,0.000084
1028.056509,0.000194
1029.985321,0.000271
1031.914132,0.000367
1033.842944,0.000461
1035.771755,0.000585
1037.700567,0.000665
1039.629378,0.000677
1041.558190,0.000671
1043.487001,0.000552
1045.415813,0.000421
1047.344624,0.000407
1049.273436,0.000368
1051.202247,0.000293
1053.131058,0.000194
1055.059870,0.000080
1056.988681,0.000069
1058.917493,0.000057
1060.846304,-0.000013
1062.775116,-0.000067
1064.703927,-0.000110
1066.632739,-0.000127
1068.561550,-0.000128
1070.490362,-0.000191
1072.419173,-0.000205
1074.347985,-0.000120
1076.276796,-0.000061
1078.205607,-0.000017
1080.134419,0.000016
1082.063230,0.000022
1083.992042,0.000034
1085.920853,-0.000010
1087.849665,-0.000065
1089.778476,-0.000026
1091.707288,0.000045
1093.636099,0.000071
1095.564911,0.000074
1097.493722,0.000104
1099.422534,0.000117
1101.351345,0.000069
1103.280156,0.000044
1105.208968,0.000047
1107.137779,0.000029
1109.066591,0.000057
1110.995402,0.000090
1112.924214,0.000044
1114.853025,-0.000011
1116.781837,-0.000010
1118.710648,0.000023
1120.639460,0.000039
1122.568271,0.000040
1124.497083,0.000015
1126.425894,-0.000012
1128.354706,0.000032
1130.283517,0.000029
1132.212328,-0.000066
1134.141140,-0.000067
1136.069951,-0.000028
1137.998763,-0.000032
1139.927574,-0.000002
1141.856386,0.000000
1143.785197,-0.000040
1145.714009,-0.000067
1147.642820,-0.000071
1149.571632,0.000018
1151.500443,0.000121
1153.429255,0.000151
1155.358066,0.000197
1157.286877,0.000230
1159.215689,0.000237
1161.144500,0.000273
1163.073312,0.000300
1165.002123,0.000336
1166.930935,0.000370
1168.859746,0.000368
1170.788558,0.000369
1172.717369,0.000337
1174.646181,0.000328
1176.574992,0.000399
1178.503804,0.000437
1180.432615,0.000474
1182.361426,0.000529
1184.290238,0.000518
1186.219049,0.000529
1188.147861,0.000578
1190.076672,0.000588
1192.005484,0.000631
1193.934295,0.000694
1195.863107,0.000682
1197.791918,0.000670
1199.720730,0.000683
1201.649541,0.000657
1203.578353,0.000668
1205.507164,0.000713
1207.435975,0.000710
1209.364787,0.000729
1211.293598,0.000801
1213.222410,0.000851
1215.151221,0.000950
1217.080033,0.001111
1219.008844,0.001207
1220.937656,0.001321
1222.866467,0.001486
1224.795279,0.001668
1226.724090,0.001929
1228.652902,0.002198
1230.581713,0.002529
1232.510524,0.002996
1234.439336,0.003451
1236.368147,0.003968
1238.296959,0.004664
1240.225770,0.005369
1242.154582,0.006131
1244.083393,0.007002
1246.012205,0.007898
1247.941016,0.008813
1249.869828,0.009587
1251.798639,0.010119
1253.727451,0.009973
1255.656262,0.009259
1257.585073,0.008686
1259.513885,0.008457
1261.442696,0.010050
1263.371508,0.012218
1265.300319,0.011276
1267.229131,0.009706
1269.157942,0.010406
1271.086754,0.011430
1273.015565,0.011770
1274.944377,0.011647
1276.873188,0.011129
1278.802000,0.010551
1280.730811,0.010023
1282.659622,0.009487
1284.588434,0.008952
1286.517245,0.008543
1288.446057,0.008166
1290.374868,0.007916
1292.303680,0.007824
1294.232491,0.007669
1296.161303,0.007631
1298.090114,0.007697
1300.018926,0.007757
1301.947737,0.007871
1303.876549,0.007917
1305.805360,0.007890
1307.734172,0.007930
1309.662983,0.007972
1311.591794,0.007818
1313.520606,0.007568
1315.449417,0.007246
1317.378229,0.006820
1319.307040,0.006476
1321.235852,0.006116
1323.164663,0.005954
1325.093475,0.005920
1327.022286,0.005315
1328.951098,0.004628
1330.879909,0.004377
1332.808721,0.004091
1334.737532,0.003760
1336.666343,0.003413
1338.595155,0.002998
1340.523966,0.002864
1342.452778,0.002842
1344.381589,0.002594
1346.310401,0.002243
1348.239212,0.001881
1350.168024,0.001594
1352.096835,0.001385
1354.025647,0.001179
1355.954458,0.001086
1357.883270,0.001000
1359.812081,0.000594
1361.740892,0.000018
1363.669704,0.000095
1365.598515,0.000578
1367.527327,0.000569
1369.456138,0.000551
1371.384950,0.000536
1373.313761,0.000063
1375.242573,0.000033
1377.171384,0.000535
1379.100196,0.000702
1381.029007,0.000670
1382.957819,0.000701
1384.886630,0.000370
1386.815441,-0.000196
1388.744253,0.000010
1390.673064,0.000508
1392.601876,0.000015
1394.530687,-0.000696
1396.459499,-0.000609
1398.388310,-0.000455
1400.317122,0.000007
1402.245933,0.000526
1404.174745,0.000285
1406.103556,0.000299
1408.032368,0.000762
1409.961179,0.000886
1411.889990,0.000861
1413.818802,0.000905
1415.747613,0.000465
1417.676425,-0.000892
1419.605236,-0.001232
1421.534048,-0.000046
1423.462859,0.000400
1425.391671,0.000545
1427.320482,0.000738
1429.249294,0.000332
1431.178105,0.000396
1433.106917,0.000650
1435.035728,-0.000545
1436.964539,-0.001332
1438.893351,0.000110
1440.822162,0.001102
1442.750974,0.001175
1444.679785,0.001077
1446.608597,0.000541
1448.537408,0.000352
1450.466220,0.000700
1452.395031,0.000640
1454.323843,-0.000666
1456.252654,-0.003170
1458.181466,-0.003009
1460.110277,-0.000314
1462.039089,0.000590
1463.967900,-0.000318
1465.896711,-0.000336
1467.825523,0.000624
1469.754334,0.000019
1471.683146,-0.001938
1473.611957,-0.002268
1475.540769,-0.001109
1477.469580,0.000161
1479.398392,0.000916
1481.327203,0.001139
1483.256015,0.001289
1485.184826,0.001024
1487.113638,0.000029
1489.042449,-0.000801
1490.971260,-0.000186
1492.900072,0.000991
1494.828883,0.000581
1496.757695,-0.000499
1498.686506,-0.000045
1500.615318,0.001029
1502.544129,0.001226
1504.472941,-0.001016
1506.401752,-0.004086
1508.330564,-0.002475
1510.259375,0.000059
1512.188187,0.000982
1514.116998,0.000906
1516.045809,0.000005
1517.974621,-0.000546
1519.903432,-0.001250
1521.832244,-0.001716
1523.761055,-0.000301
1525.689867,0.000489
1527.618678,0.000910
1529.547490,0.001651
1531.476301,0.000932
1533.405113,-0.000210
1535.333924,0.000373
1537.262736,-0.000438
1539.191547,-0.003814
1541.120358,-0.004239
1543.049170,-0.001970
1544.977981,-0.000023
1546.906793,0.001438
1548.835604,0.001801
1550.764416,0.001805
1552.693227,0.001583
1554.622039,0.000941
1556.550850,-0.000670
1558.479662,-0.002852
1560.408473,0.000814
1562.337285,0.006018
1564.266096,0.008652
1566.194907,0.010944
1568.123719,0.013043
1570.052530,0.016538
1571.981342,0.022441
1573.910153,0.027294
1575.838965,0.033143
1577.767776,0.043203
1579.696588,0.054235
1581.625399,0.065767
1583.554211,0.078506
1585.483022,0.092658
1587.411834,0.107949
1589.340645,0.124022
1591.269456,0.140291
1593.198268,0.155066
1595.127079,0.167545
1597.055891,0.176762
1598.984702,0.182223
1600.913514,0.183279
1602.842325,0.180098
1604.771137,0.173855
1606.699948,0.164027
1608.628760,0.151751
1610.557571,0.136974
1612.486383,0.121679
1614.415194,0.105007
1616.344005,0.088586
1618.272817,0.102053
1620.201628,0.143699
1622.130440,0.187221
1624.059251,0.220257
1625.988063,0.238626
1627.916874,0.245681
1629.845686,0.241739
1631.774497,0.226262
1633.703309,0.201785
1635.632120,0.168229
1637.560932,0.137899
1639.489743,0.113843
1641.418555,0.087576
1643.347366,0.063422
1645.276177,0.043139
1647.204989,0.025696
1649.133800,0.016161
1651.062612,0.008630
1652.991423,0.000360
1654.920235,0.000232
1656.849046,0.002579
1658.777858,0.002635
1660.706669,0.001603
1662.635481,0.000619
1664.564292,0.000968
1666.493104,0.001189
1668.421915,-0.000316
1670.350726,-0.000535
1672.279538,0.000609
1674.208349,0.000656
1676.137161,0.001401
1678.065972,0.003227
1679.994784,0.003976
1681.923595,0.002947
1683.852407,0.001512
1685.781218,0.003348
1687.710030,0.005701
1689.638841,0.006025
1691.567653,0.006144
1693.496464,0.004852
1695.425275,0.003249
1697.354087,0.005153
1699.282898,0.004796
1701.211710,0.002469
1703.140521,0.003697
1705.069333,0.005233
1706.998144,0.006772
1708.926956,0.008950
1710.855767,0.010311
1712.784579,0.010170
1714.713390,0.008682
1716.642202,0.007023
1718.571013,0.007221
1720.499824,0.008800
1722.428636,0.009235
1724.357447,0.008604
1726.286259,0.008073
1728.215070,0.007077
1730.143882,0.005943
1732.072693,0.004306
1734.001505,0.002760
1735.930316,0.004212
1737.859128,0.005376
1739.787939,0.005074
1741.716751,0.005463
1743.645562,0.005943
1745.574373,0.005678
1747.503185,0.005023
1749.431996,0.004280
1751.360808,0.004520
1753.289619,0.005643
1755.218431,0.005847
1757.147242,0.005473
1759.076054,0.005273
1761.004865,0.004347
1762.933677,0.003720
1764.862488,0.003664
1766.791300,0.002699
1768.720111,0.001459
1770.648922,0.000206
1772.577734,-0.000527
1774.506545,0.000468
1776.435357,0.001441
1778.364168,0.001453
1780.292980,0.001261
1782.221791,0.001325
1784.150603,0.001369
1786.079414,0.001450
1788.008226,0.001554
1789.937037,0.000771
1791.865849,-0.000284
1793.794660,0.000183
1795.723471,0.001122
1797.652283,0.001153
1799.581094,0.000779
1801.509906,0.000878
1803.438717,0.001385
1805.367529,0.001714
1807.296340,0.001696
1809.225152,0.001421
1811.153963,0.001319
1813.082775,0.001651
1815.011586,0.001899
1816.940398,0.001885
1818.869209,0.001896
1820.798021,0.001947
1822.726832,0.001638
1824.655643,0.001214
1826.584455,0.001197
1828.513266,0.000926
1830.442078,0.000885
1832.370889,0.001759
1834.299701,0.002284
1836.228512,0.002261
1838.157324,0.002327
1840.086135,0.002351
1842.014947,0.001752
1843.943758,0.000969
1845.872570,0.001437
1847.801381,0.002301
1849.730192,0.002551
1851.659004,0.002629
1853.587815,0.002668
1855.516627,0.002639
1857.445438,0.002517
1859.374250,0.002377
1861.303061,0.002265
1863.231873,0.002010
1865.160684,0.001478
1867.089496,0.000573
1869.018307,0.000094
1870.947119,0.000584
1872.875930,0.001367
1874.804741,0.001939
1876.733553,0.001701
1878.662364,0.001082
1880.591176,0.001115
1882.519987,0.001403
1884.448799,0.001607
1886.377610,0.001781
1888.306422,0.001689
1890.235233,0.001828
1892.164045,0.002310
1894.092856,0.002526
1896.021668,0.002675
1897.950479,0.002946
1899.879290,0.003056
1901.808102,0.003047
1903.736913,0.003011
1905.665725,0.002890
1907.594536,0.002727
1909.523348,0.002618
1911.452159,0.002573
1913.380971,0.002553
1915.309782,0.002252
1917.238594,0.001653
1919.167405,0.001478
1921.096217,0.001563
1923.025028,0.001436
1924.953839,0.001495
1926.882651,0.001612
1928.811462,0.001482
1930.740274,0.001295
1932.669085,0.001139
1934.597897,0.000986
1936.526708,0.000838
1938.455520,0.000719
1940.384331,0.000417
1942.313143,0.000074
1944.241954,0.000142
1946.170766,0.000330
1948.099577,0.000367
1950.028388,0.000376
1951.957200,0.000358
1953.886011,0.000303
1955.814823,0.000270
1957.743634,0.000294
1959.672446,0.000275
1961.601257,0.000205
1963.530069,0.000152
1965.458880,0.000047
1967.387692,-0.000004
1969.316503,0.000068
1971.245315,0.000133
1973.174126,0.000177
1975.102938,0.000188
1977.031749,0.000178
1978.960560,0.000196
1980.889372,0.000187
1982.818183,0.000168
1984.746995,0.000152
1986.675806,0.000099
1988.604618,0.000018
1990.533429,-0.000129
1992.462241,-0.000182
1994.391052,0.000001
1996.319864,0.000130
1998.248675,0.000121
2000.177487,0.000124
2002.106298,0.000076
2004.035109,0.000025
2005.963921,0.000078
2007.892732,0.000109
2009.821544,0.000079
2011.750355,0.000054
2013.679167,-0.000004
2015.607978,-0.000073
2017.536790,-0.000063
2019.465601,-0.000010
2021.394413,0.000005
2023.323224,0.000012
2025.252036,0.000022
2027.180847,-0.000001
2029.109658,-0.000029
2031.038470,-0.000041
2032.967281,-0.000026
2034.896093,-0.000011
2036.824904,-0.000059
2038.753716,-0.000090
2040.682527,-0.000067
2042.611339,-0.000042
2044.540150,0.000005
2046.468962,0.000037
2048.397773,-0.000005
2050.326585,-0.000069
2052.255396,-0.000070
2054.184207,-0.000043
2056.113019,-0.000025
2058.041830,0.000004
2059.970642,-0.000016
2061.899453,-0.000056
2063.828265,-0.000087
2065.757076,-0.000115
2067.685888,-0.000066
2069.614699,-0.000027
2071.543511,-0.000051
2073.472322,-0.000057
2075.401134,-0.000077
2077.329945,-0.000110
2079.258756,-0.000100
2081.187568,-0.000057
2083.116379,-0.000043
2085.045191,-0.000070
2086.974002,-0.000058
2088.902814,-0.000042
2090.831625,-0.000099
2092.760437,-0.000119
2094.689248,-0.000051
2096.618060,-0.000027
2098.546871,-0.000035
2100.475683,0.000012
2102.404494,0.000054
2104.333305,0.000012
2106.262117,-0.000045
2108.190928,-0.000016
2110.119740,0.000035
2112.048551,0.000040
2113.977363,0.000058
2115.906174,0.000063
2117.834986,0.000037
2119.763797,0.000032
2121.692609,0.000023
2123.621420,0.000008
2125.550232,0.000016
2127.479043,-0.000003
2129.407854,-0.000035
2131.336666,-0.000032
2133.265477,-0.000030
2135.194289,-0.000050
2137.123100,-0.000082
2139.051912,-0.000115
2140.980723,-0.000129
2142.909535,-0.000128
2144.838346,-0.000120
2146.767158,-0.000120
2148.695969,-0.000123
2150.624781,-0.000125
2152.553592,-0.000095
2154.482404,-0.000006
2156.411215,0.000066
2158.340026,0.000065
2160.268838,0.000043
2162.197649,0.000053
2164.126461,0.000075
2166.055272,0.000090
2167.984084,0.000117
2169.912895,0.000183
2171.841707,0.000258
2173.770518,0.000295
2175.699330,0.000312
2177.628141,0.000334
2179.556953,0.000381
2181.485764,0.000457
2183.414575,0.000520
2185.343387,0.000597
2187.272198,0.000727
2189.201010,0.000876
2191.129821,0.001036
2193.058633,0.001164
2194.987444,0.001256
2196.916256,0.001407
2198.845067,0.001604
2200.773879,0.001783
2202.702690,0.001962
2204.631502,0.002135
2206.560313,0.002252
2208.489124,0.002323
2210.417936,0.002367
2212.346747,0.002360
2214.275559,0.002263
2216.204370,0.002045
2218.133182,0.001744
2220.061993,0.001373
2221.990805,0.000986
2223.919616,0.000854
2225.848428,0.001142
2227.777239,0.001687
2229.706051,0.002242
2231.634862,0.002685
2233.563673,0.003011
2235.492485,0.003183
2237.421296,0.003177
2239.350108,0.003065
2241.278919,0.002835
2243.207731,0.002436
2245.136542,0.002005
2247.065354,0.001642
2248.994165,0.001256
2250.922977,0.000860
2252.851788,0.000557
2254.780600,0.000362
2256.709411,0.000240
2258.638222,0.000139
2260.567034,0.000083
2262.495845,0.000088
2264.424657,0.000101
2266.353468,0.000116
2268.282280,0.000102
2270.211091,0.000073
2272.139903,0.000100
2274.068714,0.000132
2275.997526,0.000153
2277.926337,0.000168
2279.855149,0.000168
2281.783960,0.000215
2283.712771,0.000264
2285.641583,0.000255
2287.570394,0.000206
2289.499206,0.000174
2291.428017,0.000167
2293.356829,0.000191
2295.285640,0.000216
2297.214452,0.000240
2299.143263,0.000203
2301.072075,0.000136
2303.000886,0.000111
2304.929698,0.000092
2306.858509,0.000046
2308.787320,-0.000084
2310.716132,-0.000304
2312.644943,-0.000542
2314.573755,-0.000437
2316.502566,-0.000403
2318.431378,-0.000343
2320.360189,-0.000239
2322.289001,-0.000170
2324.217812,-0.000113
2326.146624,0.000000
2328.075435,0.000128
2330.004247,-0.000003
2331.933058,-0.000019
2333.861870,-0.000004
2335.790681,-0.000018
2337.719492,0.000054
2339.648304,0.000248
2341.577115,0.000619
2343.505927,0.001224
2345.434738,0.002141
2347.363550,0.003317
2349.292361,0.003833
2351.221173,0.003073
2353.149984,0.001854
2355.078796,0.000970
2357.007607,0.000414
2358.936419,0.000189
2360.865230,0.000225
2362.794041,-0.000321
2364.722853,-0.000616
2366.651664,-0.000727
2368.580476,-0.000658
2370.509287,-0.000439
2372.438099,-0.000136
2374.366910,0.000171
2376.295722,0.000429
2378.224533,0.000543
2380.153345,0.000436
2382.082156,0.000164
2384.010968,-0.000250
2385.939779,-0.000125
2387.868590,-0.000048
2389.797402,-0.000027
2391.726213,-0.000028
2393.655025,-0.000010
2395.583836,-0.000024
2397.512648,-0.000067
2399.441459,-0.000037
2401.370271,-0.000000
2403.299082,-0.000017
2405.227894,-0.000021
2407.156705,-0.000041
2409.085517,-0.000066
2411.014328,-0.000085
2412.943139,-0.000092
2414.871951,-0.000032
2416.800762,-0.000009
2418.729574,-0.000053
2420.658385,-0.000057
2422.587197,-0.000047
2424.516008,-0.000052
2426.444820,-0.000054
2428.373631,-0.000054
2430.302443,-0.000068
2432.231254,-0.000098
2434.160066,-0.000089
2436.088877,-0.000025
2438.017688,0.000012
2439.946500,0.000001
2441.875311,-0.000003
2443.804123,-0.000011
2445.732934,-0.000021
2447.661746,-0.000013
2449.590557,-0.000031
2451.519369,-0.000048
2453.448180,-0.000027
2455.376992,0.000005
2457.305803,0.000051
2459.234615,0.000032
2461.163426,-0.000055
2463.092237,-0.000032
2465.021049,0.000058
2466.949860,0.000047
2468.878672,0.000002
2470.807483,0.000016
2472.736295,0.000050
2474.665106,0.000052
2476.593918,0.000035
2478.522729,0.000016
2480.451541,0.000017
2482.380352,0.000080
2484.309164,0.000136
2486.237975,0.000122
2488.166786,0.000093
2490.095598,0.000091
2492.024409,0.000116
2493.953221,0.000124
2495.882032,0.000079
2497.810844,0.000032
2499.739655,0.000040
2501.668467,0.000047
2503.597278,0.000031
2505.526090,0.000083
2507.454901,0.000153
2509.383713,0.000119
2511.312524,0.000060
2513.241336,0.000080
2515.170147,0.000105
2517.098958,0.000041
2519.027770,-0.000032
2520.956581,-0.000042
2522.885393,-0.000056
2524.814204,-0.000056
2526.743016,-0.000028
2528.671827,-0.000072
2530.600639,-0.000133
2532.529450,-0.000120
2534.458262,-0.000113
2536.387073,-0.000108
2538.315885,-0.000071
2540.244696,-0.000063
2542.173507,-0.000086
2544.102319,-0.000109
2546.031130,-0.000103
2547.959942,-0.000060
2549.888753,-0.000037
2551.817565,-0.000048
2553.746376,-0.000045
2555.675188,-0.000030
2557.603999,-0.000025
2559.532811,-0.000023
2561.461622,-0.000056
2563.390434,-0.000122
2565.319245,-0.000140
2567.248056,-0.000108
2569.176868,-0.000091
2571.105679,-0.000076
2573.034491,-0.000041
2574.963302,-0.000039
2576.892114,-0.000070
2578.820925,-0.000060
2580.749737,-0.000051
2582.678548,-0.000087
2584.607360,-0.000108
2586.536171,-0.000089
2588.464983,-0.000048
2590.393794,-0.000014
2592.322605,-0.000037
2594.251417,-0.000109
2596.180228,-0.000154
2598.109040,-0.000128
2600.037851,-0.000078
2601.966663,-0.000069
2603.895474,-0.000082
2605.824286,-0.000057
2607.753097,-0.000052
2609.681909,-0.000109
2611.610720,-0.000104
2613.539532,-0.000058
2615.468343,-0.000060
2617.397154,-0.000052
2619.325966,-0.000043
2621.254777,-0.000010
2623.183589,0.000079
2625.112400,0.000067
2627.041212,-0.000010
2628.970023,-0.000001
2630.898835,0.000001
2632.827646,-0.000034
2634.756458,-0.000032
2636.685269,-0.000011
2638.614081,-0.000001
2640.542892,-0.000012
2642.471703,-0.000014
2644.400515,-0.000037
2646.329326,-0.000083
2648.258138,-0.000064
2650.186949,-0.000036
2652.115761,-0.000067
2654.044572,-0.000083
2655.973384,-0.000048
2657.902195,-0.000041
2659.831007,-0.000085
2661.759818,-0.000078
2663.688630,-0.000018
2665.617441,-0.000021
2667.546253,-0.000063
2669.475064,-0.000075
2671.403875,-0.000095
2673.332687,-0.000076
2675.261498,0.000001
2677.190310,0.000004
2679.119121,-0.000024
2681.047933,0.000022
2682.976744,0.000030
2684.905556,-0.000017
2686.834367,-0.000016
2688.763179,-0.000014
2690.691990,-0.000032
2692.620802,-0.000018
2694.549613,0.000005
2696.478424,0.000009
2698.407236,-0.000009
2700.336047,0.000004
2702.264859,0.000048
2704.193670,0.000026
2706.122482,-0.000025
2708.051293,-0.000025
2709.980105,0.000004
2711.908916,0.000008
2713.837728,-0.000020
2715.766539,-0.000017
2717.695351,-0.000009
2719.624162,0.000008
2721.552973,0.000072
2723.481785,0.000098
2725.410596,0.000085
2727.339408,0.000045
2729.268219,-0.000045
2731.197031,-0.000088
2733.125842,-0.000061
2735.054654,-0.000014
2736.983465,0.000052
2738.912277,0.000080
2740.841088,0.000041
2742.769900,0.000026
2744.698711,0.000051
2746.627522,0.000060
2748.556334,0.000046
2750.485145,-0.000006
2752.413957,-0.000015
2754.342768,0.000067
2756.271580,0.000080
2758.200391,0.000004
2760.129203,-0.000030
2762.058014,-0.000025
2763.986826,0.000004
2765.915637,0.000037
2767.844449,0.000048
2769.773260,0.000055
2771.702071,0.000069
2773.630883,0.000071
2775.559694,0.000043
2777.488506,0.000045
2779.417317,0.000076
2781.346129,0.000076
2783.274940,0.000063
2785.203752,0.000050
2787.132563,0.000001
2789.061375,-0.000021
2790.990186,0.000042
2792.918998,0.000058
2794.847809,0.000014
2796.776620,0.000047
2798.705432,0.000072
2800.634243,0.000021
2802.563055,0.000009
2804.491866,0.000018
2806.420678,-0.000026
2808.349489,-0.000051
2810.278301,-0.000004
2812.207112,0.000037
2814.135924,0.000040
2816.064735,0.000040
2817.993547,0.000033
2819.922358,0.000044
2821.851169,0.000091
2823.779981,0.000093
2825.708792,0.000080
2827.637604,0.000097
2829.566415,0.000034
2831.495227,-0.000010
2833.424038,0.000051
2835.352850,0.000050
2837.281661,0.000045
2839.210473,0.000129
2841.139284,0.000206
2843.068096,0.000218
2844.996907,0.000227
2846.925719,0.000300
2848.854530,0.000384
2850.783341,0.000469
2852.712153,0.000562
2854.640964,0.000652
2856.569776,0.000879
2858.498587,0.001142
2860.427399,0.001336
2862.356210,0.001700
2864.285022,0.002166
2866.213833,0.002583
2868.142645,0.002960
2870.071456,0.003318
2872.000268,0.003875
2873.929079,0.004588
2875.857890,0.005331
2877.786702,0.006178
2879.715513,0.006963
2881.644325,0.007623
2883.573136,0.008251
2885.501948,0.008763
2887.430759,0.009125
2889.359571,0.009336
2891.288382,0.009372
2893.217194,0.009213
2895.146005,0.008839
2897.074817,0.008345
2899.003628,0.007725
2900.932439,0.006965
2902.861251,0.006139
2904.790062,0.005082
2906.718874,0.004628
2908.647685,0.006190
2910.576497,0.009045
2912.505308,0.011623
2914.434120,0.013510
2916.362931,0.014554
2918.291743,0.014731
2920.220554,0.014104
2922.149366,0.012678
2924.078177,0.010705
2926.006988,0.008405
2927.935800,0.006029
2929.864611,0.003934
2931.793423,0.002320
2933.722234,0.001203
2935.651046,0.000498
2937.579857,0.000092
2939.508669,-0.000091
2941.437480,-0.000128
2943.366292,-0.000106
2945.295103,-0.000085
2947.223915,-0.000100
2949.152726,-0.000120
2951.081537,-0.000106
2953.010349,-0.000073
2954.939160,-0.000056
2956.867972,-0.000090
2958.796783,-0.000116
2960.725595,-0.000095
2962.654406,-0.000112
2964.583218,-0.000140
2966.512029,-0.000096
2968.440841,-0.000084
2970.369652,-0.000105
2972.298464,-0.000112
2974.227275,-0.000129
2976.156086,-0.000100
2978.084898,-0.000019
2980.013709,0.000020
2981.942521,0.000008
2983.871332,-0.000087
2985.800144,-0.000147
2987.728955,-0.000073
2989.657767,-0.000065
2991.586578,-0.000109
2993.515390,-0.000088
2995.444201,-0.000067
2997.373013,-0.000028
2999.301824,-0.000037
3001.230635,-0.000124
3003.159447,-0.000117
3005.088258,-0.000039
3007.017070,-0.000031
3008.945881,-0.000046
3010.874693,-0.000006
3012.803504,0.000009
3014.732316,-0.000034
3016.661127,-0.000047
3018.589939,-0.000042
3020.518750,-0.000029
3022.447562,-0.000021
3024.376373,-0.000097
3026.305185,-0.000127
3028.233996,-0.000064
3030.162807,-0.000044
3032.091619,-0.000036
3034.020430,-0.000055
3035.949242,-0.000096
3037.878053,-0.000048
3039.806865,0.000001
3041.735676,0.000014
3043.664488,0.000067
3045.593299,0.000078
3047.522111,-0.000061
3049.450922,-0.000188
3051.379734,-0.000078
3053.308545,0.000047
3055.237356,-0.000011
3057.166168,-0.000071
3059.094979,-0.000071
3061.023791,-0.000048
3062.952602,-0.000024
3064.881414,-0.000017
3066.810225,0.000020
3068.739037,0.000040
3070.667848,0.000019
3072.596660,0.000024
3074.525471,0.000008
3076.454283,-0.000037
3078.383094,-0.000009
3080.311905,0.000035
3082.240717,0.000047
3084.169528,0.000088
3086.098340,0.000101
3088.027151,0.000098
3089.955963,0.000123
3091.884774,0.000089
3093.813586,0.000006
3095.742397,-0.000002
3097.671209,0.000025
3099.600020,-0.000031
3101.528832,-0.000054
3103.457643,0.000007
3105.386454,0.000027
3107.315266,0.000027
3109.244077,0.000017
3111.172889,-0.000018
3113.101700,-0.000017
3115.030512,0.000020
3116.959323,0.000068
3118.888135,0.000047
3120.816946,-0.000039
3122.745758,-0.000060
3124.674569,-0.000015
3126.603381,0.000017
3128.532192,-0.000023
3130.461003,-0.000118
3132.389815,-0.000166
3134.318626,-0.000101
3136.247438,-0.000043
3138.176249,-0.000087
3140.105061,-0.000106
3142.033872,-0.000069
3143.962684,-0.000037
3145.891495,-0.000039
3147.820307,-0.000083
3149.749118,-0.000087
3151.677930,-0.000097
3153.606741,-0.000088
3155.535552,-0.000029
3157.464364,-0.000061
3159.393175,-0.000076
3161.321987,-0.000074
3163.250798,-0.000151
3165.179610,-0.000092
3167.108421,0.000003
3169.037233,-0.000018
3170.966044,-0.000023
3172.894856,-0.000048
3174.823667,-0.000053
3176.752479,-0.000049
3178.681290,-0.000155
3180.610102,-0.000216
3182.538913,-0.000179
3184.467724,-0.000077
3186.396536,0.000060
3188.325347,-0.000006
3190.254159,-0.000205
3192.182970,-0.000238
3194.111782,-0.000155
3196.040593,-0.000089
3197.969405,-0.000060
3199.898216,-0.000122
3201.827028,-0.000214
3203.755839,-0.000227
3205.684651,-0.000238
3207.613462,-0.000262
3209.542273,-0.000200
3211.471085,-0.000169
3213.399896,-0.000249
3215.328708,-0.000245
3217.257519,-0.000182
3219.186331,-0.000163
3221.115142,-0.000068
3223.043954,-0.000060
3224.972765,-0.000204
3226.901577,-0.000216
3228.830388,-0.000136
3230.759200,-0.000089
3232.688011,-0.000063
3234.616822,-0.000058
3236.545634,-0.000060
3238.474445,-0.000090
3240.403257,-0.000109
3242.332068,-0.000105
3244.260880,-0.000082
3246.189691,-0.000022
3248.118503,-0.000016
3250.047314,-0.000015
3251.976126,-0.000006
3253.904937,-0.000068
3255.833749,-0.000039
3257.762560,0.000041
3259.691371,-0.000076
3261.620183,-0.000145
3263.548994,0.000073
3265.477806,0.000178
3267.406617,0.000008
3269.335429,-0.000069
3271.264240,-0.000004
3273.193052,0.000031
3275.121863,-0.000038
3277.050675,-0.000141
3278.979486,0.000007
3280.908298,0.000237
3282.837109,0.000179
3284.765920,0.000075
3286.694732,0.000097
3288.623543,0.000098
3290.552355,0.000084
3292.481166,0.000100
3294.409978,0.000149
3296.338789,0.000224
3298.267601,0.000260
3300.196412,0.000145
3302.125224,0.000014
3304.054035,0.000091
3305.982847,0.000201
3307.911658,0.000221
3309.840469,0.000238
3311.769281,0.000206
3313.698092,0.000154
3315.626904,0.000132
3317.555715,0.000080
3319.484527,0.000024
3321.413338,0.000103
3323.342150,0.000201
3325.270961,0.000197
3327.199773,0.000188
3329.128584,0.000129
3331.057396,0.000018
3332.986207,0.000008
3334.915018,0.000011
3336.843830,-0.000019
3338.772641,-0.000043
3340.701453,-0.000023
3342.630264,0.000036
3344.559076,0.000055
3346.487887,0.000135
3348.416699,0.000157
3350.345510,0.000080
3352.274322,0.000128
3354.203133,0.000119
3356.131945,0.000047
3358.060756,0.000029
3359.989568,0.000006
3361.918379,0.000044
3363.847190,0.000023
3365.776002,-0.000039
3367.704813,-0.000027
3369.633625,-0.000036
3371.562436,-0.000117
3373.491248,-0.000186
3375.420059,-0.000111
3377.348871,-0.000067
3379.277682,-0.000078
3381.206494,-0.000067
3383.135305,-0.000085
3385.064117,0.000081
3386.992928,0.000171
3388.921739,0.000042
3390.850551,0.000036
3392.779362,-0.000017
3394.708174,-0.000056
3396.636985,0.000062
3398.565797,0.000015
3400.494608,-0.000156
3402.423420,-0.000186
3404.352231,-0.000066
3406.281043,0.000075
3408.209854,0.000188
3410.138666,0.000272
3412.067477,0.000239
3413.996288,0.000141
3415.925100,0.000071
3417.853911,-0.000004
3419.782723,-0.000084
3421.711534,-0.000178
3423.640346,-0.000215
3425.569157,-0.000137
3427.497969,-0.000015
3429.426780,0.000070
3431.355592,0.000073
3433.284403,0.000121
3435.213215,0.000213
3437.142026,0.000114
3439.070837,-0.000003
3440.999649,0.000034
3442.928460,0.000014
3444.857272,-0.000012
3446.786083,0.000134
3448.714895,0.000286
3450.643706,0.000271
3452.572518,0.000204
3454.501329,0.000221
3456.430141,0.000264
3458.358952,0.000207
3460.287764,0.000123
3462.216575,0.000063
3464.145386,-0.000020
3466.074198,0.000073
3468.003009,0.000320
3469.931821,0.000364
3471.860632,0.000198
3473.789444,0.000027
3475.718255,-0.000057
3477.647067,-0.000055
3479.575878,-0.000046
3481.504690,-0.000108
3483.433501,-0.000121
3485.362313,0.000049
3487.291124,0.000220
3489.219935,0.000233
3491.148747,0.000241
3493.077558,0.000282
3495.006370,0.000133
3496.935181,-0.000094
3498.863993,-0.000191
3500.792804,-0.000289
3502.721616,-0.000362
3504.650427,-0.000329
3506.579239,-0.000205
3508.508050,-0.000076
3510.436862,-0.000010
3512.365673,0.000138
3514.294484,0.000128
3516.223296,-0.000170
3518.152107,-0.000314
3520.080919,-0.000162
3522.009730,0.000012
3523.938542,0.000065
3525.867353,0.000087
3527.796165,-0.000035
3529.724976,-0.000122
3531.653788,0.000137
3533.582599,0.000324
3535.511411,0.000340
3537.440222,0.000466
3539.369034,0.000623
3541.297845,0.000539
3543.226656,0.000293
3545.155468,0.000208
3547.084279,0.000288
3549.013091,0.000456
3550.941902,0.000548
3552.870714,0.000576
3554.799525,0.000848
3556.728337,0.001139
3558.657148,0.001246
3560.585960,0.001190
3562.514771,0.001008
3564.443583,0.000960
3566.372394,0.000850
3568.301205,0.000888
3570.230017,0.001649
3572.158828,0.002344
3574.087640,0.002484
3576.016451,0.002519
3577.945263,0.002460
3579.874074,0.002286
3581.802886,0.002002
3583.731697,0.001539
3585.660509,0.001045
3587.589320,0.000846
3589.518132,0.001248
3591.446943,0.001516
3593.375754,0.001175
3595.304566,0.001061
3597.233377,0.001545
3599.162189,0.002044
3601.091000,0.002283
3603.019812,0.002462
3604.948623,0.002474
3606.877435,0.001980
3608.806246,0.001336
3610.735058,0.001157
3612.663869,0.000994
3614.592681,0.000747
3616.521492,0.000798
3618.450303,0.000473
3620.379115,0.000175
3622.307926,0.000506
3624.236738,0.000633
3626.165549,0.000358
3628.094361,-0.000475
3630.023172,-0.000950
3631.951984,-0.000115
3633.880795,0.000595
3635.809607,0.000908
3637.738418,0.001284
3639.667230,0.001311
3641.596041,0.000947
3643.524852,0.000467
3645.453664,-0.000283
3647.382475,-0.001268
3649.311287,-0.002002
3651.240098,-0.001678
3653.168910,-0.000358
3655.097721,0.000281
3657.026533,0.000164
3658.955344,0.000650
3660.884156,0.001142
3662.812967,0.001080
3664.741779,0.000790
3666.670590,0.000353
3668.599401,-0.000662
3670.528213,-0.001855
3672.457024,-0.001638
3674.385836,-0.001495
3676.314647,-0.001924
3678.243459,-0.000886
3680.172270,0.000318
3682.101082,0.000577
3684.029893,0.000545
3685.958705,0.000224
3687.887516,-0.000687
3689.816328,-0.001288
3691.745139,-0.000545
3693.673951,0.000497
3695.602762,0.000886
3697.531573,0.000946
3699.460385,0.000870
3701.389196,0.000497
3703.318008,0.000303
3705.246819,0.000452
3707.175631,0.000185
3709.104442,-0.000400
3711.033254,-0.000857
3712.962065,-0.000770
3714.890877,0.000026
3716.819688,0.000527
3718.748500,0.000500
3720.677311,0.000264
3722.606122,0.000061
3724.534934,0.000098
3726.463745,-0.000015
3728.392557,-0.000105
3730.321368,-0.000345
3732.250180,-0.001275
3734.178991,-0.002047
3736.107803,-0.002025
3738.036614,-0.001623
3739.965426,-0.001043
3741.894237,-0.000849
3743.823049,-0.002031
3745.751860,-0.003052
3747.680671,-0.002299
3749.609483,-0.002021
3751.538294,-0.002241
3753.467106,-0.001348
3755.395917,-0.000266
3757.324729,0.000190
3759.253540,0.000167
3761.182352,0.000428
3763.111163,0.000822
3765.039975,0.000689
3766.968786,0.000640
3768.897598,0.000652
3770.826409,0.000613
3772.755220,0.000981
3774.684032,0.001326
3776.612843,0.001381
3778.541655,0.001077
3780.470466,0.000875
3782.399278,0.001296
3784.328089,0.001537
3786.256901,0.001454
3788.185712,0.001633
3790.114524,0.001706
3792.043335,0.001566
3793.972147,0.001306
3795.900958,0.000524
3797.829769,0.000160
3799.758581,0.000130
3801.687392,-0.000649
3803.616204,-0.000372
3805.545015,0.000462
3807.473827,0.000438
3809.402638,0.000734
3811.331450,0.001165
3813.260261,0.001090
3815.189073,0.000164
3817.117884,-0.000652
3819.046696,-0.000363
3820.975507,-0.000687
3822.904318,-0.000483
3824.833130,0.000711
3826.761941,0.000910
3828.690753,0.000892
3830.619564,0.000786
3832.548376,0.000074
3834.477187,-0.000193
3836.405999,-0.000278
3838.334810,-0.000633
3840.263622,-0.000406
3842.192433,0.000310
3844.121245,0.000789
3846.050056,0.000982
3847.978867,0.000864
3849.907679,0.000411
3851.836490,-0.000386
3853.765302,-0.001548
3855.694113,-0.001309
3857.622925,0.000028
3859.551736,0.000589
3861.480548,0.000475
3863.409359,0.000058
3865.338171,-0.000316
3867.266982,-0.000110
3869.195794,-0.000276
3871.124605,-0.000435
3873.053417,0.000153
3874.982228,0.000376
3876.911039,0.000584
3878.839851,0.000543
3880.768662,-0.000167
3882.697474,0.000012
3884.626285,0.000174
3886.555097,-0.000212
3888.483908,0.000268
3890.412720,0.000467
3892.341531,0.000106
3894.270343,0.000321
3896.199154,0.000443
3898.127966,-0.000096
3900.056777,-0.000703
3901.985588,-0.000800
3903.914400,-0.000653
3905.843211,-0.000350
3907.772023,0.000291
3909.700834,0.000749
3911.629646,0.000804
3913.558457,0.000686
3915.487269,0.000445
3917.416080,0.000225
3919.344892,0.000175
3921.273703,0.000271
3923.202515,0.000313
3925.131326,0.000233
3927.060137,0.000232
3928.988949,0.000280
3930.917760,0.000235
3932.846572,0.000218
3934.775383,0.000387
3936.704195,0.000491
3938.633006,0.000401
3940.561818,0.000308
3942.490629,0.000078
3944.419441,-0.000109
3946.348252,0.000023
3948.277064,0.000084
3950.205875,0.000050
3952.134686,0.000103
3954.063498,0.000087
3955.992309,0.000016
3957.921121,0.000005
3959.849932,0.000026
3961.778744,0.000006
3963.707555,-0.000004
3965.636367,-0.000014
3967.565178,-0.000103
3969.493990,-0.000109
3971.422801,-0.000093
3973.351613,-0.000147
3975.280424,-0.000137
3977.209235,-0.000043
3979.138047,0.000016
3981.066858,0.000057
3982.995670,0.000152
3984.924481,0.000182
3986.853293,0.000095
3988.782104,0.000008
3990.710916,-0.000093
3992.639727,-0.000210
3994.568539,-0.000252
3996.497350,-0.000164
3998.426162,-0.000017
4000.354973,0.000052
