898.826141,0.000299
900.754953,0.000499
902.683764,0.000034
904.612576,0.000013
906.541387,0.000218
908.470199,-0.000042
910.399010,-0.000192
912.327822,0.000765
914.256633,0.000796
916.185445,-0.000354
918.114256,-0.000693
920.043068,-0.000759
921.971879,-0.000518
923.900690,0.000406
925.829502,0.000624
927.758313,-0.000268
929.687125,-0.000702
931.615936,0.000295
933.544748,0.001288
935.473559,0.001404
937.402371,0.000815
939.331182,0.000013
941.259994,0.000133
943.188805,0.000527
945.117617,0.000352
947.046428,0.000300
948.975240,0.000291
950.904051,0.000072
952.832862,-0.000058
954.761674,-0.000016
956.690485,0.000080
958.619297,0.000090
960.548108,0.000088
962.476920,0.000049
964.405731,-0.000105
966.334543,-0.000082
968.263354,0.000193
970.192166,0.000230
972.120977,-0.000069
974.049789,-0.000217
975.978600,-0.000164
977.907411,-0.000135
979.836223,-0.000183
981.765034,-0.000308
983.693846,-0.000164
985.622657,0.000233
987.551469,0.000291
989.480280,0.000099
991.409092,0.000101
993.337903,0.000193
995.266715,0.000214
997.195526,0.000204
999.124338,0.000196
1001.053149,0.000178
1002.981960,0.000189
1004.910772,0.000244
1006.839583,0.000239
1008.768395,0.000161
1010.697206,0.000061
1012.626018,-0.000024
1014.554829,-0.000024
1016.483641,0.000016
1018.412452,-0.000029
1020.341264,-0.000089
1022.270075,-0.000066
1024.198887,-0.000041
1026.127698,-0.000024
1028.056509,0.000022
1029.985321,0.000061
1031.914132,0.000083
1033.842944,0.000099
1035.771755,0.000087
1037.700567,0.000067
1039.629378,0.000122
1041.558190,0.000169
1043.487001,0.000065
1045.415813,-0.000010
1047.344624,0.000041
1049.273436,0.000040
1051.202247,-0.000035
1053.131058,-0.000071
1055.059870,-0.000061
1056.988681,-0.000008
1058.917493,0.000067
1060.846304,0.000043
1062.775116,-0.000026
1064.703927,0.000054
1066.632739,0.000181
1068.561550,0.000149
1070.490362,0.000037
1072.419173,0.000013
1074.347985,0.000062
1076.276796,0.000080
1078.205607,0.000117
1080.134419,0.000156
1082.063230,0.000075
1083.992042,0.000031
1085.920853,0.000058
1087.849665,0.000025
1089.778476,0.000042
1091.707288,0.000086
1093.636099,0.000069
1095.564911,0.000090
1097.493722,0.000159
1099.422534,0.000182
1101.351345,0.000140
1103.280156,0.000103
1105.208968,0.000084
1107.137779,0.000065
1109.066591,0.000067
1110.995402,0.000060
1112.924214,0.000015
1114.853025,-0.000059
1116.781837,-0.000073
1118.710648,-0.000001
1120.639460,0.000049
1122.568271,0.000077
1124.497083,0.000053
1126.425894,-0.000018
1128.354706,-0.000011
1130.283517,-0.000010
1132.212328,-0.000074
1134.141140,-0.000092
1136.069951,-0.000083
1137.998763,-0.000085
1139.927574,-0.000065
1141.856386,-0.000037
1143.785197,-0.000026
1145.714009,-0.000058
1147.642820,-0.000105
1149.571632,-0.000077
1151.500443,-0.000004
1153.429255,0.000022
1155.358066,0.000002
1157.286877,-0.000012
1159.215689,0.000020
1161.144500,0.000058
1163.073312,0.000057
1165.002123,0.000037
1166.930935,0.000024
1168.859746,0.000018
1170.788558,0.000007
1172.717369,-0.000021
1174.646181,-0.000019
1176.574992,-0.000006
1178.503804,-0.000041
1180.432615,-0.000019
1182.361426,0.000033
1184.290238,0.000024
1186.219049,0.000055
1188.147861,0.000121
1190.076672,0.000135
1192.005484,0.000120
1193.934295,0.000093
1195.863107,0.000072
1197.791918,0.000072
1199.720730,0.000050
1201.649541,0.000003
1203.578353,-0.000028
1205.507164,-0.000061
1207.435975,-0.000068
1209.364787,-0.000056
1211.293598,-0.000034
1213.222410,-0.000002
1215.151221,0.000053
1217.080033,0.000130
1219.008844,0.000141
1220.937656,0.000183
1222.866467,0.000303
1224.795279,0.000427
1226.724090,0.000624
1228.652902,0.000863
1230.581713,0.001122
1232.510524,0.001443
1234.439336,0.001759
1236.368147,0.002143
1238.296959,0.002654
1240.225770,0.003111
1242.154582,0.003556
1244.083393,0.004043
1246.012205,0.004432
1247.941016,0.004763
1249.869828,0.005016
1251.798639,0.005143
1253.727451,0.004787
1255.656262,0.004046
1257.585073,0.003410
1259.513885,0.002878
1261.442696,0.004017
1263.371508,0.006050
1265.300319,0.005330
1267.229131,0.003729
1269.157942,0.004067
1271.086754,0.004823
1273.015565,0.005214
1274.944377,0.005436
1276.873188,0.005365
1278.802000,0.005128
1280.730811,0.004721
1282.659622,0.004138
1284.588434,0.003507
1286.517245,0.002922
1288.446057,0.002283
1290.374868,0.001731
1292.303680,0.001363
1294.232491,0.000970
1296.161303,0.000663
1298.090114,0.000480
1300.018926,0.000266
1301.947737,0.000105
1303.876549,0.000019
1305.805360,-0.000055
1307.734172,-0.000042
1309.662983,0.000036
1311.591794,0.000029
1313.520606,-0.000025
1315.449417,-0.000058
1317.378229,-0.000025
1319.307040,0.000042
1321.235852,0.000009
1323.164663,-0.000014
1325.093475,0.000113
1327.022286,0.000233
1328.951098,0.000231
1330.879909,0.000240
1332.808721,0.000302
1334.737532,0.000336
1336.666343,0.000321
1338.595155,0.000299
1340.523966,0.000334
1342.452778,0.000365
1344.381589,0.000324
1346.310401,0.000273
1348.239212,0.000241
1350.168024,0.000182
1352.096835,0.000082
1354.025647,0.000049
1355.954458,0.000113
1357.883270,0.000080
1359.812081,-0.000087
1361.740892,-0.000179
1363.669704,-0.000103
1365.598515,-0.000034
1367.527327,-0.000110
1369.456138,-0.000195
1371.384950,-0.000238
1373.313761,-0.000218
1375.242573,-0.000076
1377.171384,0.000164
1379.100196,0.000314
1381.029007,0.000452
1382.957819,0.000619
1384.886630,0.000721
1386.815441,0.000822
1388.744253,0.001018
1390.673064,0.001190
1392.601876,0.001239
1394.530687,0.001242
1396.459499,0.001298
1398.388310,0.001401
1400.317122,0.001501
1402.245933,0.001501
1404.174745,0.001408
1406.103556,0.001391
1408.032368,0.001438
1409.961179,0.001447
1411.889990,0.001434
1413.818802,0.001424
1415.747613,0.001363
1417.676425,0.001080
1419.605236,0.000868
1421.534048,0.001006
1423.462859,0.001002
1425.391671,0.000895
1427.320482,0.000881
1429.249294,0.000792
1431.178105,0.000822
1433.106917,0.000858
1435.035728,0.000510
1436.964539,0.000269
1438.893351,0.000476
1440.822162,0.000582
1442.750974,0.000605
1444.679785,0.000575
1446.608597,0.000396
1448.537408,0.000384
1450.466220,0.000502
1452.395031,0.000476
1454.323843,0.000269
1456.252654,-0.000151
1458.181466,-0.000220
1460.110277,0.000214
1462.039089,0.000365
1463.967900,0.000144
1465.896711,0.000133
1467.825523,0.000340
1469.754334,0.000211
1471.683146,-0.000169
1473.611957,-0.000273
1475.540769,-0.000108
1477.469580,-0.000003
1479.398392,0.000050
1481.327203,0.000062
1483.256015,0.000110
1485.184826,0.000068
1487.113638,-0.000150
1489.042449,-0.000284
1490.971260,-0.000109
1492.900072,0.000169
1494.828883,0.000184
1496.757695,0.000066
1498.686506,0.000191
1500.615318,0.000469
1502.544129,0.000614
1504.472941,0.000235
1506.401752,-0.000378
1508.330564,-0.000062
1510.259375,0.000451
1512.188187,0.000634
1514.116998,0.000635
1516.045809,0.000448
1517.974621,0.000311
1519.903432,0.000157
1521.832244,0.000005
1523.761055,0.000259
1525.689867,0.000463
1527.618678,0.000554
1529.547490,0.000729
1531.476301,0.000635
1533.405113,0.000418
1535.333924,0.000537
1537.262736,0.000452
1539.191547,-0.000200
1541.120358,-0.000360
1543.049170,0.000028
1544.977981,0.000384
1546.906793,0.000676
1548.835604,0.000786
1550.764416,0.000842
1552.693227,0.000908
1554.622039,0.000940
1556.550850,0.000809
1558.479662,0.000679
1560.408473,0.001805
1562.337285,0.003245
1564.266096,0.004352
1566.194907,0.005610
1568.123719,0.007017
1570.052530,0.009092
1571.981342,0.011888
1573.910153,0.014661
1575.838965,0.018451
1577.767776,0.023654
1579.696588,0.029196
1581.625399,0.035524
1583.554211,0.042746
1585.483022,0.050791
1587.411834,0.059506
1589.340645,0.068660
1591.269456,0.077887
1593.198268,0.086358
1595.127079,0.093754
1597.055891,0.099444
1598.984702,0.103001
1600.913514,0.104069
1602.842325,0.102472
1604.771137,0.098672
1606.699948,0.092721
1608.628760,0.085422
1610.557571,0.076841
1612.486383,0.068173
1614.415194,0.059177
1616.344005,0.050370
1618.272817,0.057703
1620.201628,0.080916
1622.130440,0.106072
1624.059251,0.125353
1625.988063,0.135531
1627.916874,0.139297
1629.845686,0.136797
1631.774497,0.128039
1633.703309,0.114929
1635.632120,0.096406
1637.560932,0.078645
1639.489743,0.064558
1641.418555,0.049079
1643.347366,0.035000
1645.276177,0.024231
1647.204989,0.014918
1649.133800,0.009284
1651.062612,0.005720
1652.991423,0.002259
1654.920235,0.001203
1656.849046,0.001306
1658.777858,0.000972
1660.706669,0.000435
1662.635481,-0.000038
1664.564292,-0.000001
1666.493104,0.000102
1668.421915,-0.000143
1670.350726,-0.000091
1672.279538,0.000341
1674.208349,0.000601
1676.137161,0.000963
1678.065972,0.001580
1679.994784,0.001998
1681.923595,0.001963
1683.852407,0.001740
1685.781218,0.001931
1687.710030,0.002145
1689.638841,0.001837
1691.567653,0.001448
1693.496464,0.000796
1695.425275,0.000607
1697.354087,0.002493
1699.282898,0.002828
1701.211710,0.000278
1703.140521,-0.000378
1705.069333,0.000562
1706.998144,0.001689
1708.926956,0.002816
1710.855767,0.003511
1712.784579,0.003675
1714.713390,0.003441
1716.642202,0.002977
1718.571013,0.002642
1720.499824,0.002525
1722.428636,0.002261
1724.357447,0.001759
1726.286259,0.001365
1728.215070,0.000948
1730.143882,0.000528
1732.072693,0.000187
1734.001505,-0.000165
1735.930316,0.000011
1737.859128,0.000292
1739.787939,0.000323
1741.716751,0.000443
1743.645562,0.000626
1745.574373,0.000666
1747.503185,0.000587
1749.431996,0.000544
1751.360808,0.000691
1753.289619,0.000961
1755.218431,0.001084
1757.147242,0.001073
1759.076054,0.001074
1761.004865,0.000940
1762.933677,0.000807
1764.862488,0.000799
1766.791300,0.000559
1768.720111,0.000240
1770.648922,-0.000060
1772.577734,-0.000262
1774.506545,-0.000131
1776.435357,0.000072
1778.364168,0.000101
1780.292980,0.000063
1782.221791,0.000091
1784.150603,0.000111
1786.079414,0.000141
1788.008226,0.000193
1789.937037,0.000017
1791.865849,-0.000244
1793.794660,-0.000099
1795.723471,0.000211
1797.652283,0.000334
1799.581094,0.000353
1801.509906,0.000451
1803.438717,0.000640
1805.367529,0.000836
1807.296340,0.000964
1809.225152,0.000975
1811.153963,0.001056
1813.082775,0.001329
1815.011586,0.001594
1816.940398,0.001789
1818.869209,0.001977
1820.798021,0.002180
1822.726832,0.002374
1824.655643,0.002549
1826.584455,0.002763
1828.513266,0.002936
1830.442078,0.003133
1832.370889,0.003504
1834.299701,0.003820
1836.228512,0.004065
1838.157324,0.004331
1840.086135,0.004508
1842.014947,0.004704
1843.943758,0.004878
1845.872570,0.004931
1847.801381,0.005018
1849.730192,0.005070
1851.659004,0.005034
1853.587815,0.004981
1855.516627,0.004848
1857.445438,0.004587
1859.374250,0.004318
1861.303061,0.003997
1863.231873,0.003550
1865.160684,0.002935
1867.089496,0.002153
1869.018307,0.001538
1870.947119,0.001132
1872.875930,0.001795
1874.804741,0.003276
1876.733553,0.002657
1878.662364,0.000917
1880.591176,0.001009
1882.519987,0.001904
1884.448799,0.002659
1886.377610,0.003481
1888.306422,0.004169
1890.235233,0.004807
1892.164045,0.005379
1894.092856,0.005925
1896.021668,0.006391
1897.950479,0.006685
1899.879290,0.006875
1901.808102,0.006968
1903.736913,0.006990
1905.665725,0.006893
1907.594536,0.006759
1909.523348,0.006620
1911.452159,0.006357
1913.380971,0.006025
1915.309782,0.005570
1917.238594,0.004988
1919.167405,0.004599
1921.096217,0.004310
1923.025028,0.003843
1924.953839,0.003418
1926.882651,0.003074
1928.811462,0.002654
1930.740274,0.002249
1932.669085,0.001928
1934.597897,0.001619
1936.526708,0.001282
1938.455520,0.001005
1940.384331,0.000743
1942.313143,0.000487
1944.241954,0.000349
1946.170766,0.000236
1948.099577,0.000149
1950.028388,0.000103
1951.957200,0.000000
1953.886011,-0.000105
1955.814823,-0.000129
1957.743634,-0.000092
1959.672446,-0.000074
1961.601257,-0.000117
1963.530069,-0.000189
1965.458880,-0.000227
1967.387692,-0.000227
1969.316503,-0.000241
1971.245315,-0.000244
1973.174126,-0.000198
1975.102938,-0.000151
1977.031749,-0.000152
1978.960560,-0.000167
1980.889372,-0.000153
1982.818183,-0.000150
1984.746995,-0.000159
1986.675806,-0.000176
1988.604618,-0.000198
1990.533429,-0.000216
1992.462241,-0.000219
1994.391052,-0.000153
1996.319864,-0.000103
1998.248675,-0.000127
2000.177487,-0.000137
2002.106298,-0.000139
2004.035109,-0.000129
2005.963921,-0.000090
2007.892732,-0.000087
2009.821544,-0.000099
2011.750355,-0.000102
2013.679167,-0.000132
2015.607978,-0.000170
2017.536790,-0.000154
2019.465601,-0.000113
2021.394413,-0.000112
2023.323224,-0.000107
2025.252036,-0.000083
2027.180847,-0.000091
2029.109658,-0.000113
2031.038470,-0.000123
2032.967281,-0.000108
2034.896093,-0.000098
2036.824904,-0.000132
2038.753716,-0.000141
2040.682527,-0.000117
2042.611339,-0.000115
2044.540150,-0.000076
2046.468962,-0.000017
2048.397773,-0.000040
2050.326585,-0.000103
2052.255396,-0.000120
2054.184207,-0.000121
2056.113019,-0.000120
2058.041830,-0.000081
2059.970642,-0.000068
2061.899453,-0.000083
2063.828265,-0.000096
2065.757076,-0.000115
2067.685888,-0.000081
2069.614699,-0.000039
2071.543511,-0.000016
2073.472322,-0.000003
2075.401134,-0.000079
2077.329945,-0.000164
2079.258756,-0.000134
2081.187568,-0.000070
2083.116379,-0.000055
2085.045191,-0.000058
2086.974002,-0.000056
2088.902814,-0.000057
2090.831625,-0.000066
2092.760437,-0.000074
2094.689248,-0.000065
2096.618060,-0.000087
2098.546871,-0.000113
2100.475683,-0.000065
2102.404494,-0.000030
2104.333305,-0.000043
2106.262117,-0.000024
2108.190928,-0.000015
2110.119740,-0.000039
2112.048551,-0.000014
2113.977363,0.000024
2115.906174,0.000010
2117.834986,0.000006
2119.763797,0.000013
2121.692609,-0.000014
2123.621420,-0.000024
2125.550232,0.000004
2127.479043,-0.000016
2129.407854,-0.000051
2131.336666,-0.000031
2133.265477,-0.000038
2135.194289,-0.000084
2137.123100,-0.000082
2139.051912,-0.000039
2140.980723,-0.000021
2142.909535,-0.000020
2144.838346,-0.000006
2146.767158,-0.000043
2148.695969,-0.000076
2150.624781,-0.000047
2152.553592,-0.000041
2154.482404,-0.000018
2156.411215,0.000034
2158.340026,0.000053
2160.268838,0.000050
2162.197649,0.000028
2164.126461,0.000021
2166.055272,0.000015
2167.984084,-0.000015
2169.912895,0.000017
2171.841707,0.000093
2173.770518,0.000133
2175.699330,0.000120
2177.628141,0.000071
2179.556953,0.000061
2181.485764,0.000107
2183.414575,0.000145
2185.343387,0.000174
2187.272198,0.000207
2189.201010,0.000255
2191.129821,0.000286
2193.058633,0.000271
2194.987444,0.000285
2196.916256,0.000323
2198.845067,0.000359
2200.773879,0.000420
2202.702690,0.000478
2204.631502,0.000538
2206.560313,0.000595
2208.489124,0.000618
2210.417936,0.000619
2212.346747,0.000602
2214.275559,0.000569
2216.204370,0.000501
2218.133182,0.000402
2220.061993,0.000307
2221.990805,0.000214
2223.919616,0.000171
2225.848428,0.000247
2227.777239,0.000424
2229.706051,0.000598
2231.634862,0.000683
2233.563673,0.000737
2235.492485,0.000795
2237.421296,0.000806
2239.350108,0.000803
2241.278919,0.000765
2243.207731,0.000625
2245.136542,0.000503
2247.065354,0.000466
2248.994165,0.000404
2250.922977,0.000303
2252.851788,0.000199
2254.780600,0.000100
2256.709411,0.000052
2258.638222,0.000038
2260.567034,0.000051
2262.495845,0.000082
2264.424657,0.000071
2266.353468,0.000043
2268.282280,0.000016
2270.211091,-0.000001
2272.139903,0.000026
2274.068714,0.000023
2275.997526,-0.000011
2277.926337,0.000022
2279.855149,0.000070
2281.783960,0.000091
2283.712771,0.000131
2285.641583,0.000117
2287.570394,0.000039
2289.499206,0.000007
2291.428017,-0.000014
2293.356829,0.000034
2295.285640,0.000106
2297.214452,0.000134
2299.143263,0.000117
2301.072075,0.000106
2303.000886,0.000091
2304.929698,0.000099
2306.858509,0.000100
2308.787320,0.000000
2310.716132,-0.000180
2312.644943,-0.000348
2314.573755,-0.000526
2316.502566,-0.000477
2318.431378,-0.000442
2320.360189,-0.000391
2322.289001,-0.000337
2324.217812,-0.000222
2326.146624,-0.000057
2328.075435,0.000085
2330.004247,0.000210
2331.933058,0.000131
2333.861870,0.000108
2335.790681,0.000086
2337.719492,0.000133
2339.648304,0.000277
2341.577115,0.000507
2343.505927,0.000906
2345.434738,0.001629
2347.363550,0.002601
2349.292361,0.003030
2351.221173,0.002437
2353.149984,0.001475
2355.078796,0.000738
2357.007607,0.000248
2358.936419,0.000088
2360.865230,0.000162
2362.794041,0.000355
2364.722853,0.000658
2366.651664,0.000346
2368.580476,0.000282
2370.509287,0.000355
2372.438099,0.000438
2374.366910,0.000573
2376.295722,0.000690
2378.224533,0.000673
2380.153345,0.000503
2382.082156,0.000197
2384.010968,-0.000228
2385.939779,-0.000121
2387.868590,-0.000094
2389.797402,-0.000093
2391.726213,-0.000057
2393.655025,-0.000010
2395.583836,-0.000019
2397.512648,-0.000053
2399.441459,-0.000055
2401.370271,-0.000070
2403.299082,-0.000078
2405.227894,-0.000046
2407.156705,-0.000018
2409.085517,-0.000001
2411.014328,-0.000028
2412.943139,-0.000050
2414.871951,0.000008
2416.800762,0.000017
2418.729574,-0.000044
2420.658385,-0.000062
2422.587197,-0.000056
2424.516008,-0.000070
2426.444820,-0.000077
2428.373631,-0.000026
2430.302443,0.000025
2432.231254,-0.000006
2434.160066,-0.000022
2436.088877,0.000007
2438.017688,-0.000001
2439.946500,-0.000025
2441.875311,-0.000031
2443.804123,-0.000030
2445.732934,-0.000035
2447.661746,-0.000043
2449.590557,-0.000045
2451.519369,-0.000062
2453.448180,-0.000067
2455.376992,-0.000032
2457.305803,0.000013
2459.234615,0.000001
2461.163426,-0.000053
2463.092237,-0.000053
2465.021049,-0.000014
2466.949860,-0.000008
2468.878672,-0.000030
2470.807483,-0.000027
2472.736295,0.000010
2474.665106,0.000022
2476.593918,0.000026
2478.522729,-0.000000
2480.451541,-0.000056
2482.380352,-0.000006
2484.309164,0.000066
2486.237975,0.000045
2488.166786,0.000033
2490.095598,0.000078
2492.024409,0.000118
2493.953221,0.000070
2495.882032,-0.000039
2497.810844,-0.000076
2499.739655,-0.000030
2501.668467,-0.000003
2503.597278,-0.000003
2505.526090,0.000003
2507.454901,0.000035
2509.383713,0.000079
2511.312524,0.000077
2513.241336,0.000068
2515.170147,0.000069
2517.098958,0.000004
2519.027770,-0.000057
2520.956581,-0.000056
2522.885393,-0.000058
2524.814204,-0.000055
2526.743016,-0.000023
2528.671827,-0.000032
2530.600639,-0.000079
2532.529450,-0.000069
2534.458262,-0.000044
2536.387073,-0.000056
2538.315885,-0.000052
2540.244696,-0.000049
2542.173507,-0.000059
2544.102319,-0.000047
2546.031130,-0.000025
2547.959942,-0.000001
2549.888753,0.000031
2551.817565,0.000061
2553.746376,0.000061
2555.675188,0.000017
2557.603999,-0.000002
2559.532811,0.000051
2561.461622,0.000071
2563.390434,-0.000021
2565.319245,-0.000100
2567.248056,-0.000049
2569.176868,0.000004
2571.105679,-0.000007
2573.034491,0.000016
2574.963302,0.000016
2576.892114,-0.000016
2578.820925,0.000011
2580.749737,0.000010
2582.678548,-0.000044
2584.607360,-0.000054
2586.536171,-0.000017
2588.464983,0.000033
2590.393794,0.000058
2592.322605,0.000017
2594.251417,-0.000032
2596.180228,-0.000018
2598.109040,0.000041
2600.037851,0.000072
2601.966663,0.000040
2603.895474,-0.000008
2605.824286,0.000000
2607.753097,0.000021
2609.681909,-0.000025
2611.610720,-0.000052
2613.539532,-0.000020
2615.468343,-0.000035
2617.397154,-0.000064
2619.325966,-0.000031
2621.254777,0.000009
2623.183589,0.000023
2625.112400,-0.000001
2627.041212,-0.000022
2628.970023,-0.000006
2630.898835,0.000004
2632.827646,0.000009
2634.756458,-0.000006
2636.685269,-0.000034
2638.614081,-0.000044
2640.542892,-0.000057
2642.471703,-0.000062
2644.400515,-0.000045
2646.329326,-0.000032
2648.258138,-0.000019
2650.186949,-0.000019
2652.115761,-0.000068
2654.044572,-0.000083
2655.973384,-0.000030
2657.902195,-0.000052
2659.831007,-0.000096
2661.759818,-0.000033
2663.688630,-0.000007
2665.617441,-0.000062
2667.546253,-0.000075
2669.475064,-0.000068
2671.403875,-0.000082
2673.332687,-0.000070
2675.261498,-0.000042
2677.190310,-0.000062
2679.119121,-0.000086
2681.047933,-0.000054
2682.976744,-0.000061
2684.905556,-0.000110
2686.834367,-0.000074
2688.763179,-0.000018
2690.691990,-0.000030
2692.620802,-0.000056
2694.549613,-0.000082
2696.478424,-0.000089
2698.407236,-0.000054
2700.336047,-0.000040
2702.264859,-0.000074
2704.193670,-0.000082
2706.122482,-0.000052
2708.051293,-0.000070
2709.980105,-0.000109
2711.908916,-0.000105
2713.837728,-0.000088
2715.766539,-0.000053
2717.695351,0.000005
2719.624162,0.000046
2721.552973,0.000047
2723.481785,0.000011
2725.410596,0.000009
2727.339408,0.000035
2729.268219,-0.000021
2731.197031,-0.000098
2733.125842,-0.000090
2735.054654,-0.000070
2736.983465,-0.000048
2738.912277,-0.000005
2740.841088,-0.000037
2742.769900,-0.000067
2744.698711,-0.000035
2746.627522,-0.000016
2748.556334,-0.000009
2750.485145,-0.000050
2752.413957,-0.000053
2754.342768,0.000048
2756.271580,0.000057
2758.200391,-0.000012
2760.129203,-0.000035
2762.058014,-0.000040
2763.986826,-0.000045
2765.915637,-0.000063
2767.844449,-0.000072
2769.773260,-0.000054
2771.702071,-0.000036
2773.630883,-0.000020
2775.559694,-0.000001
2777.488506,0.000011
2779.417317,0.000007
2781.346129,-0.000018
2783.274940,-0.000035
2785.203752,-0.000007
2787.132563,-0.000011
2789.061375,-0.000072
2790.990186,-0.000084
2792.918998,-0.000038
2794.847809,-0.000020
2796.776620,-0.000027
2798.705432,0.000015
2800.634243,0.000055
2802.563055,0.000036
2804.491866,0.000015
2806.420678,-0.000045
2808.349489,-0.000096
2810.278301,-0.000035
2812.207112,0.000035
2814.135924,0.000081
2816.064735,0.000101
2817.993547,0.000046
2819.922358,0.000018
2821.851169,0.000052
2823.779981,0.000050
2825.708792,0.000053
2827.637604,0.000077
2829.566415,0.000025
2831.495227,-0.000021
2833.424038,0.000003
2835.352850,-0.000021
2837.281661,-0.000017
2839.210473,0.000071
2841.139284,0.000117
2843.068096,0.000133
2844.996907,0.000157
2846.925719,0.000193
2848.854530,0.000243
2850.783341,0.000290
2852.712153,0.000330
2854.640964,0.000385
2856.569776,0.000553
2858.498587,0.000724
2860.427399,0.000752
2862.356210,0.000844
2864.285022,0.001108
2866.213833,0.001415
2868.142645,0.001688
2870.071456,0.001922
2872.000268,0.002195
2873.929079,0.002527
2875.857890,0.002913
2877.786702,0.003364
2879.715513,0.003825
2881.644325,0.004234
2883.573136,0.004572
2885.501948,0.004844
2887.430759,0.005049
2889.359571,0.005165
2891.288382,0.005185
2893.217194,0.005079
2895.146005,0.004848
2897.074817,0.004597
2899.003628,0.004264
2900.932439,0.003811
2902.861251,0.003349
2904.790062,0.002787
2906.718874,0.002571
2908.647685,0.003470
2910.576497,0.005069
2912.505308,0.006510
2914.434120,0.007561
2916.362931,0.008162
2918.291743,0.008276
2920.220554,0.007900
2922.149366,0.007058
2924.078177,0.005925
2926.006988,0.004654
2927.935800,0.003353
2929.864611,0.002238
2931.793423,0.001388
2933.722234,0.000731
2935.651046,0.000293
2937.579857,0.000095
2939.508669,0.000068
2941.437480,0.000077
2943.366292,0.000095
2945.295103,0.000143
2947.223915,0.000051
2949.152726,-0.000086
2951.081537,-0.000027
2953.010349,0.000093
2954.939160,0.000083
2956.867972,0.000019
2958.796783,0.000007
2960.725595,-0.000002
2962.654406,-0.000039
2964.583218,0.000009
2966.512029,0.000081
2968.440841,0.000039
2970.369652,-0.000003
2972.298464,-0.000009
2974.227275,-0.000064
2976.156086,-0.000070
2978.084898,0.000007
2980.013709,0.000046
2981.942521,0.000012
2983.871332,-0.000068
2985.800144,-0.000114
2987.728955,-0.000067
2989.657767,-0.000033
2991.586578,-0.000096
2993.515390,-0.000156
2995.444201,-0.000101
2997.373013,-0.000037
2999.301824,-0.000094
3001.230635,-0.000140
3003.159447,-0.000082
3005.088258,-0.000048
3007.017070,-0.000062
3008.945881,-0.000035
3010.874693,0.000019
3012.803504,0.000006
3014.732316,-0.000057
3016.661127,-0.000052
3018.589939,0.000003
3020.518750,0.000035
3022.447562,0.000023
3024.376373,-0.000059
3026.305185,-0.000106
3028.233996,-0.000056
3030.162807,-0.000032
3032.091619,-0.000022
3034.020430,-0.000009
3035.949242,-0.000018
3037.878053,0.000007
3039.806865,0.000033
3041.735676,0.000049
3043.664488,0.000073
3045.593299,0.000073
3047.522111,0.000072
3049.450922,0.000029
3051.379734,0.000005
3053.308545,0.000085
3055.237356,0.000107
3057.166168,0.000035
3059.094979,0.000048
3061.023791,0.000096
3062.952602,0.000086
3064.881414,0.000060
3066.810225,0.000061
3068.739037,0.000058
3070.667848,0.000036
3072.596660,-0.000003
3074.525471,-0.000062
3076.454283,-0.000064
3078.383094,-0.000036
3080.311905,-0.000014
3082.240717,0.000067
3084.169528,0.000062
3086.098340,-0.000025
3088.027151,-0.000021
3089.955963,-0.000042
3091.884774,-0.000099
3093.813586,-0.000104
3095.742397,-0.000088
3097.671209,-0.000059
3099.600020,-0.000106
3101.528832,-0.000183
3103.457643,-0.000147
3105.386454,-0.000106
3107.315266,-0.000129
3109.244077,-0.000172
3111.172889,-0.000230
3113.101700,-0.000219
3115.030512,-0.000109
3116.959323,0.000004
3118.888135,0.000015
3120.816946,-0.000096
3122.745758,-0.000158
3124.674569,-0.000101
3126.603381,-0.000064
3128.532192,-0.000105
3130.461003,-0.000183
3132.389815,-0.000163
3134.318626,-0.000075
3136.247438,-0.000100
3138.176249,-0.000120
3140.105061,-0.000044
3142.033872,-0.000011
3143.962684,-0.000022
3145.891495,-0.000015
3147.820307,-0.000024
3149.749118,-0.000066
3151.677930,-0.000076
3153.606741,0.000019
3155.535552,0.000094
3157.464364,0.000052
3159.393175,0.000036
3161.321987,0.000033
3163.250798,0.000016
3165.179610,0.000116
3167.108421,0.000185
3169.037233,0.000124
3170.966044,0.000114
3172.894856,0.000168
3174.823667,0.000176
3176.752479,0.000149
3178.681290,0.000148
3180.610102,0.000169
3182.538913,0.000197
3184.467724,0.000256
3186.396536,0.000302
3188.325347,0.000252
3190.254159,0.000115
3192.182970,0.000058
3194.111782,0.000190
3196.040593,0.000335
3197.969405,0.000374
3199.898216,0.000377
3201.827028,0.000362
3203.755839,0.000341
3205.684651,0.000301
3207.613462,0.000272
3209.542273,0.000353
3211.471085,0.000437
3213.399896,0.000375
3215.328708,0.000306
3217.257519,0.000349
3219.186331,0.000418
3221.115142,0.000554
3223.043954,0.000638
3224.972765,0.000487
3226.901577,0.000403
3228.830388,0.000478
3230.759200,0.000486
3232.688011,0.000459
3234.616822,0.000455
3236.545634,0.000501
3238.474445,0.000490
3240.403257,0.000429
3242.332068,0.000444
3244.260880,0.000415
3246.189691,0.000422
3248.118503,0.000519
3250.047314,0.000535
3251.976126,0.000492
3253.904937,0.000424
3255.833749,0.000402
3257.762560,0.000381
3259.691371,0.000194
3261.620183,0.000063
3263.548994,0.000257
3265.477806,0.000431
3267.406617,0.000272
3269.335429,0.000136
3271.264240,0.000172
3273.193052,0.000151
3275.121863,0.000070
3277.050675,0.000018
3278.979486,0.000128
3280.908298,0.000298
3282.837109,0.000290
3284.765920,0.000207
3286.694732,0.000174
3288.623543,0.000152
3290.552355,0.000136
3292.481166,0.000124
3294.409978,0.000054
3296.338789,-0.000030
3298.267601,0.000014
3300.196412,0.000066
3302.125224,0.000048
3304.054035,0.000073
3305.982847,0.000068
3307.911658,-0.000056
3309.840469,-0.000179
3311.769281,-0.000171
3313.698092,-0.000123
3315.626904,-0.000120
3317.555715,-0.000083
3319.484527,-0.000031
3321.413338,-0.000053
3323.342150,-0.000083
3325.270961,-0.000056
3327.199773,-0.000018
3329.128584,-0.000040
3331.057396,-0.000123
3332.986207,-0.000103
3334.915018,0.000028
3336.843830,0.000094
3338.772641,0.000095
3340.701453,0.000035
3342.630264,-0.000014
3344.559076,0.000041
3346.487887,0.000087
3348.416699,0.000057
3350.345510,0.000035
3352.274322,0.000066
3354.203133,0.000059
3356.131945,0.000031
3358.060756,0.000010
3359.989568,0.000040
3361.918379,0.000195
3363.847190,0.000191
3365.776002,0.000027
3367.704813,0.000072
3369.633625,0.000188
3371.562436,0.000105
3373.491248,-0.000079
3375.420059,-0.000189
3377.348871,-0.000198
3379.277682,-0.000078
3381.206494,0.000043
3383.135305,0.000059
3385.064117,0.000139
3386.992928,0.000070
3388.921739,-0.000169
3390.850551,-0.000175
3392.779362,-0.000144
3394.708174,-0.000181
3396.636985,-0.000165
3398.565797,-0.000288
3400.494608,-0.000329
3402.423420,-0.000144
3404.352231,0.000028
3406.281043,0.000033
3408.209854,0.000029
3410.138666,0.000123
3412.067477,0.000155
3413.996288,0.000017
3415.925100,-0.000065
3417.853911,-0.000038
3419.782723,-0.000137
3421.711534,-0.000231
3423.640346,-0.000205
3425.569157,-0.000161
3427.497969,-0.000051
3429.426780,-0.000018
3431.355592,-0.000042
3433.284403,0.000056
3435.213215,0.000119
3437.142026,0.000105
3439.070837,0.000066
3440.999649,-0.000029
3442.928460,-0.000077
3444.857272,0.000082
3446.786083,0.000280
3448.714895,0.000269
3450.643706,0.000210
3452.572518,0.000139
3454.501329,0.000074
3456.430141,0.000136
3458.358952,0.000118
3460.287764,0.000062
3462.216575,0.000099
3464.145386,0.000028
3466.074198,-0.000056
3468.003009,0.000035
3469.931821,0.000180
3471.860632,0.000196
3473.789444,0.000073
3475.718255,-0.000049
3477.647067,-0.000049
3479.575878,0.000011
3481.504690,-0.000060
3483.433501,-0.000133
3485.362313,-0.000018
3487.291124,0.000044
3489.219935,0.000009
3491.148747,0.000020
3493.077558,0.000014
3495.006370,0.000005
3496.935181,-0.000003
3498.863993,-0.000032
3500.792804,-0.000087
3502.721616,-0.000100
3504.650427,-0.000074
3506.579239,-0.000142
3508.508050,-0.000071
3510.436862,0.000109
3512.365673,0.000062
3514.294484,-0.000048
3516.223296,-0.000138
3518.152107,-0.000202
3520.080919,-0.000173
3522.009730,-0.000190
3523.938542,-0.000129
3525.867353,-0.000006
3527.796165,-0.000098
3529.724976,-0.000215
3531.653788,-0.000190
3533.582599,-0.000136
3535.511411,-0.000137
3537.440222,-0.000156
3539.369034,-0.000021
3541.297845,0.000075
3543.226656,0.000021
3545.155468,0.000085
3547.084279,0.000111
3549.013091,-0.000033
3550.941902,-0.000115
3552.870714,0.000068
3554.799525,0.000385
3556.728337,0.000541
3558.657148,0.000595
3560.585960,0.000816
3562.514771,0.001112
3564.443583,0.001333
3566.372394,0.001348
3568.301205,0.001379
3570.230017,0.001705
3572.158828,0.001934
3574.087640,0.002008
3576.016451,0.002074
3577.945263,0.002012
3579.874074,0.002095
3581.802886,0.002201
3583.731697,0.001927
3585.660509,0.001679
3587.589320,0.001852
3589.518132,0.002099
3591.446943,0.001932
3593.375754,0.001642
3595.304566,0.001737
3597.233377,0.002042
3599.162189,0.002307
3601.091000,0.002510
3603.019812,0.002638
3604.948623,0.002753
3606.877435,0.002715
3608.806246,0.002481
3610.735058,0.002282
3612.663869,0.002059
3614.592681,0.001880
3616.521492,0.001799
3618.450303,0.001450
3620.379115,0.001151
3622.307926,0.001189
3624.236738,0.001166
3626.165549,0.001123
3628.094361,0.000971
3630.023172,0.000770
3631.951984,0.000882
3633.880795,0.000918
3635.809607,0.000879
3637.738418,0.001023
3639.667230,0.001019
3641.596041,0.000803
3643.524852,0.000653
3645.453664,0.000539
3647.382475,0.000398
3649.311287,0.000292
3651.240098,0.000277
3653.168910,0.000409
3655.097721,0.000438
3657.026533,0.000306
3658.955344,0.000372
3660.884156,0.000514
3662.812967,0.000536
3664.741779,0.000477
3666.670590,0.000336
3668.599401,0.000131
3670.528213,-0.000095
3672.457024,-0.000083
3674.385836,-0.000025
3676.314647,-0.000144
3678.243459,0.000028
3680.172270,0.000348
3682.101082,0.000461
3684.029893,0.000488
3685.958705,0.000394
3687.887516,0.000197
3689.816328,0.000015
3691.745139,0.000065
3693.673951,0.000282
3695.602762,0.000393
3697.531573,0.000413
3699.460385,0.000401
3701.389196,0.000195
3703.318008,0.000005
3705.246819,0.000044
3707.175631,0.000089
3709.104442,0.000097
3711.033254,-0.000017
3712.962065,-0.000172
3714.890877,-0.000034
3716.819688,0.000140
3718.748500,0.000170
3720.677311,0.000184
3722.606122,0.000206
3724.534934,0.000212
3726.463745,0.000152
3728.392557,0.000099
3730.321368,0.000077
3732.250180,-0.000041
3734.178991,-0.000133
3736.107803,-0.000059
3738.036614,-0.000020
3739.965426,0.000063
3741.894237,0.000261
3743.823049,0.000077
3745.751860,-0.000194
3747.680671,0.000020
3749.609483,0.000109
3751.538294,-0.000004
3753.467106,0.000076
3755.395917,0.000207
3757.324729,0.000308
3759.253540,0.000336
3761.182352,0.000311
3763.111163,0.000313
3765.039975,0.000321
3766.968786,0.000288
3768.897598,0.000174
3770.826409,0.000195
3772.755220,0.000329
3774.684032,0.000318
3776.612843,0.000314
3778.541655,0.000267
3780.470466,0.000157
3782.399278,0.000279
3784.328089,0.000388
3786.256901,0.000280
3788.185712,0.000255
3790.114524,0.000354
3792.043335,0.000345
3793.972147,0.000195
3795.900958,0.000023
3797.829769,0.000030
3799.758581,0.000117
3801.687392,-0.000029
3803.616204,-0.000086
3805.545015,0.000006
3807.473827,0.000005
3809.402638,0.000124
3811.331450,0.000234
3813.260261,0.000232
3815.189073,0.000070
3817.117884,-0.000181
3819.046696,-0.000132
3820.975507,-0.000148
3822.904318,-0.000179
3824.833130,0.000038
3826.761941,0.000107
3828.690753,0.000090
3830.619564,0.000043
3832.548376,-0.000073
3834.477187,-0.000067
3836.405999,-0.000080
3838.334810,-0.000187
3840.263622,-0.000159
3842.192433,0.000017
3844.121245,0.000103
3846.050056,0.000085
3847.978867,0.000113
3849.907679,0.000130
3851.836490,0.000036
3853.765302,-0.000201
3855.694113,-0.000350
3857.622925,-0.000173
3859.551736,0.000091
3861.480548,0.000147
3863.409359,-0.000042
3865.338171,-0.000220
3867.266982,-0.000139
3869.195794,-0.000052
3871.124605,-0.000111
3873.053417,-0.000080
3874.982228,-0.000037
3876.911039,0.000029
3878.839851,0.000061
3880.768662,-0.000107
3882.697474,-0.000061
3884.626285,0.000003
3886.555097,-0.000195
3888.483908,-0.000081
3890.412720,0.000063
3892.341531,-0.000093
3894.270343,-0.000072
3896.199154,0.000021
3898.127966,-0.000123
3900.056777,-0.000259
3901.985588,-0.000176
3903.914400,-0.000137
3905.843211,-0.000182
3907.772023,-0.000053
3909.700834,0.000089
3911.629646,0.000113
3913.558457,0.000115
3915.487269,0.000099
3917.416080,0.000077
3919.344892,-0.000002
3921.273703,-0.000072
3923.202515,-0.000072
3925.131326,-0.000054
3927.060137,-0.000042
3928.988949,-0.000127
3930.917760,-0.000138
3932.846572,-0.000012
3934.775383,0.000013
3936.704195,0.000023
3938.633006,0.000081
3940.561818,0.000117
3942.490629,0.000060
3944.419441,-0.000070
3946.348252,-0.000028
3948.277064,0.000116
3950.205875,0.000064
3952.134686,-0.000109
3954.063498,-0.000131
3955.992309,-0.000068
3957.921121,-0.000080
3959.849932,-0.000101
3961.778744,-0.000107
3963.707555,-0.000023
3965.636367,0.000074
3967.565178,0.000059
3969.493990,0.000047
3971.422801,0.000024
3973.351613,-0.000006
3975.280424,-0.000028
3977.209235,-0.000075
3979.138047,-0.000062
3981.066858,-0.000007
3982.995670,0.000034
3984.924481,0.000019
3986.853293,-0.000018
3988.782104,-0.000021
3990.710916,-0.000038
3992.639727,-0.000067
3994.568539,-0.000136
3996.497350,-0.000189
3998.426162,-0.000087
4000.354973,0.000052
