898.826141,0.000620
900.754953,0.000975
902.683764,0.000172
904.612576,-0.000303
906.541387,-0.000245
908.470199,0.000438
910.399010,0.001430
912.327822,0.001946
914.256633,0.001287
916.185445,0.000288
918.114256,-0.000154
920.043068,-0.000841
921.971879,-0.001012
923.900690,0.000258
925.829502,0.001448
927.758313,0.000978
929.687125,-0.000504
931.615936,-0.000372
933.544748,0.000971
935.473559,0.000685
937.402371,-0.000265
939.331182,-0.000298
941.259994,0.000148
943.188805,0.000566
945.117617,0.000435
947.046428,0.000086
948.975240,0.000145
950.904051,0.000224
952.832862,0.000074
954.761674,-0.000055
956.690485,-0.000010
958.619297,0.000112
960.548108,0.000229
962.476920,0.000205
964.405731,-0.000038
966.334543,-0.000024
968.263354,0.000298
970.192166,0.000286
972.120977,0.000025
974.049789,-0.000076
975.978600,-0.000120
977.907411,0.000009
979.836223,0.000214
981.765034,-0.000005
983.693846,-0.000197
985.622657,0.000066
987.551469,0.000205
989.480280,0.000093
991.409092,0.000018
993.337903,0.000003
995.266715,0.000053
997.195526,0.000095
999.124338,0.000086
1001.053149,0.000091
1002.981960,0.000075
1004.910772,0.000028
1006.839583,0.000013
1008.768395,-0.000001
1010.697206,-0.000043
1012.626018,-0.000098
1014.554829,-0.000142
1016.483641,-0.000125
1018.412452,-0.000119
1020.341264,-0.000203
1022.270075,-0.000276
1024.198887,-0.000152
1026.127698,0.000070
1028.056509,0.000113
1029.985321,0.000056
1031.914132,0.000059
1033.842944,0.000111
1035.771755,0.000141
1037.700567,0.000099
1039.629378,0.000146
1041.558190,0.000242
1043.487001,0.000188
1045.415813,0.000140
1047.344624,0.000178
1049.273436,0.000144
1051.202247,0.000020
1053.131058,-0.000063
1055.059870,-0.000137
1056.988681,-0.000167
1058.917493,-0.000039
1060.846304,0.000046
1062.775116,-0.000020
1064.703927,-0.000042
1066.632739,-0.000023
1068.561550,-0.000051
1070.490362,-0.000055
1072.419173,-0.000017
1074.347985,-0.000020
1076.276796,-0.000044
1078.205607,0.000011
1080.134419,0.000075
1082.063230,0.000070
1083.992042,0.000051
1085.920853,0.000005
1087.849665,-0.000071
1089.778476,-0.000076
1091.707288,-0.000010
1093.636099,0.000028
1095.564911,0.000030
1097.493722,0.000041
1099.422534,0.000047
1101.351345,0.000029
1103.280156,-0.000018
1105.208968,-0.000062
1107.137779,-0.000045
1109.066591,-0.000005
1110.995402,-0.000005
1112.924214,-0.000031
1114.853025,-0.000049
1116.781837,-0.000042
1118.710648,-0.000052
1120.639460,-0.000071
1122.568271,-0.000042
1124.497083,-0.000076
1126.425894,-0.000111
1128.354706,0.000002
1130.283517,0.000060
1132.212328,-0.000028
1134.141140,-0.000087
1136.069951,-0.000105
1137.998763,-0.000118
1139.927574,-0.000111
1141.856386,-0.000083
1143.785197,-0.000052
1145.714009,-0.000062
1147.642820,-0.000093
1149.571632,-0.000070
1151.500443,-0.000024
1153.429255,-0.000007
1155.358066,-0.000000
1157.286877,-0.000011
1159.215689,-0.000003
1161.144500,0.000032
1163.073312,0.000026
1165.002123,0.000042
1166.930935,0.000080
1168.859746,0.000055
1170.788558,0.000028
1172.717369,0.000006
1174.646181,-0.000017
1176.574992,0.000015
1178.503804,0.000072
1180.432615,0.000095
1182.361426,0.000046
1184.290238,0.000020
1186.219049,0.000068
1188.147861,0.000117
1190.076672,0.000161
1192.005484,0.000205
1193.934295,0.000223
1195.863107,0.000208
1197.791918,0.000190
1199.720730,0.000155
1201.649541,0.000064
1203.578353,0.000013
1205.507164,-0.000012
1207.435975,-0.000037
1209.364787,-0.000050
1211.293598,-0.000030
1213.222410,-0.000051
1215.151221,-0.000043
1217.080033,0.000101
1219.008844,0.000208
1220.937656,0.000319
1222.866467,0.000472
1224.795279,0.000628
1226.724090,0.000929
1228.652902,0.001287
1230.581713,0.001694
1232.510524,0.002248
1234.439336,0.002784
1236.368147,0.003406
1238.296959,0.004257
1240.225770,0.005057
1242.154582,0.005880
1244.083393,0.006802
1246.012205,0.007603
1247.941016,0.008368
1249.869828,0.008982
1251.798639,0.009265
1253.727451,0.008700
1255.656262,0.007516
1257.585073,0.006505
1259.513885,0.005725
1261.442696,0.007641
1263.371508,0.010847
1265.300319,0.009554
1267.229131,0.006968
1269.157942,0.007557
1271.086754,0.008791
1273.015565,0.009362
1274.944377,0.009496
1276.873188,0.009051
1278.802000,0.008415
1280.730811,0.007686
1282.659622,0.006749
1284.588434,0.005651
1286.517245,0.004643
1288.446057,0.003685
1290.374868,0.002812
1292.303680,0.002110
1294.232491,0.001435
1296.161303,0.000948
1298.090114,0.000645
1300.018926,0.000391
1301.947737,0.000201
1303.876549,0.000044
1305.805360,0.000011
1307.734172,0.000083
1309.662983,0.000148
1311.591794,0.000086
1313.520606,0.000023
1315.449417,0.000023
1317.378229,0.000021
1319.307040,0.000023
1321.235852,-0.000030
1323.164663,-0.000050
1325.093475,0.000066
1327.022286,0.000180
1328.951098,0.000201
1330.879909,0.000157
1332.808721,0.000092
1334.737532,0.000109
1336.666343,0.000116
1338.595155,0.000061
1340.523966,0.000138
1342.452778,0.000243
1344.381589,0.000245
1346.310401,0.000205
1348.239212,0.000095
1350.168024,0.000006
1352.096835,0.000032
1354.025647,0.000090
1355.954458,0.000115
1357.883270,0.000095
1359.812081,-0.000036
1361.740892,-0.000258
1363.669704,-0.000273
1365.598515,-0.000094
1367.527327,-0.000085
1369.456138,-0.000093
1371.384950,-0.000002
1373.313761,-0.000091
1375.242573,0.000005
1377.171384,0.000371
1379.100196,0.000528
1381.029007,0.000594
1382.957819,0.000825
1384.886630,0.000957
1386.815441,0.000987
1388.744253,0.001182
1390.673064,0.001415
1392.601876,0.001438
1394.530687,0.001353
1396.459499,0.001406
1398.388310,0.001542
1400.317122,0.001713
1402.245933,0.001802
1404.174745,0.001661
1406.103556,0.001583
1408.032368,0.001686
1409.961179,0.001712
1411.889990,0.001685
1413.818802,0.001704
1415.747613,0.001601
1417.676425,0.001234
1419.605236,0.001033
1421.534048,0.001218
1423.462859,0.001274
1425.391671,0.001177
1427.320482,0.001090
1429.249294,0.000966
1431.178105,0.000979
1433.106917,0.001046
1435.035728,0.000699
1436.964539,0.000366
1438.893351,0.000671
1440.822162,0.000893
1442.750974,0.000908
1444.679785,0.000892
1446.608597,0.000716
1448.537408,0.000681
1450.466220,0.000767
1452.395031,0.000741
1454.323843,0.000505
1456.252654,-0.000159
1458.181466,-0.000316
1460.110277,0.000365
1462.039089,0.000667
1463.967900,0.000416
1465.896711,0.000367
1467.825523,0.000547
1469.754334,0.000336
1471.683146,-0.000272
1473.611957,-0.000450
1475.540769,-0.000227
1477.469580,-0.000036
1479.398392,0.000082
1481.327203,0.000129
1483.256015,0.000191
1485.184826,0.000116
1487.113638,-0.000147
1489.042449,-0.000312
1490.971260,-0.000117
1492.900072,0.000239
1494.828883,0.000231
1496.757695,0.000006
1498.686506,0.000127
1500.615318,0.000465
1502.544129,0.000657
1504.472941,0.000170
1506.401752,-0.000734
1508.330564,-0.000404
1510.259375,0.000338
1512.188187,0.000662
1514.116998,0.000648
1516.045809,0.000362
1517.974621,0.000221
1519.903432,0.000045
1521.832244,-0.000194
1523.761055,0.000110
1525.689867,0.000340
1527.618678,0.000452
1529.547490,0.000757
1531.476301,0.000681
1533.405113,0.000391
1535.333924,0.000590
1537.262736,0.000518
1539.191547,-0.000272
1541.120358,-0.000412
1543.049170,0.000087
1544.977981,0.000578
1546.906793,0.001002
1548.835604,0.001210
1550.764416,0.001364
1552.693227,0.001491
1554.622039,0.001605
1556.550850,0.001513
1558.479662,0.001380
1560.408473,0.003018
1562.337285,0.005181
1564.266096,0.006977
1566.194907,0.009028
1568.123719,0.011305
1570.052530,0.014652
1571.981342,0.019138
1573.910153,0.023644
1575.838965,0.029753
1577.767776,0.037986
1579.696588,0.046766
1581.625399,0.056861
1583.554211,0.068334
1585.483022,0.080986
1587.411834,0.094624
1589.340645,0.108983
1591.269456,0.123566
1593.198268,0.136918
1595.127079,0.148240
1597.055891,0.156631
1598.984702,0.161751
1600.913514,0.162959
1602.842325,0.160224
1604.771137,0.154628
1606.699948,0.145802
1608.628760,0.134769
1610.557571,0.121510
1612.486383,0.107878
1614.415194,0.093709
1616.344005,0.079987
1618.272817,0.091590
1620.201628,0.128280
1622.130440,0.167996
1624.059251,0.198032
1625.988063,0.213900
1627.916874,0.219985
1629.845686,0.216031
1631.774497,0.201970
1633.703309,0.181140
1635.632120,0.151791
1637.560932,0.123947
1639.489743,0.101945
1641.418555,0.077654
1643.347366,0.055626
1645.276177,0.038756
1647.204989,0.024056
1649.133800,0.015084
1651.062612,0.009479
1652.991423,0.004097
1654.920235,0.002292
1656.849046,0.002292
1658.777858,0.001794
1660.706669,0.001083
1662.635481,0.000381
1664.564292,0.000161
1666.493104,0.000288
1668.421915,-0.000096
1670.350726,-0.000010
1672.279538,0.000650
1674.208349,0.001090
1676.137161,0.001734
1678.065972,0.002755
1679.994784,0.003529
1681.923595,0.003701
1683.852407,0.003516
1685.781218,0.003760
1687.710030,0.004051
1689.638841,0.003618
1691.567653,0.003009
1693.496464,0.001949
1695.425275,0.001788
1697.354087,0.005015
1699.282898,0.005655
1701.211710,0.001529
1703.140521,0.000395
1705.069333,0.001918
1706.998144,0.003759
1708.926956,0.005585
1710.855767,0.006798
1712.784579,0.007185
1714.713390,0.006873
1716.642202,0.006087
1718.571013,0.005472
1720.499824,0.005230
1722.428636,0.004755
1724.357447,0.003949
1726.286259,0.003313
1728.215070,0.002685
1730.143882,0.002143
1732.072693,0.001681
1734.001505,0.001195
1735.930316,0.001563
1737.859128,0.002062
1739.787939,0.002177
1741.716751,0.002409
1743.645562,0.002637
1745.574373,0.002635
1747.503185,0.002545
1749.431996,0.002435
1751.360808,0.002527
1753.289619,0.002880
1755.218431,0.003034
1757.147242,0.002970
1759.076054,0.002861
1761.004865,0.002430
1762.933677,0.001952
1764.862488,0.001706
1766.791300,0.001267
1768.720111,0.000748
1770.648922,0.000288
1772.577734,-0.000042
1774.506545,0.000076
1776.435357,0.000356
1778.364168,0.000368
1780.292980,0.000281
1782.221791,0.000329
1784.150603,0.000369
1786.079414,0.000390
1788.008226,0.000484
1789.937037,0.000299
1791.865849,-0.000041
1793.794660,0.000103
1795.723471,0.000451
1797.652283,0.000569
1799.581094,0.000512
1801.509906,0.000559
1803.438717,0.000826
1805.367529,0.001094
1807.296340,0.001234
1809.225152,0.001267
1811.153963,0.001380
1813.082775,0.001681
1815.011586,0.001959
1816.940398,0.002169
1818.869209,0.002401
1820.798021,0.002630
1822.726832,0.002801
1824.655643,0.002969
1826.584455,0.003204
1828.513266,0.003341
1830.442078,0.003523
1832.370889,0.003994
1834.299701,0.004409
1836.228512,0.004674
1838.157324,0.004928
1840.086135,0.005112
1842.014947,0.005276
1843.943758,0.005380
1845.872570,0.005466
1847.801381,0.005610
1849.730192,0.005666
1851.659004,0.005630
1853.587815,0.005552
1855.516627,0.005425
1857.445438,0.005215
1859.374250,0.004961
1861.303061,0.004579
1863.231873,0.004015
1865.160684,0.003315
1867.089496,0.002465
1869.018307,0.001734
1870.947119,0.001245
1872.875930,0.002011
1874.804741,0.003697
1876.733553,0.003011
1878.662364,0.001055
1880.591176,0.001174
1882.519987,0.002198
1884.448799,0.003038
1886.377610,0.003951
1888.306422,0.004703
1890.235233,0.005424
1892.164045,0.006080
1894.092856,0.006653
1896.021668,0.007149
1897.950479,0.007511
1899.879290,0.007766
1901.808102,0.007866
1903.736913,0.007865
1905.665725,0.007788
1907.594536,0.007638
1909.523348,0.007411
1911.452159,0.007100
1913.380971,0.006763
1915.309782,0.006274
1917.238594,0.005604
1919.167405,0.005138
1921.096217,0.004846
1923.025028,0.004400
1924.953839,0.003967
1926.882651,0.003576
1928.811462,0.003076
1930.740274,0.002603
1932.669085,0.002217
1934.597897,0.001852
1936.526708,0.001504
1938.455520,0.001220
1940.384331,0.000930
1942.313143,0.000652
1944.241954,0.000506
1946.170766,0.000390
1948.099577,0.000276
1950.028388,0.000212
1951.957200,0.000154
1953.886011,0.000066
1955.814823,0.000014
1957.743634,0.000045
1959.672446,0.000036
1961.601257,-0.000017
1963.530069,-0.000063
1965.458880,-0.000115
1967.387692,-0.000123
1969.316503,-0.000134
1971.245315,-0.000143
1973.174126,-0.000098
1975.102938,-0.000076
1977.031749,-0.000073
1978.960560,-0.000053
1980.889372,-0.000070
1982.818183,-0.000093
1984.746995,-0.000088
1986.675806,-0.000108
1988.604618,-0.000132
1990.533429,-0.000142
1992.462241,-0.000148
1994.391052,-0.000104
1996.319864,-0.000046
1998.248675,-0.000032
2000.177487,-0.000048
2002.106298,-0.000093
2004.035109,-0.000113
2005.963921,-0.000073
2007.892732,-0.000036
2009.821544,-0.000033
2011.750355,-0.000053
2013.679167,-0.000092
2015.607978,-0.000137
2017.536790,-0.000133
2019.465601,-0.000057
2021.394413,-0.000001
2023.323224,-0.000004
2025.252036,-0.000032
2027.180847,-0.000076
2029.109658,-0.000090
2031.038470,-0.000060
2032.967281,-0.000028
2034.896093,-0.000033
2036.824904,-0.000100
2038.753716,-0.000115
2040.682527,-0.000050
2042.611339,-0.000029
2044.540150,-0.000018
2046.468962,0.000016
2048.397773,-0.000004
2050.326585,-0.000048
2052.255396,-0.000042
2054.184207,-0.000033
2056.113019,-0.000032
2058.041830,-0.000017
2059.970642,-0.000042
2061.899453,-0.000074
2063.828265,-0.000065
2065.757076,-0.000030
2067.685888,0.000023
2069.614699,0.000021
2071.543511,-0.000010
2073.472322,-0.000014
2075.401134,-0.000053
2077.329945,-0.000093
2079.258756,-0.000068
2081.187568,-0.000007
2083.116379,0.000017
2085.045191,-0.000005
2086.974002,-0.000003
2088.902814,0.000019
2090.831625,-0.000015
2092.760437,-0.000061
2094.689248,-0.000043
2096.618060,-0.000014
2098.546871,0.000003
2100.475683,0.000031
2102.404494,0.000043
2104.333305,0.000036
2106.262117,0.000020
2108.190928,0.000008
2110.119740,0.000016
2112.048551,0.000032
2113.977363,0.000034
2115.906174,0.000028
2117.834986,0.000032
2119.763797,0.000025
2121.692609,0.000025
2123.621420,0.000066
2125.550232,0.000078
2127.479043,0.000025
2129.407854,-0.000003
2131.336666,0.000021
2133.265477,0.000019
2135.194289,-0.000031
2137.123100,-0.000070
2139.051912,-0.000071
2140.980723,-0.000074
2142.909535,-0.000065
2144.838346,-0.000027
2146.767158,-0.000025
2148.695969,-0.000042
2150.624781,-0.000025
2152.553592,-0.000014
2154.482404,-0.000003
2156.411215,0.000025
2158.340026,0.000020
2160.268838,-0.000006
2162.197649,-0.000013
2164.126461,-0.000000
2166.055272,0.000010
2167.984084,0.000015
2169.912895,0.000060
2171.841707,0.000110
2173.770518,0.000122
2175.699330,0.000142
2177.628141,0.000156
2179.556953,0.000176
2181.485764,0.000187
2183.414575,0.000155
2185.343387,0.000181
2187.272198,0.000255
2189.201010,0.000307
2191.129821,0.000356
2193.058633,0.000371
2194.987444,0.000384
2196.916256,0.000444
2198.845067,0.000521
2200.773879,0.000593
2202.702690,0.000648
2204.631502,0.000689
2206.560313,0.000737
2208.489124,0.000790
2210.417936,0.000794
2212.346747,0.000737
2214.275559,0.000701
2216.204370,0.000673
2218.133182,0.000576
2220.061993,0.000430
2221.990805,0.000293
2223.919616,0.000241
2225.848428,0.000348
2227.777239,0.000563
2229.706051,0.000753
2231.634862,0.000893
2233.563673,0.001004
2235.492485,0.001053
2237.421296,0.001063
2239.350108,0.001040
2241.278919,0.000951
2243.207731,0.000804
2245.136542,0.000637
2247.065354,0.000529
2248.994165,0.000431
2250.922977,0.000282
2252.851788,0.000144
2254.780600,0.000045
2256.709411,-0.000005
2258.638222,-0.000058
2260.567034,-0.000089
2262.495845,-0.000021
2264.424657,0.000023
2266.353468,-0.000004
2268.282280,-0.000022
2270.211091,-0.000026
2272.139903,-0.000037
2274.068714,-0.000080
2275.997526,-0.000096
2277.926337,-0.000041
2279.855149,-0.000005
2281.783960,0.000008
2283.712771,0.000036
2285.641583,0.000028
2287.570394,-0.000032
2289.499206,-0.000100
2291.428017,-0.000127
2293.356829,-0.000033
2295.285640,0.000030
2297.214452,0.000082
2299.143263,0.000111
2301.072075,0.000084
2303.000886,0.000055
2304.929698,0.000079
2306.858509,0.000121
2308.787320,0.000084
2310.716132,-0.000069
2312.644943,-0.000253
2314.573755,-0.000459
2316.502566,-0.000467
2318.431378,-0.000470
2320.360189,-0.000428
2322.289001,-0.000394
2324.217812,-0.000311
2326.146624,-0.000197
2328.075435,-0.000108
2330.004247,0.000007
2331.933058,-0.000065
2333.861870,-0.000060
2335.790681,-0.000059
2337.719492,-0.000070
2339.648304,0.000042
2341.577115,0.000328
2343.505927,0.000765
2345.434738,0.001519
2347.363550,0.002562
2349.292361,0.003039
2351.221173,0.002401
2353.149984,0.001317
2355.078796,0.000516
2357.007607,0.000046
2358.936419,-0.000151
2360.865230,-0.000141
2362.794041,0.000051
2364.722853,0.000418
2366.651664,0.000169
2368.580476,0.000089
2370.509287,0.000189
2372.438099,0.000415
2374.366910,0.000615
2376.295722,0.000711
2378.224533,0.000698
2380.153345,0.000570
2382.082156,0.000301
2384.010968,-0.000156
2385.939779,-0.000073
2387.868590,-0.000003
2389.797402,0.000041
2391.726213,0.000066
2393.655025,0.000076
2395.583836,0.000055
2397.512648,0.000053
2399.441459,0.000086
2401.370271,0.000077
2403.299082,0.000058
2405.227894,0.000097
2407.156705,0.000105
2409.085517,0.000070
2411.014328,0.000049
2412.943139,0.000042
2414.871951,0.000073
2416.800762,0.000079
2418.729574,0.000044
2420.658385,0.000055
2422.587197,0.000068
2424.516008,0.000068
2426.444820,0.000088
2428.373631,0.000082
2430.302443,0.000040
2432.231254,0.000006
2434.160066,0.000021
2436.088877,0.000041
2438.017688,0.000028
2439.946500,0.000039
2441.875311,0.000062
2443.804123,0.000046
2445.732934,0.000004
2447.661746,0.000011
2449.590557,0.000052
2451.519369,0.000029
2453.448180,0.000016
2455.376992,0.000052
2457.305803,0.000061
2459.234615,0.000071
2461.163426,0.000077
2463.092237,0.000063
2465.021049,0.000081
2466.949860,0.000096
2468.878672,0.000086
2470.807483,0.000107
2472.736295,0.000118
2474.665106,0.000100
2476.593918,0.000110
2478.522729,0.000104
2480.451541,0.000084
2482.380352,0.000128
2484.309164,0.000178
2486.237975,0.000165
2488.166786,0.000124
2490.095598,0.000144
2492.024409,0.000218
2493.953221,0.000193
2495.882032,0.000100
2497.810844,0.000088
2499.739655,0.000102
2501.668467,0.000071
2503.597278,0.000090
2505.526090,0.000155
2507.454901,0.000183
2509.383713,0.000188
2511.312524,0.000179
2513.241336,0.000163
2515.170147,0.000131
2517.098958,0.000057
2519.027770,0.000009
2520.956581,0.000025
2522.885393,0.000023
2524.814204,-0.000017
2526.743016,-0.000003
2528.671827,0.000027
2530.600639,0.000007
2532.529450,-0.000004
2534.458262,-0.000018
2536.387073,-0.000023
2538.315885,0.000020
2540.244696,0.000051
2542.173507,0.000057
2544.102319,0.000040
2546.031130,0.000013
2547.959942,0.000026
2549.888753,0.000063
2551.817565,0.000080
2553.746376,0.000061
2555.675188,0.000040
2557.603999,0.000051
2559.532811,0.000074
2561.461622,0.000070
2563.390434,0.000008
2565.319245,-0.000046
2567.248056,-0.000012
2569.176868,0.000027
2571.105679,0.000013
2573.034491,0.000018
2574.963302,0.000008
2576.892114,-0.000020
2578.820925,0.000021
2580.749737,0.000036
2582.678548,-0.000000
2584.607360,0.000011
2586.536171,0.000031
2588.464983,0.000062
2590.393794,0.000098
2592.322605,0.000050
2594.251417,-0.000001
2596.180228,0.000035
2598.109040,0.000099
2600.037851,0.000113
2601.966663,0.000058
2603.895474,0.000002
2605.824286,0.000021
2607.753097,0.000037
2609.681909,0.000004
2611.610720,0.000013
2613.539532,0.000045
2615.468343,0.000034
2617.397154,0.000024
2619.325966,0.000031
2621.254777,0.000044
2623.183589,0.000060
2625.112400,0.000052
2627.041212,0.000087
2628.970023,0.000152
2630.898835,0.000107
2632.827646,0.000010
2634.756458,-0.000012
2636.685269,0.000003
2638.614081,0.000012
2640.542892,-0.000005
2642.471703,-0.000041
2644.400515,-0.000032
2646.329326,-0.000008
2648.258138,-0.000007
2650.186949,-0.000015
2652.115761,-0.000041
2654.044572,-0.000061
2655.973384,-0.000056
2657.902195,-0.000052
2659.831007,-0.000038
2661.759818,-0.000004
2663.688630,0.000010
2665.617441,-0.000013
2667.546253,-0.000046
2669.475064,-0.000075
2671.403875,-0.000113
2673.332687,-0.000140
2675.261498,-0.000126
2677.190310,-0.000119
2679.119121,-0.000116
2681.047933,-0.000067
2682.976744,-0.000034
2684.905556,-0.000061
2686.834367,-0.000100
2688.763179,-0.000123
2690.691990,-0.000112
2692.620802,-0.000062
2694.549613,-0.000007
2696.478424,0.000000
2698.407236,-0.000029
2700.336047,-0.000062
2702.264859,-0.000092
2704.193670,-0.000100
2706.122482,-0.000125
2708.051293,-0.000150
2709.980105,-0.000092
2711.908916,-0.000039
2713.837728,-0.000049
2715.766539,-0.000031
2717.695351,-0.000004
2719.624162,0.000009
2721.552973,0.000012
2723.481785,-0.000007
2725.410596,0.000014
2727.339408,0.000047
2729.268219,-0.000014
2731.197031,-0.000099
2733.125842,-0.000117
2735.054654,-0.000098
2736.983465,-0.000043
2738.912277,0.000005
2740.841088,-0.000017
2742.769900,-0.000043
2744.698711,-0.000058
2746.627522,-0.000057
2748.556334,-0.000038
2750.485145,-0.000073
2752.413957,-0.000072
2754.342768,0.000018
2756.271580,0.000030
2758.200391,-0.000059
2760.129203,-0.000086
2762.058014,-0.000027
2763.986826,0.000017
2765.915637,0.000048
2767.844449,0.000066
2769.773260,0.000055
2771.702071,0.000026
2773.630883,0.000015
2775.559694,0.000035
2777.488506,0.000008
2779.417317,-0.000003
2781.346129,0.000015
2783.274940,-0.000049
2785.203752,-0.000067
2787.132563,-0.000035
2789.061375,-0.000045
2790.990186,-0.000019
2792.918998,0.000014
2794.847809,0.000013
2796.776620,0.000012
2798.705432,0.000032
2800.634243,0.000038
2802.563055,-0.000005
2804.491866,-0.000039
2806.420678,-0.000056
2808.349489,-0.000065
2810.278301,-0.000043
2812.207112,0.000012
2814.135924,0.000046
2816.064735,0.000034
2817.993547,0.000024
2819.922358,0.000047
2821.851169,0.000083
2823.779981,0.000063
2825.708792,0.000038
2827.637604,0.000091
2829.566415,0.000082
2831.495227,0.000026
2833.424038,0.000064
2835.352850,0.000097
2837.281661,0.000112
2839.210473,0.000185
2841.139284,0.000227
2843.068096,0.000234
2844.996907,0.000279
2846.925719,0.000333
2848.854530,0.000405
2850.783341,0.000501
2852.712153,0.000577
2854.640964,0.000680
2856.569776,0.000844
2858.498587,0.000975
2860.427399,0.001136
2862.356210,0.001464
2864.285022,0.001832
2866.213833,0.002199
2868.142645,0.002589
2870.071456,0.002974
2872.000268,0.003528
2873.929079,0.004208
2875.857890,0.004820
2877.786702,0.005449
2879.715513,0.006117
2881.644325,0.006720
2883.573136,0.007254
2885.501948,0.007691
2887.430759,0.008023
2889.359571,0.008285
2891.288382,0.008375
2893.217194,0.008199
2895.146005,0.007842
2897.074817,0.007428
2899.003628,0.006887
2900.932439,0.006163
2902.861251,0.005392
2904.790062,0.004469
2906.718874,0.004091
2908.647685,0.005533
2910.576497,0.008071
2912.505308,0.010294
2914.434120,0.012021
2916.362931,0.013038
2918.291743,0.013125
2920.220554,0.012475
2922.149366,0.011219
2924.078177,0.009493
2926.006988,0.007503
2927.935800,0.005442
2929.864611,0.003571
2931.793423,0.002113
2933.722234,0.001073
2935.651046,0.000429
2937.579857,0.000140
2939.508669,0.000039
2941.437480,0.000007
2943.366292,0.000015
2945.295103,0.000033
2947.223915,0.000009
2949.152726,-0.000036
2951.081537,-0.000007
2953.010349,0.000075
2954.939160,0.000092
2956.867972,0.000068
2958.796783,0.000121
2960.725595,0.000143
2962.654406,0.000071
2964.583218,0.000091
2966.512029,0.000125
2968.440841,0.000057
2970.369652,0.000069
2972.298464,0.000094
2974.227275,0.000002
2976.156086,-0.000029
2978.084898,0.000046
2980.013709,0.000099
2981.942521,0.000055
2983.871332,-0.000070
2985.800144,-0.000068
2987.728955,0.000047
2989.657767,0.000018
2991.586578,-0.000055
2993.515390,-0.000029
2995.444201,0.000003
2997.373013,0.000017
2999.301824,-0.000008
3001.230635,-0.000056
3003.159447,-0.000035
3005.088258,0.000006
3007.017070,0.000006
3008.945881,0.000021
3010.874693,0.000066
3012.803504,0.000047
3014.732316,-0.000021
3016.661127,-0.000008
3018.589939,0.000037
3020.518750,0.000019
3022.447562,-0.000025
3024.376373,-0.000065
3026.305185,-0.000075
3028.233996,-0.000027
3030.162807,0.000046
3032.091619,0.000079
3034.020430,0.000007
3035.949242,-0.000045
3037.878053,0.000051
3039.806865,0.000112
3041.735676,0.000086
3043.664488,0.000104
3045.593299,0.000115
3047.522111,0.000062
3049.450922,-0.000014
3051.379734,0.000044
3053.308545,0.000204
3055.237356,0.000215
3057.166168,0.000133
3059.094979,0.000113
3061.023791,0.000173
3062.952602,0.000207
3064.881414,0.000134
3066.810225,0.000085
3068.739037,0.000119
3070.667848,0.000120
3072.596660,0.000090
3074.525471,0.000084
3076.454283,0.000099
3078.383094,0.000040
3080.311905,-0.000027
3082.240717,0.000020
3084.169528,0.000063
3086.098340,0.000023
3088.027151,-0.000032
3089.955963,-0.000005
3091.884774,0.000045
3093.813586,0.000011
3095.742397,0.000033
3097.671209,0.000081
3099.600020,-0.000012
3101.528832,-0.000073
3103.457643,-0.000019
3105.386454,-0.000016
3107.315266,-0.000039
3109.244077,-0.000045
3111.172889,-0.000078
3113.101700,-0.000081
3115.030512,-0.000053
3116.959323,-0.000028
3118.888135,0.000011
3120.816946,0.000026
3122.745758,-0.000004
3124.674569,0.000002
3126.603381,0.000079
3128.532192,0.000067
3130.461003,-0.000054
3132.389815,-0.000082
3134.318626,-0.000029
3136.247438,-0.000010
3138.176249,-0.000035
3140.105061,-0.000020
3142.033872,0.000040
3143.962684,0.000019
3145.891495,-0.000022
3147.820307,-0.000024
3149.749118,-0.000064
3151.677930,-0.000099
3153.606741,-0.000030
3155.535552,0.000062
3157.464364,0.000057
3159.393175,0.000090
3161.321987,0.000107
3163.250798,0.000040
3165.179610,0.000099
3167.108421,0.000163
3169.037233,0.000184
3170.966044,0.000238
3172.894856,0.000173
3174.823667,0.000130
3176.752479,0.000195
3178.681290,0.000226
3180.610102,0.000228
3182.538913,0.000239
3184.467724,0.000304
3186.396536,0.000346
3188.325347,0.000286
3190.254159,0.000223
3192.182970,0.000197
3194.111782,0.000196
3196.040593,0.000253
3197.969405,0.000350
3199.898216,0.000406
3201.827028,0.000416
3203.755839,0.000440
3205.684651,0.000407
3207.613462,0.000335
3209.542273,0.000355
3211.471085,0.000357
3213.399896,0.000298
3215.328708,0.000316
3217.257519,0.000341
3219.186331,0.000356
3221.115142,0.000458
3223.043954,0.000489
3224.972765,0.000395
3226.901577,0.000391
3228.830388,0.000409
3230.759200,0.000358
3232.688011,0.000408
3234.616822,0.000505
3236.545634,0.000524
3238.474445,0.000526
3240.403257,0.000540
3242.332068,0.000531
3244.260880,0.000462
3246.189691,0.000438
3248.118503,0.000570
3250.047314,0.000639
3251.976126,0.000469
3253.904937,0.000342
3255.833749,0.000448
3257.762560,0.000457
3259.691371,0.000280
3261.620183,0.000260
3263.548994,0.000411
3265.477806,0.000455
3267.406617,0.000352
3269.335429,0.000300
3271.264240,0.000331
3273.193052,0.000326
3275.121863,0.000234
3277.050675,0.000164
3278.979486,0.000293
3280.908298,0.000393
3282.837109,0.000297
3284.765920,0.000251
3286.694732,0.000287
3288.623543,0.000307
3290.552355,0.000282
3292.481166,0.000231
3294.409978,0.000168
3296.338789,0.000098
3298.267601,0.000148
3300.196412,0.000143
3302.125224,-0.000003
3304.054035,-0.000031
3305.982847,0.000016
3307.911658,0.000054
3309.840469,0.000024
3311.769281,-0.000066
3313.698092,-0.000022
3315.626904,0.000051
3317.555715,0.000013
3319.484527,-0.000058
3321.413338,-0.000138
3323.342150,-0.000163
3325.270961,-0.000077
3327.199773,-0.000016
3329.128584,-0.000074
3331.057396,-0.000109
3332.986207,-0.000094
3334.915018,-0.000035
3336.843830,0.000074
3338.772641,0.000040
3340.701453,-0.000050
3342.630264,-0.000018
3344.559076,0.000119
3346.487887,0.000277
3348.416699,0.000217
3350.345510,0.000122
3352.274322,0.000110
3354.203133,0.000055
3356.131945,0.000154
3358.060756,0.000161
3359.989568,0.000045
3361.918379,0.000153
3363.847190,0.000206
3365.776002,0.000073
3367.704813,-0.000007
3369.633625,0.000052
3371.562436,0.000027
3373.491248,-0.000118
3375.420059,-0.000137
3377.348871,-0.000150
3379.277682,-0.000068
3381.206494,0.000043
3383.135305,0.000029
3385.064117,0.000216
3386.992928,0.000221
3388.921739,0.000030
3390.850551,0.000127
3392.779362,0.000091
3394.708174,-0.000040
3396.636985,-0.000042
3398.565797,-0.000158
3400.494608,-0.000181
3402.423420,-0.000135
3404.352231,-0.000139
3406.281043,-0.000160
3408.209854,-0.000069
3410.138666,0.000155
3412.067477,0.000195
3413.996288,0.000080
3415.925100,0.000118
3417.853911,0.000185
3419.782723,0.000073
3421.711534,-0.000043
3423.640346,-0.000024
3425.569157,-0.000006
3427.497969,0.000079
3429.426780,0.000126
3431.355592,0.000035
3433.284403,0.000161
3435.213215,0.000311
3437.142026,0.000214
3439.070837,0.000241
3440.999649,0.000316
3442.928460,0.000150
3444.857272,0.000146
3446.786083,0.000430
3448.714895,0.000519
3450.643706,0.000437
3452.572518,0.000355
3454.501329,0.000228
3456.430141,0.000193
3458.358952,0.000151
3460.287764,0.000083
3462.216575,0.000123
3464.145386,0.000126
3466.074198,0.000188
3468.003009,0.000376
3469.931821,0.000386
3471.860632,0.000193
3473.789444,0.000026
3475.718255,0.000004
3477.647067,0.000106
3479.575878,0.000125
3481.504690,-0.000013
3483.433501,-0.000105
3485.362313,-0.000031
3487.291124,0.000116
3489.219935,0.000116
3491.148747,0.000038
3493.077558,0.000168
3495.006370,0.000276
3496.935181,0.000173
3498.863993,0.000108
3500.792804,0.000044
3502.721616,-0.000088
3504.650427,-0.000131
3506.579239,-0.000119
3508.508050,-0.000096
3510.436862,0.000001
3512.365673,0.000121
3514.294484,0.000124
3516.223296,-0.000002
3518.152107,-0.000045
3520.080919,0.000033
3522.009730,0.000067
3523.938542,0.000158
3525.867353,0.000240
3527.796165,0.000017
3529.724976,-0.000213
3531.653788,-0.000096
3533.582599,0.000093
3535.511411,0.000148
3537.440222,0.000177
3539.369034,0.000195
3541.297845,0.000157
3543.226656,0.000122
3545.155468,0.000177
3547.084279,0.000255
3549.013091,0.000260
3550.941902,0.000350
3552.870714,0.000504
3554.799525,0.000701
3556.728337,0.000854
3558.657148,0.000977
3560.585960,0.001266
3562.514771,0.001597
3564.443583,0.001860
3566.372394,0.002079
3568.301205,0.002334
3570.230017,0.002867
3572.158828,0.003299
3574.087640,0.003449
3576.016451,0.003525
3577.945263,0.003393
3579.874074,0.003236
3581.802886,0.003050
3583.731697,0.002643
3585.660509,0.002382
3587.589320,0.002716
3589.518132,0.003261
3591.446943,0.002974
3593.375754,0.002312
3595.304566,0.002334
3597.233377,0.002850
3599.162189,0.003396
3601.091000,0.003693
3603.019812,0.003857
3604.948623,0.004075
3606.877435,0.003962
3608.806246,0.003559
3610.735058,0.003229
3612.663869,0.002924
3614.592681,0.002662
3616.521492,0.002439
3618.450303,0.002037
3620.379115,0.001649
3622.307926,0.001520
3624.236738,0.001434
3626.165549,0.001355
3628.094361,0.001109
3630.023172,0.000789
3631.951984,0.000889
3633.880795,0.001014
3635.809607,0.001038
3637.738418,0.001238
3639.667230,0.001261
3641.596041,0.001040
3643.524852,0.000919
3645.453664,0.000722
3647.382475,0.000369
3649.311287,0.000078
3651.240098,0.000019
3653.168910,0.000300
3655.097721,0.000495
3657.026533,0.000462
3658.955344,0.000586
3660.884156,0.000724
3662.812967,0.000707
3664.741779,0.000614
3666.670590,0.000516
3668.599401,0.000266
3670.528213,-0.000210
3672.457024,-0.000217
3674.385836,-0.000037
3676.314647,-0.000201
3678.243459,-0.000081
3680.172270,0.000227
3682.101082,0.000235
3684.029893,0.000188
3685.958705,0.000155
3687.887516,-0.000038
3689.816328,-0.000178
3691.745139,-0.000030
3693.673951,0.000144
3695.602762,0.000206
3697.531573,0.000318
3699.460385,0.000391
3701.389196,0.000211
3703.318008,0.000088
3705.246819,0.000184
3707.175631,0.000102
3709.104442,-0.000057
3711.033254,-0.000065
3712.962065,-0.000068
3714.890877,0.000026
3716.819688,0.000194
3718.748500,0.000298
3720.677311,0.000317
3722.606122,0.000340
3724.534934,0.000382
3726.463745,0.000316
3728.392557,0.000289
3730.321368,0.000241
3732.250180,-0.000061
3734.178991,-0.000265
3736.107803,-0.000247
3738.036614,-0.000213
3739.965426,0.000084
3741.894237,0.000405
3743.823049,0.000033
3745.751860,-0.000458
3747.680671,-0.000144
3749.609483,0.000042
3751.538294,-0.000076
3753.467106,0.000142
3755.395917,0.000436
3757.324729,0.000534
3759.253540,0.000469
3761.182352,0.000489
3763.111163,0.000643
3765.039975,0.000699
3766.968786,0.000678
3768.897598,0.000566
3770.826409,0.000530
3772.755220,0.000690
3774.684032,0.000775
3776.612843,0.000770
3778.541655,0.000650
3780.470466,0.000561
3782.399278,0.000773
3784.328089,0.000907
3786.256901,0.000773
3788.185712,0.000725
3790.114524,0.000754
3792.043335,0.000716
3793.972147,0.000662
3795.900958,0.000451
3797.829769,0.000327
3799.758581,0.000389
3801.687392,0.000179
3803.616204,0.000112
3805.545015,0.000242
3807.473827,0.000230
3809.402638,0.000396
3811.331450,0.000570
3813.260261,0.000561
3815.189073,0.000296
3817.117884,0.000023
3819.046696,0.000087
3820.975507,-0.000116
3822.904318,-0.000176
3824.833130,0.000225
3826.761941,0.000367
3828.690753,0.000443
3830.619564,0.000469
3832.548376,0.000211
3834.477187,0.000093
3836.405999,0.000153
3838.334810,0.000103
3840.263622,0.000075
3842.192433,0.000218
3844.121245,0.000318
3846.050056,0.000361
3847.978867,0.000497
3849.907679,0.000579
3851.836490,0.000396
3853.765302,-0.000102
3855.694113,-0.000367
3857.622925,-0.000116
3859.551736,0.000108
3861.480548,0.000161
3863.409359,0.000121
3865.338171,0.000000
3867.266982,0.000089
3869.195794,0.000181
3871.124605,0.000103
3873.053417,0.000207
3874.982228,0.000327
3876.911039,0.000439
3878.839851,0.000434
3880.768662,0.000096
3882.697474,0.000035
3884.626285,0.000098
3886.555097,-0.000052
3888.483908,0.000084
3890.412720,0.000187
3892.341531,0.000052
3894.270343,0.000069
3896.199154,0.000106
3898.127966,-0.000051
3900.056777,-0.000250
3901.985588,-0.000247
3903.914400,-0.000214
3905.843211,-0.000245
3907.772023,-0.000090
3909.700834,0.000156
3911.629646,0.000294
3913.558457,0.000280
3915.487269,0.000173
3917.416080,0.000104
3919.344892,0.000020
3921.273703,-0.000038
3923.202515,-0.000006
3925.131326,-0.000020
3927.060137,-0.000048
3928.988949,-0.000112
3930.917760,-0.000166
3932.846572,-0.000014
3934.775383,0.000108
3936.704195,0.000075
3938.633006,0.000112
3940.561818,0.000162
3942.490629,0.000061
3944.419441,-0.000026
3946.348252,0.000080
3948.277064,0.000113
3950.205875,-0.000063
3952.134686,-0.000172
3954.063498,-0.000146
3955.992309,-0.000125
3957.921121,-0.000095
3959.849932,-0.000028
3961.778744,-0.000049
3963.707555,-0.000115
3965.636367,-0.000111
3967.565178,-0.000106
3969.493990,-0.000138
3971.422801,-0.000185
3973.351613,-0.000198
3975.280424,-0.000149
3977.209235,-0.000091
3979.138047,-0.000025
3981.066858,0.000046
3982.995670,0.000043
3984.924481,-0.000036
3986.853293,-0.000072
3988.782104,-0.000099
3990.710916,-0.000185
3992.639727,-0.000249
3994.568539,-0.000289
3996.497350,-0.000285
3998.426162,-0.000172
4000.354973,-0.000008
