898.826141,0.000377
900.754953,0.000052
902.683764,-0.000198
904.612576,-0.000179
906.541387,0.000114
908.470199,0.000269
910.399010,0.000176
912.327822,0.000680
914.256633,0.000300
916.185445,-0.000407
918.114256,0.000345
920.043068,0.000464
921.971879,0.000219
923.900690,0.000605
925.829502,0.000146
927.758313,-0.000609
929.687125,-0.000182
931.615936,0.001127
933.544748,0.001014
935.473559,-0.000779
937.402371,-0.001378
939.331182,-0.000404
941.259994,0.000465
943.188805,0.000699
945.117617,0.000623
947.046428,0.000419
948.975240,0.000216
950.904051,0.000234
952.832862,0.000237
954.761674,0.000038
956.690485,0.000007
958.619297,0.000271
960.548108,0.000403
962.476920,0.000170
964.405731,-0.000141
966.334543,-0.000084
968.263354,0.000346
970.192166,0.000487
972.120977,0.000267
974.049789,0.000201
975.978600,0.000136
977.907411,0.000079
979.836223,0.000209
981.765034,0.000183
983.693846,0.000138
985.622657,0.000330
987.551469,0.000319
989.480280,0.000102
991.409092,0.000092
993.337903,0.000130
995.266715,0.000143
997.195526,0.000209
999.124338,0.000197
1001.053149,0.000169
1002.981960,0.000160
1004.910772,0.000150
1006.839583,0.000177
1008.768395,0.000150
1010.697206,0.000106
1012.626018,0.000080
1014.554829,0.000070
1016.483641,0.000144
1018.412452,0.000169
1020.341264,0.000060
1022.270075,-0.000041
1024.198887,-0.000000
1026.127698,0.000174
1028.056509,0.000216
1029.985321,0.000133
1031.914132,0.000212
1033.842944,0.000312
1035.771755,0.000284
1037.700567,0.000252
1039.629378,0.000311
1041.558190,0.000429
1043.487001,0.000418
1045.415813,0.000361
1047.344624,0.000405
1049.273436,0.000351
1051.202247,0.000233
1053.131058,0.000144
1055.059870,0.000081
1056.988681,0.000127
1058.917493,0.000190
1060.846304,0.000158
1062.775116,0.000155
1064.703927,0.000203
1066.632739,0.000215
1068.561550,0.000144
1070.490362,0.000082
1072.419173,0.000146
1074.347985,0.000201
1076.276796,0.000174
1078.205607,0.000193
1080.134419,0.000207
1082.063230,0.000200
1083.992042,0.000225
1085.920853,0.000202
1087.849665,0.000129
1089.778476,0.000096
1091.707288,0.000138
1093.636099,0.000178
1095.564911,0.000166
1097.493722,0.000200
1099.422534,0.000254
1101.351345,0.000190
1103.280156,0.000105
1105.208968,0.000092
1107.137779,0.000090
1109.066591,0.000103
1110.995402,0.000091
1112.924214,0.000018
1114.853025,-0.000015
1116.781837,0.000011
1118.710648,0.000054
1120.639460,0.000112
1122.568271,0.000136
1124.497083,0.000076
1126.425894,0.000039
1128.354706,0.000083
1130.283517,0.000070
1132.212328,0.000009
1134.141140,-0.000011
1136.069951,-0.000023
1137.998763,-0.000025
1139.927574,0.000012
1141.856386,0.000021
1143.785197,-0.000016
1145.714009,-0.000068
1147.642820,-0.000099
1149.571632,-0.000050
1151.500443,0.000001
1153.429255,-0.000030
1155.358066,-0.000053
1157.286877,-0.000020
1159.215689,0.000018
1161.144500,0.000037
1163.073312,0.000043
1165.002123,0.000052
1166.930935,0.000070
1168.859746,0.000067
1170.788558,0.000036
1172.717369,-0.000026
1174.646181,-0.000082
1176.574992,-0.000051
1178.503804,0.000004
1180.432615,0.000024
1182.361426,0.000031
1184.290238,0.000030
1186.219049,0.000060
1188.147861,0.000107
1190.076672,0.000130
1192.005484,0.000150
1193.934295,0.000163
1195.863107,0.000131
1197.791918,0.000068
1199.720730,0.000000
1201.649541,-0.000028
1203.578353,0.000003
1205.507164,0.000011
1207.435975,-0.000009
1209.364787,-0.000005
1211.293598,0.000046
1213.222410,0.000105
1215.151221,0.000194
1217.080033,0.000342
1219.008844,0.000456
1220.937656,0.000629
1222.866467,0.000846
1224.795279,0.001048
1226.724090,0.001412
1228.652902,0.001853
1230.581713,0.002367
1232.510524,0.003078
1234.439336,0.003789
1236.368147,0.004583
1238.296959,0.005622
1240.225770,0.006593
1242.154582,0.007620
1244.083393,0.008817
1246.012205,0.009912
1247.941016,0.010963
1249.869828,0.011810
1251.798639,0.012243
1253.727451,0.011642
1255.656262,0.010293
1257.585073,0.009192
1259.513885,0.008427
1261.442696,0.010731
1263.371508,0.014394
1265.300319,0.012837
1267.229131,0.009892
1269.157942,0.010680
1271.086754,0.012160
1273.015565,0.012756
1274.944377,0.012813
1276.873188,0.012221
1278.802000,0.011405
1280.730811,0.010490
1282.659622,0.009363
1284.588434,0.008126
1286.517245,0.007043
1288.446057,0.005930
1290.374868,0.004903
1292.303680,0.004192
1294.232491,0.003526
1296.161303,0.003034
1298.090114,0.002725
1300.018926,0.002450
1301.947737,0.002293
1303.876549,0.002170
1305.805360,0.002042
1307.734172,0.002029
1309.662983,0.002067
1311.591794,0.001969
1313.520606,0.001828
1315.449417,0.001737
1317.378229,0.001658
1319.307040,0.001565
1321.235852,0.001435
1323.164663,0.001434
1325.093475,0.001513
1327.022286,0.001437
1328.951098,0.001358
1330.879909,0.001346
1332.808721,0.001264
1334.737532,0.001167
1336.666343,0.001062
1338.595155,0.000969
1340.523966,0.000936
1342.452778,0.000918
1344.381589,0.000927
1346.310401,0.000804
1348.239212,0.000563
1350.168024,0.000466
1352.096835,0.000452
1354.025647,0.000444
1355.954458,0.000436
1357.883270,0.000338
1359.812081,0.000100
1361.740892,-0.000173
1363.669704,-0.000150
1365.598515,0.000040
1367.527327,0.000113
1369.456138,0.000164
1371.384950,0.000225
1373.313761,0.000072
1375.242573,0.000166
1377.171384,0.000624
1379.100196,0.000861
1381.029007,0.000954
1382.957819,0.001177
1384.886630,0.001282
1386.815441,0.001272
1388.744253,0.001470
1390.673064,0.001717
1392.601876,0.001683
1394.530687,0.001564
1396.459499,0.001593
1398.388310,0.001635
1400.317122,0.001815
1402.245933,0.001991
1404.174745,0.001904
1406.103556,0.001889
1408.032368,0.002007
1409.961179,0.002037
1411.889990,0.002024
1413.818802,0.002025
1415.747613,0.001843
1417.676425,0.001266
1419.605236,0.001031
1421.534048,0.001406
1423.462859,0.001508
1425.391671,0.001475
1427.320482,0.001468
1429.249294,0.001278
1431.178105,0.001263
1433.106917,0.001303
1435.035728,0.000826
1436.964539,0.000478
1438.893351,0.000923
1440.822162,0.001212
1442.750974,0.001220
1444.679785,0.001188
1446.608597,0.000960
1448.537408,0.000893
1450.466220,0.001017
1452.395031,0.000991
1454.323843,0.000582
1456.252654,-0.000326
1458.181466,-0.000401
1460.110277,0.000520
1462.039089,0.000858
1463.967900,0.000507
1465.896711,0.000415
1467.825523,0.000724
1469.754334,0.000466
1471.683146,-0.000316
1473.611957,-0.000472
1475.540769,-0.000075
1477.469580,0.000261
1479.398392,0.000459
1481.327203,0.000529
1483.256015,0.000609
1485.184826,0.000532
1487.113638,0.000191
1489.042449,-0.000070
1490.971260,0.000161
1492.900072,0.000609
1494.828883,0.000572
1496.757695,0.000293
1498.686506,0.000489
1500.615318,0.000952
1502.544129,0.001176
1504.472941,0.000455
1506.401752,-0.000732
1508.330564,-0.000185
1510.259375,0.000806
1512.188187,0.001190
1514.116998,0.001167
1516.045809,0.000800
1517.974621,0.000600
1519.903432,0.000369
1521.832244,0.000111
1523.761055,0.000562
1525.689867,0.000933
1527.618678,0.001146
1529.547490,0.001514
1531.476301,0.001373
1533.405113,0.001033
1535.333924,0.001330
1537.262736,0.001181
1539.191547,0.000063
1541.120358,-0.000204
1543.049170,0.000561
1544.977981,0.001227
1546.906793,0.001748
1548.835604,0.001976
1550.764416,0.002110
1552.693227,0.002199
1554.622039,0.002297
1556.550850,0.002116
1558.479662,0.001902
1560.408473,0.004011
1562.337285,0.006654
1564.266096,0.008727
1566.194907,0.011126
1568.123719,0.013774
1570.052530,0.017703
1571.981342,0.022998
1573.910153,0.028196
1575.838965,0.035294
1577.767776,0.045065
1579.696588,0.055425
1581.625399,0.067181
1583.554211,0.080480
1585.483022,0.095214
1587.411834,0.111176
1589.340645,0.127951
1591.269456,0.144933
1593.198268,0.160423
1595.127079,0.173466
1597.055891,0.182966
1598.984702,0.188602
1600.913514,0.189777
1602.842325,0.186519
1604.771137,0.180086
1606.699948,0.170039
1608.628760,0.157506
1610.557571,0.142192
1612.486383,0.126252
1614.415194,0.109674
1616.344005,0.093742
1618.272817,0.107370
1620.201628,0.150177
1622.130440,0.196335
1624.059251,0.231143
1625.988063,0.249615
1627.916874,0.256745
1629.845686,0.252181
1631.774497,0.235544
1633.703309,0.210930
1635.632120,0.176714
1637.560932,0.144560
1639.489743,0.119118
1641.418555,0.090923
1643.347366,0.065328
1645.276177,0.045653
1647.204989,0.028493
1649.133800,0.017984
1651.062612,0.011291
1652.991423,0.004882
1654.920235,0.002901
1656.849046,0.002973
1658.777858,0.002334
1660.706669,0.001467
1662.635481,0.000683
1664.564292,0.000446
1666.493104,0.000297
1668.421915,-0.000464
1670.350726,-0.000332
1672.279538,0.000488
1674.208349,0.000968
1676.137161,0.001744
1678.065972,0.003009
1679.994784,0.003900
1681.923595,0.004018
1683.852407,0.003783
1685.781218,0.004246
1687.710030,0.004715
1689.638841,0.004254
1691.567653,0.003585
1693.496464,0.002291
1695.425275,0.001995
1697.354087,0.005757
1699.282898,0.006553
1701.211710,0.001869
1703.140521,0.000668
1705.069333,0.002467
1706.998144,0.004637
1708.926956,0.006852
1710.855767,0.008318
1712.784579,0.008719
1714.713390,0.008280
1716.642202,0.007358
1718.571013,0.006722
1720.499824,0.006526
1722.428636,0.006022
1724.357447,0.005117
1726.286259,0.004386
1728.215070,0.003666
1730.143882,0.003046
1732.072693,0.002467
1734.001505,0.001945
1735.930316,0.002558
1737.859128,0.003241
1739.787939,0.003386
1741.716751,0.003645
1743.645562,0.003923
1745.574373,0.003921
1747.503185,0.003720
1749.431996,0.003510
1751.360808,0.003697
1753.289619,0.004199
1755.218431,0.004353
1757.147242,0.004251
1759.076054,0.004104
1761.004865,0.003496
1762.933677,0.002795
1764.862488,0.002343
1766.791300,0.001671
1768.720111,0.000996
1770.648922,0.000364
1772.577734,-0.000103
1774.506545,0.000097
1776.435357,0.000432
1778.364168,0.000410
1780.292980,0.000318
1782.221791,0.000371
1784.150603,0.000430
1786.079414,0.000512
1788.008226,0.000619
1789.937037,0.000320
1791.865849,-0.000125
1793.794660,0.000086
1795.723471,0.000514
1797.652283,0.000605
1799.581094,0.000550
1801.509906,0.000654
1803.438717,0.000924
1805.367529,0.001184
1807.296340,0.001347
1809.225152,0.001375
1811.153963,0.001478
1813.082775,0.001803
1815.011586,0.002109
1816.940398,0.002317
1818.869209,0.002522
1820.798021,0.002749
1822.726832,0.002925
1824.655643,0.003065
1826.584455,0.003276
1828.513266,0.003378
1830.442078,0.003577
1832.370889,0.004143
1834.299701,0.004585
1836.228512,0.004845
1838.157324,0.005133
1840.086135,0.005354
1842.014947,0.005495
1843.943758,0.005527
1845.872570,0.005636
1847.801381,0.005849
1849.730192,0.005922
1851.659004,0.005902
1853.587815,0.005852
1855.516627,0.005723
1857.445438,0.005456
1859.374250,0.005144
1861.303061,0.004745
1863.231873,0.004176
1865.160684,0.003442
1867.089496,0.002503
1869.018307,0.001720
1870.947119,0.001275
1872.875930,0.002119
1874.804741,0.003876
1876.733553,0.003161
1878.662364,0.001118
1880.591176,0.001235
1882.519987,0.002315
1884.448799,0.003200
1886.377610,0.004141
1888.306422,0.004887
1890.235233,0.005615
1892.164045,0.006320
1894.092856,0.006924
1896.021668,0.007444
1897.950479,0.007826
1899.879290,0.008092
1901.808102,0.008213
1903.736913,0.008222
1905.665725,0.008134
1907.594536,0.007959
1909.523348,0.007720
1911.452159,0.007416
1913.380971,0.007070
1915.309782,0.006530
1917.238594,0.005803
1919.167405,0.005357
1921.096217,0.005078
1923.025028,0.004586
1924.953839,0.004155
1926.882651,0.003780
1928.811462,0.003271
1930.740274,0.002766
1932.669085,0.002344
1934.597897,0.001991
1936.526708,0.001630
1938.455520,0.001312
1940.384331,0.001002
1942.313143,0.000673
1944.241954,0.000524
1946.170766,0.000456
1948.099577,0.000342
1950.028388,0.000260
1951.957200,0.000204
1953.886011,0.000122
1955.814823,0.000067
1957.743634,0.000073
1959.672446,0.000040
1961.601257,0.000006
1963.530069,-0.000014
1965.458880,-0.000075
1967.387692,-0.000086
1969.316503,-0.000070
1971.245315,-0.000084
1973.174126,-0.000058
1975.102938,-0.000028
1977.031749,-0.000030
1978.960560,-0.000020
1980.889372,-0.000009
1982.818183,-0.000010
1984.746995,-0.000024
1986.675806,-0.000052
1988.604618,-0.000077
1990.533429,-0.000136
1992.462241,-0.000168
1994.391052,-0.000080
1996.319864,-0.000010
1998.248675,-0.000004
2000.177487,0.000025
2002.106298,0.000026
2004.035109,-0.000006
2005.963921,-0.000022
2007.892732,-0.000030
2009.821544,-0.000005
2011.750355,0.000030
2013.679167,-0.000012
2015.607978,-0.000076
2017.536790,-0.000066
2019.465601,-0.000038
2021.394413,-0.000017
2023.323224,0.000006
2025.252036,-0.000003
2027.180847,-0.000009
2029.109658,-0.000009
2031.038470,-0.000024
2032.967281,-0.000017
2034.896093,-0.000020
2036.824904,-0.000066
2038.753716,-0.000061
2040.682527,0.000008
2042.611339,0.000027
2044.540150,0.000010
2046.468962,0.000016
2048.397773,-0.000012
2050.326585,-0.000060
2052.255396,-0.000035
2054.184207,-0.000002
2056.113019,0.000005
2058.041830,0.000024
2059.970642,0.000011
2061.899453,0.000010
2063.828265,0.000018
2065.757076,-0.000017
2067.685888,-0.000001
2069.614699,0.000044
2071.543511,0.000021
2073.472322,-0.000023
2075.401134,-0.000048
2077.329945,-0.000063
2079.258756,-0.000007
2081.187568,0.000069
2083.116379,0.000031
2085.045191,-0.000002
2086.974002,0.000035
2088.902814,0.000019
2090.831625,-0.000016
2092.760437,-0.000008
2094.689248,0.000011
2096.618060,0.000019
2098.546871,0.000035
2100.475683,0.000071
2102.404494,0.000078
2104.333305,0.000057
2106.262117,0.000047
2108.190928,0.000024
2110.119740,0.000014
2112.048551,0.000072
2113.977363,0.000139
2115.906174,0.000148
2117.834986,0.000130
2119.763797,0.000123
2121.692609,0.000126
2123.621420,0.000115
2125.550232,0.000097
2127.479043,0.000074
2129.407854,0.000055
2131.336666,0.000058
2133.265477,0.000032
2135.194289,-0.000009
2137.123100,-0.000032
2139.051912,-0.000045
2140.980723,-0.000020
2142.909535,0.000023
2144.838346,0.000030
2146.767158,-0.000023
2148.695969,-0.000076
2150.624781,-0.000048
2152.553592,0.000007
2154.482404,0.000039
2156.411215,0.000077
2158.340026,0.000113
2160.268838,0.000100
2162.197649,0.000071
2164.126461,0.000098
2166.055272,0.000126
2167.984084,0.000120
2169.912895,0.000160
2171.841707,0.000221
2173.770518,0.000228
2175.699330,0.000207
2177.628141,0.000201
2179.556953,0.000261
2181.485764,0.000346
2183.414575,0.000356
2185.343387,0.000341
2187.272198,0.000369
2189.201010,0.000422
2191.129821,0.000485
2193.058633,0.000527
2194.987444,0.000561
2196.916256,0.000611
2198.845067,0.000664
2200.773879,0.000741
2202.702690,0.000838
2204.631502,0.000918
2206.560313,0.000985
2208.489124,0.001048
2210.417936,0.001085
2212.346747,0.001080
2214.275559,0.001020
2216.204370,0.000896
2218.133182,0.000766
2220.061993,0.000617
2221.990805,0.000437
2223.919616,0.000378
2225.848428,0.000504
2227.777239,0.000741
2229.706051,0.000992
2231.634862,0.001171
2233.563673,0.001299
2235.492485,0.001396
2237.421296,0.001427
2239.350108,0.001395
2241.278919,0.001302
2243.207731,0.001116
2245.136542,0.000922
2247.065354,0.000797
2248.994165,0.000634
2250.922977,0.000409
2252.851788,0.000230
2254.780600,0.000143
2256.709411,0.000125
2258.638222,0.000101
2260.567034,0.000087
2262.495845,0.000114
2264.424657,0.000134
2266.353468,0.000135
2268.282280,0.000124
2270.211091,0.000134
2272.139903,0.000146
2274.068714,0.000122
2275.997526,0.000124
2277.926337,0.000154
2279.855149,0.000181
2281.783960,0.000218
2283.712771,0.000237
2285.641583,0.000214
2287.570394,0.000171
2289.499206,0.000123
2291.428017,0.000062
2293.356829,0.000016
2295.285640,0.000016
2297.214452,-0.000006
2299.143263,0.000046
2301.072075,0.000079
2303.000886,0.000109
2304.929698,0.000150
2306.858509,0.000184
2308.787320,0.000140
2310.716132,0.000024
2312.644943,-0.000117
2314.573755,-0.000316
2316.502566,-0.000348
2318.431378,-0.000350
2320.360189,-0.000277
2322.289001,-0.000208
2324.217812,-0.000178
2326.146624,-0.000150
2328.075435,-0.000071
2330.004247,0.000064
2331.933058,0.000015
2333.861870,0.000010
2335.790681,-0.000014
2337.719492,0.000019
2339.648304,0.000174
2341.577115,0.000485
2343.505927,0.001003
2345.434738,0.001833
2347.363550,0.002961
2349.292361,0.003504
2351.221173,0.002842
2353.149984,0.001718
2355.078796,0.000862
2357.007607,0.000303
2358.936419,0.000085
2360.865230,0.000123
2362.794041,0.000330
2364.722853,-0.000214
2366.651664,-0.000557
2368.580476,-0.000692
2370.509287,-0.000686
2372.438099,-0.000606
2374.366910,-0.000502
2376.295722,-0.000400
2378.224533,-0.000432
2380.153345,-0.000708
2382.082156,-0.000318
2384.010968,-0.000033
2385.939779,0.000086
2387.868590,0.000096
2389.797402,0.000071
2391.726213,0.000089
2393.655025,0.000141
2395.583836,0.000123
2397.512648,0.000082
2399.441459,0.000105
2401.370271,0.000104
2403.299082,0.000066
2405.227894,0.000074
2407.156705,0.000097
2409.085517,0.000106
2411.014328,0.000083
2412.943139,0.000055
2414.871951,0.000085
2416.800762,0.000070
2418.729574,-0.000001
2420.658385,0.000006
2422.587197,0.000069
2424.516008,0.000077
2426.444820,0.000055
2428.373631,0.000105
2430.302443,0.000146
2432.231254,0.000070
2434.160066,0.000012
2436.088877,0.000056
2438.017688,0.000103
2439.946500,0.000102
2441.875311,0.000089
2443.804123,0.000070
2445.732934,0.000053
2447.661746,0.000071
2449.590557,0.000068
2451.519369,0.000053
2453.448180,0.000096
2455.376992,0.000103
2457.305803,0.000077
2459.234615,0.000121
2461.163426,0.000134
2463.092237,0.000115
2465.021049,0.000146
2466.949860,0.000158
2468.878672,0.000149
2470.807483,0.000168
2472.736295,0.000195
2474.665106,0.000197
2476.593918,0.000187
2478.522729,0.000170
2480.451541,0.000152
2482.380352,0.000185
2484.309164,0.000204
2486.237975,0.000185
2488.166786,0.000186
2490.095598,0.000196
2492.024409,0.000256
2493.953221,0.000279
2495.882032,0.000178
2497.810844,0.000117
2499.739655,0.000123
2501.668467,0.000117
2503.597278,0.000145
2505.526090,0.000208
2507.454901,0.000268
2509.383713,0.000279
2511.312524,0.000219
2513.241336,0.000196
2515.170147,0.000209
2517.098958,0.000141
2519.027770,0.000071
2520.956581,0.000101
2522.885393,0.000117
2524.814204,0.000071
2526.743016,0.000047
2528.671827,0.000022
2530.600639,-0.000002
2532.529450,0.000032
2534.458262,0.000052
2536.387073,0.000030
2538.315885,0.000008
2540.244696,0.000001
2542.173507,0.000015
2544.102319,0.000013
2546.031130,0.000010
2547.959942,0.000048
2549.888753,0.000076
2551.817565,0.000044
2553.746376,0.000016
2555.675188,0.000028
2557.603999,0.000017
2559.532811,0.000013
2561.461622,0.000040
2563.390434,0.000022
2565.319245,0.000010
2567.248056,0.000065
2569.176868,0.000068
2571.105679,0.000017
2573.034491,0.000037
2574.963302,0.000052
2576.892114,0.000030
2578.820925,0.000035
2580.749737,0.000010
2582.678548,-0.000006
2584.607360,0.000022
2586.536171,0.000032
2588.464983,0.000050
2590.393794,0.000062
2592.322605,0.000033
2594.251417,-0.000001
2596.180228,0.000001
2598.109040,0.000042
2600.037851,0.000075
2601.966663,0.000081
2603.895474,0.000048
2605.824286,0.000024
2607.753097,0.000046
2609.681909,0.000036
2611.610720,0.000014
2613.539532,0.000059
2615.468343,0.000083
2617.397154,0.000050
2619.325966,0.000026
2621.254777,0.000059
2623.183589,0.000108
2625.112400,0.000076
2627.041212,0.000048
2628.970023,0.000087
2630.898835,0.000090
2632.827646,0.000068
2634.756458,0.000055
2636.685269,0.000041
2638.614081,0.000049
2640.542892,0.000048
2642.471703,0.000035
2644.400515,0.000047
2646.329326,0.000062
2648.258138,0.000026
2650.186949,-0.000028
2652.115761,-0.000031
2654.044572,-0.000031
2655.973384,-0.000056
2657.902195,-0.000067
2659.831007,-0.000059
2661.759818,-0.000061
2663.688630,-0.000089
2665.617441,-0.000086
2667.546253,-0.000042
2669.475064,-0.000036
2671.403875,-0.000084
2673.332687,-0.000103
2675.261498,-0.000041
2677.190310,-0.000035
2679.119121,-0.000100
2681.047933,-0.000068
2682.976744,-0.000023
2684.905556,-0.000058
2686.834367,-0.000070
2688.763179,-0.000070
2690.691990,-0.000073
2692.620802,-0.000037
2694.549613,-0.000024
2696.478424,-0.000065
2698.407236,-0.000072
2700.336047,-0.000028
2702.264859,-0.000012
2704.193670,-0.000054
2706.122482,-0.000108
2708.051293,-0.000116
2709.980105,-0.000064
2711.908916,-0.000041
2713.837728,-0.000053
2715.766539,-0.000016
2717.695351,0.000008
2719.624162,-0.000014
2721.552973,-0.000012
2723.481785,-0.000014
2725.410596,-0.000015
2727.339408,-0.000013
2729.268219,-0.000085
2731.197031,-0.000140
2733.125842,-0.000092
2735.054654,-0.000031
2736.983465,0.000032
2738.912277,0.000062
2740.841088,0.000006
2742.769900,-0.000025
2744.698711,-0.000030
2746.627522,-0.000040
2748.556334,-0.000021
2750.485145,-0.000051
2752.413957,-0.000071
2754.342768,0.000021
2756.271580,0.000074
2758.200391,0.000011
2760.129203,-0.000025
2762.058014,0.000000
2763.986826,0.000001
2765.915637,-0.000001
2767.844449,0.000020
2769.773260,0.000028
2771.702071,0.000042
2773.630883,0.000085
2775.559694,0.000097
2777.488506,0.000043
2779.417317,0.000020
2781.346129,0.000023
2783.274940,-0.000012
2785.203752,-0.000001
2787.132563,-0.000016
2789.061375,-0.000075
2790.990186,-0.000014
2792.918998,0.000062
2794.847809,0.000040
2796.776620,0.000007
2798.705432,-0.000005
2800.634243,0.000007
2802.563055,0.000031
2804.491866,0.000031
2806.420678,-0.000001
2808.349489,-0.000034
2810.278301,-0.000030
2812.207112,0.000013
2814.135924,0.000076
2816.064735,0.000102
2817.993547,0.000077
2819.922358,0.000074
2821.851169,0.000108
2823.779981,0.000119
2825.708792,0.000117
2827.637604,0.000122
2829.566415,0.000082
2831.495227,0.000081
2833.424038,0.000161
2835.352850,0.000171
2837.281661,0.000170
2839.210473,0.000232
2841.139284,0.000255
2843.068096,0.000285
2844.996907,0.000373
2846.925719,0.000438
2848.854530,0.000455
2850.783341,0.000523
2852.712153,0.000669
2854.640964,0.000798
2856.569776,0.000991
2858.498587,0.001251
2860.427399,0.001480
2862.356210,0.001817
2864.285022,0.002257
2866.213833,0.002664
2868.142645,0.003074
2870.071456,0.003570
2872.000268,0.004204
2873.929079,0.004912
2875.857890,0.005653
2877.786702,0.006456
2879.715513,0.007235
2881.644325,0.007910
2883.573136,0.008520
2885.501948,0.009071
2887.430759,0.009482
2889.359571,0.009714
2891.288382,0.009757
2893.217194,0.009608
2895.146005,0.009246
2897.074817,0.008705
2899.003628,0.008028
2900.932439,0.007248
2902.861251,0.006398
2904.790062,0.005337
2906.718874,0.004914
2908.647685,0.006557
2910.576497,0.009546
2912.505308,0.012181
2914.434120,0.014071
2916.362931,0.015196
2918.291743,0.015425
2920.220554,0.014765
2922.149366,0.013258
2924.078177,0.011174
2926.006988,0.008825
2927.935800,0.006373
2929.864611,0.004177
2931.793423,0.002534
2933.722234,0.001362
2935.651046,0.000605
2937.579857,0.000221
2939.508669,0.000064
2941.437480,0.000019
2943.366292,-0.000003
2945.295103,-0.000003
2947.223915,0.000028
2949.152726,0.000055
2951.081537,0.000057
2953.010349,0.000059
2954.939160,0.000089
2956.867972,0.000085
2958.796783,0.000053
2960.725595,0.000052
2962.654406,0.000070
2964.583218,0.000099
2966.512029,0.000080
2968.440841,0.000044
2970.369652,0.000103
2972.298464,0.000110
2974.227275,0.000029
2976.156086,0.000063
2978.084898,0.000107
2980.013709,0.000079
2981.942521,0.000091
2983.871332,0.000050
2985.800144,-0.000037
2987.728955,-0.000039
2989.657767,-0.000031
2991.586578,-0.000037
2993.515390,-0.000011
2995.444201,-0.000028
2997.373013,-0.000075
2999.301824,-0.000074
3001.230635,-0.000062
3003.159447,-0.000039
3005.088258,-0.000037
3007.017070,-0.000101
3008.945881,-0.000103
3010.874693,-0.000019
3012.803504,0.000005
3014.732316,-0.000017
3016.661127,-0.000008
3018.589939,0.000004
3020.518750,-0.000003
3022.447562,-0.000025
3024.376373,-0.000078
3026.305185,-0.000126
3028.233996,-0.000101
3030.162807,-0.000017
3032.091619,0.000025
3034.020430,-0.000066
3035.949242,-0.000156
3037.878053,-0.000098
3039.806865,-0.000052
3041.735676,-0.000046
3043.664488,0.000044
3045.593299,0.000101
3047.522111,0.000039
3049.450922,-0.000035
3051.379734,-0.000002
3053.308545,0.000065
3055.237356,0.000046
3057.166168,0.000031
3059.094979,0.000071
3061.023791,0.000096
3062.952602,0.000100
3064.881414,0.000077
3066.810225,0.000063
3068.739037,0.000047
3070.667848,0.000020
3072.596660,-0.000008
3074.525471,-0.000034
3076.454283,-0.000046
3078.383094,-0.000044
3080.311905,-0.000008
3082.240717,0.000045
3084.169528,0.000049
3086.098340,-0.000013
3088.027151,-0.000068
3089.955963,-0.000017
3091.884774,0.000046
3093.813586,0.000012
3095.742397,0.000006
3097.671209,0.000040
3099.600020,-0.000018
3101.528832,-0.000093
3103.457643,-0.000058
3105.386454,0.000028
3107.315266,0.000060
3109.244077,-0.000004
3111.172889,-0.000113
3113.101700,-0.000111
3115.030512,-0.000027
3116.959323,-0.000006
3118.888135,-0.000012
3120.816946,-0.000017
3122.745758,-0.000026
3124.674569,0.000005
3126.603381,0.000056
3128.532192,0.000036
3130.461003,-0.000024
3132.389815,-0.000007
3134.318626,-0.000005
3136.247438,-0.000090
3138.176249,-0.000124
3140.105061,-0.000103
3142.033872,-0.000102
3143.962684,-0.000076
3145.891495,-0.000070
3147.820307,-0.000107
3149.749118,-0.000093
3151.677930,-0.000064
3153.606741,-0.000009
3155.535552,0.000064
3157.464364,0.000058
3159.393175,0.000082
3161.321987,0.000108
3163.250798,0.000038
3165.179610,0.000018
3167.108421,0.000053
3169.037233,0.000088
3170.966044,0.000135
3172.894856,0.000135
3174.823667,0.000152
3176.752479,0.000201
3178.681290,0.000192
3180.610102,0.000219
3182.538913,0.000296
3184.467724,0.000356
3186.396536,0.000414
3188.325347,0.000356
3190.254159,0.000222
3192.182970,0.000217
3194.111782,0.000332
3196.040593,0.000436
3197.969405,0.000419
3199.898216,0.000339
3201.827028,0.000318
3203.755839,0.000329
3205.684651,0.000327
3207.613462,0.000355
3209.542273,0.000435
3211.471085,0.000469
3213.399896,0.000466
3215.328708,0.000501
3217.257519,0.000489
3219.186331,0.000473
3221.115142,0.000564
3223.043954,0.000559
3224.972765,0.000401
3226.901577,0.000393
3228.830388,0.000519
3230.759200,0.000513
3232.688011,0.000483
3234.616822,0.000594
3236.545634,0.000673
3238.474445,0.000601
3240.403257,0.000538
3242.332068,0.000503
3244.260880,0.000434
3246.189691,0.000473
3248.118503,0.000592
3250.047314,0.000661
3251.976126,0.000612
3253.904937,0.000474
3255.833749,0.000504
3257.762560,0.000577
3259.691371,0.000434
3261.620183,0.000349
3263.548994,0.000491
3265.477806,0.000593
3267.406617,0.000504
3269.335429,0.000423
3271.264240,0.000426
3273.193052,0.000389
3275.121863,0.000364
3277.050675,0.000375
3278.979486,0.000436
3280.908298,0.000536
3282.837109,0.000506
3284.765920,0.000401
3286.694732,0.000350
3288.623543,0.000302
3290.552355,0.000262
3292.481166,0.000237
3294.409978,0.000165
3296.338789,0.000185
3298.267601,0.000333
3300.196412,0.000330
3302.125224,0.000204
3304.054035,0.000221
3305.982847,0.000307
3307.911658,0.000269
3309.840469,0.000085
3311.769281,-0.000099
3313.698092,-0.000062
3315.626904,0.000075
3317.555715,0.000034
3319.484527,-0.000015
3321.413338,0.000059
3323.342150,0.000098
3325.270961,0.000115
3327.199773,0.000136
3329.128584,0.000153
3331.057396,0.000102
3332.986207,-0.000030
3334.915018,-0.000046
3336.843830,0.000032
3338.772641,0.000115
3340.701453,0.000193
3342.630264,0.000164
3344.559076,0.000161
3346.487887,0.000283
3348.416699,0.000335
3350.345510,0.000335
3352.274322,0.000353
3354.203133,0.000332
3356.131945,0.000367
3358.060756,0.000396
3359.989568,0.000308
3361.918379,0.000248
3363.847190,0.000252
3365.776002,0.000162
3367.704813,0.000088
3369.633625,0.000287
3371.562436,0.000369
3373.491248,0.000116
3375.420059,0.000011
3377.348871,0.000064
3379.277682,0.000177
3381.206494,0.000269
3383.135305,0.000203
3385.064117,0.000313
3386.992928,0.000420
3388.921739,0.000292
3390.850551,0.000258
3392.779362,0.000205
3394.708174,0.000081
3396.636985,0.000054
3398.565797,-0.000017
3400.494608,-0.000112
3402.423420,-0.000121
3404.352231,0.000003
3406.281043,0.000078
3408.209854,0.000170
3410.138666,0.000324
3412.067477,0.000274
3413.996288,0.000128
3415.925100,0.000114
3417.853911,0.000126
3419.782723,0.000050
3421.711534,-0.000030
3423.640346,0.000014
3425.569157,0.000069
3427.497969,0.000132
3429.426780,0.000197
3431.355592,0.000176
3433.284403,0.000337
3435.213215,0.000557
3437.142026,0.000460
3439.070837,0.000295
3440.999649,0.000306
3442.928460,0.000349
3444.857272,0.000395
3446.786083,0.000508
3448.714895,0.000573
3450.643706,0.000609
3452.572518,0.000563
3454.501329,0.000412
3456.430141,0.000450
3458.358952,0.000435
3460.287764,0.000263
3462.216575,0.000278
3464.145386,0.000240
3466.074198,0.000156
3468.003009,0.000308
3469.931821,0.000448
3471.860632,0.000382
3473.789444,0.000226
3475.718255,0.000108
3477.647067,0.000101
3479.575878,0.000133
3481.504690,0.000079
3483.433501,0.000055
3485.362313,0.000107
3487.291124,0.000127
3489.219935,0.000098
3491.148747,0.000103
3493.077558,0.000263
3495.006370,0.000302
3496.935181,0.000127
3498.863993,0.000075
3500.792804,0.000036
3502.721616,-0.000026
3504.650427,0.000024
3506.579239,0.000045
3508.508050,0.000011
3510.436862,0.000020
3512.365673,0.000077
3514.294484,0.000075
3516.223296,-0.000032
3518.152107,-0.000126
3520.080919,-0.000060
3522.009730,0.000047
3523.938542,0.000083
3525.867353,0.000158
3527.796165,0.000032
3529.724976,-0.000179
3531.653788,0.000002
3533.582599,0.000227
3535.511411,0.000228
3537.440222,0.000257
3539.369034,0.000326
3541.297845,0.000286
3543.226656,0.000079
3545.155468,-0.000066
3547.084279,0.000172
3549.013091,0.000474
3550.941902,0.000547
3552.870714,0.000654
3554.799525,0.000981
3556.728337,0.001154
3558.657148,0.001295
3560.585960,0.001717
3562.514771,0.002034
3564.443583,0.002274
3566.372394,0.002572
3568.301205,0.002814
3570.230017,0.003276
3572.158828,0.003706
3574.087640,0.003884
3576.016451,0.003920
3577.945263,0.003776
3579.874074,0.003676
3581.802886,0.003483
3583.731697,0.003017
3585.660509,0.002739
3587.589320,0.003115
3589.518132,0.003702
3591.446943,0.003423
3593.375754,0.002674
3595.304566,0.002606
3597.233377,0.003225
3599.162189,0.003842
3601.091000,0.004152
3603.019812,0.004395
3604.948623,0.004498
3606.877435,0.004225
3608.806246,0.003887
3610.735058,0.003570
3612.663869,0.003149
3614.592681,0.002816
3616.521492,0.002485
3618.450303,0.001949
3620.379115,0.001627
3622.307926,0.001601
3624.236738,0.001497
3626.165549,0.001333
3628.094361,0.000907
3630.023172,0.000500
3631.951984,0.000624
3633.880795,0.000766
3635.809607,0.000891
3637.738418,0.001143
3639.667230,0.001151
3641.596041,0.000955
3643.524852,0.000826
3645.453664,0.000548
3647.382475,0.000078
3649.311287,-0.000227
3651.240098,-0.000201
3653.168910,0.000139
3655.097721,0.000344
3657.026533,0.000224
3658.955344,0.000278
3660.884156,0.000458
3662.812967,0.000459
3664.741779,0.000305
3666.670590,0.000137
3668.599401,-0.000206
3670.528213,-0.000748
3672.457024,-0.000745
3674.385836,-0.000603
3676.314647,-0.000718
3678.243459,-0.000368
3680.172270,0.000079
3682.101082,0.000134
3684.029893,0.000106
3685.958705,0.000053
3687.887516,-0.000246
3689.816328,-0.000488
3691.745139,-0.000213
3693.673951,0.000128
3695.602762,0.000224
3697.531573,0.000287
3699.460385,0.000309
3701.389196,0.000147
3703.318008,0.000078
3705.246819,0.000246
3707.175631,0.000205
3709.104442,-0.000060
3711.033254,-0.000242
3712.962065,-0.000203
3714.890877,0.000110
3716.819688,0.000371
3718.748500,0.000425
3720.677311,0.000356
3722.606122,0.000340
3724.534934,0.000447
3726.463745,0.000450
3728.392557,0.000464
3730.321368,0.000450
3732.250180,0.000130
3734.178991,-0.000136
3736.107803,-0.000135
3738.036614,-0.000070
3739.965426,0.000237
3741.894237,0.000541
3743.823049,0.000146
3745.751860,-0.000199
3747.680671,0.000229
3749.609483,0.000349
3751.538294,0.000098
3753.467106,0.000310
3755.395917,0.000699
3757.324729,0.000870
3759.253540,0.000834
3761.182352,0.000930
3763.111163,0.001088
3765.039975,0.001035
3766.968786,0.001009
3768.897598,0.000977
3770.826409,0.000960
3772.755220,0.001123
3774.684032,0.001196
3776.612843,0.001147
3778.541655,0.001026
3780.470466,0.000951
3782.399278,0.001126
3784.328089,0.001237
3786.256901,0.001139
3788.185712,0.001151
3790.114524,0.001232
3792.043335,0.001147
3793.972147,0.000979
3795.900958,0.000671
3797.829769,0.000445
3799.758581,0.000459
3801.687392,0.000219
3803.616204,0.000223
3805.545015,0.000497
3807.473827,0.000426
3809.402638,0.000509
3811.331450,0.000737
3813.260261,0.000738
3815.189073,0.000453
3817.117884,0.000167
3819.046696,0.000173
3820.975507,-0.000086
3822.904318,-0.000039
3824.833130,0.000509
3826.761941,0.000594
3828.690753,0.000569
3830.619564,0.000578
3832.548376,0.000283
3834.477187,0.000174
3836.405999,0.000227
3838.334810,0.000060
3840.263622,0.000015
3842.192433,0.000242
3844.121245,0.000366
3846.050056,0.000373
3847.978867,0.000433
3849.907679,0.000435
3851.836490,0.000160
3853.765302,-0.000340
3855.694113,-0.000371
3857.622925,0.000041
3859.551736,0.000269
3861.480548,0.000256
3863.409359,0.000101
3865.338171,-0.000035
3867.266982,0.000036
3869.195794,-0.000036
3871.124605,-0.000128
3873.053417,0.000118
3874.982228,0.000228
3876.911039,0.000298
3878.839851,0.000391
3880.768662,0.000111
3882.697474,0.000023
3884.626285,0.000147
3886.555097,0.000075
3888.483908,0.000216
3890.412720,0.000270
3892.341531,0.000009
3894.270343,-0.000033
3896.199154,0.000019
3898.127966,-0.000109
3900.056777,-0.000193
3901.985588,-0.000133
3903.914400,-0.000128
3905.843211,-0.000106
3907.772023,0.000052
3909.700834,0.000190
3911.629646,0.000290
3913.558457,0.000331
3915.487269,0.000270
3917.416080,0.000187
3919.344892,0.000103
3921.273703,0.000081
3923.202515,0.000093
3925.131326,0.000042
3927.060137,-0.000041
3928.988949,-0.000098
3930.917760,-0.000077
3932.846572,0.000045
3934.775383,0.000201
3936.704195,0.000230
3938.633006,0.000174
3940.561818,0.000180
3942.490629,0.000090
3944.419441,-0.000042
3946.348252,0.000029
3948.277064,0.000164
3950.205875,0.000099
3952.134686,-0.000100
3954.063498,-0.000164
3955.992309,-0.000091
3957.921121,-0.000016
3959.849932,-0.000037
3961.778744,-0.000087
3963.707555,0.000028
3965.636367,0.000073
3967.565178,-0.000047
3969.493990,-0.000048
3971.422801,-0.000042
3973.351613,-0.000115
3975.280424,-0.000120
3977.209235,-0.000050
3979.138047,-0.000007
3981.066858,0.000009
3982.995670,0.000005
3984.924481,-0.000067
3986.853293,-0.000075
3988.782104,-0.000047
3990.710916,-0.000153
3992.639727,-0.000230
3994.568539,-0.000241
3996.497350,-0.000230
3998.426162,-0.000050
4000.354973,0.000103
