898.826141,0.000900
900.754953,0.000755
902.683764,0.000733
904.612576,0.000688
906.541387,0.000362
908.470199,-0.000185
910.399010,-0.000774
912.327822,0.000175
914.256633,0.001329
916.185445,0.001173
918.114256,0.000882
920.043068,0.000339
921.971879,-0.000060
923.900690,0.000356
925.829502,0.000373
927.758313,-0.000040
929.687125,0.000222
931.615936,0.001059
933.544748,0.001212
935.473559,0.000253
937.402371,-0.000521
939.331182,-0.000445
941.259994,-0.000031
943.188805,0.000334
945.117617,0.000602
947.046428,0.000647
948.975240,0.000472
950.904051,0.000368
952.832862,0.000443
954.761674,0.000505
956.690485,0.000504
958.619297,0.000460
960.548108,0.000405
962.476920,0.000245
964.405731,0.000037
966.334543,0.000104
968.263354,0.000430
970.192166,0.000533
972.120977,0.000198
974.049789,-0.000093
975.978600,-0.000076
977.907411,0.000043
979.836223,0.000110
981.765034,0.000028
983.693846,0.000094
985.622657,0.000332
987.551469,0.000292
989.480280,0.000162
991.409092,0.000230
993.337903,0.000290
995.266715,0.000289
997.195526,0.000239
999.124338,0.000149
1001.053149,0.000094
1002.981960,0.000072
1004.910772,0.000098
1006.839583,0.000113
1008.768395,0.000067
1010.697206,0.000030
1012.626018,-0.000015
1014.554829,-0.000035
1016.483641,0.000011
1018.412452,0.000023
1020.341264,-0.000035
1022.270075,-0.000087
1024.198887,-0.000028
1026.127698,0.000079
1028.056509,0.000099
1029.985321,0.000097
1031.914132,0.000178
1033.842944,0.000280
1035.771755,0.000321
1037.700567,0.000324
1039.629378,0.000352
1041.558190,0.000370
1043.487001,0.000238
1045.415813,0.000116
1047.344624,0.000209
1049.273436,0.000256
1051.202247,0.000152
1053.131058,0.000083
1055.059870,0.000022
1056.988681,-0.000010
1058.917493,0.000044
1060.846304,0.000065
1062.775116,-0.000022
1064.703927,-0.000033
1066.632739,0.000056
1068.561550,0.000024
1070.490362,-0.000050
1072.419173,-0.000035
1074.347985,-0.000014
1076.276796,0.000035
1078.205607,0.000087
1080.134419,0.000078
1082.063230,0.000054
1083.992042,0.000044
1085.920853,0.000032
1087.849665,0.000008
1089.778476,0.000002
1091.707288,0.000025
1093.636099,0.000040
1095.564911,0.000068
1097.493722,0.000126
1099.422534,0.000159
1101.351345,0.000080
1103.280156,-0.000028
1105.208968,-0.000019
1107.137779,0.000054
1109.066591,0.000099
1110.995402,0.000083
1112.924214,0.000032
1114.853025,-0.000002
1116.781837,-0.000007
1118.710648,0.000015
1120.639460,0.000022
1122.568271,0.000050
1124.497083,0.000087
1126.425894,0.000106
1128.354706,0.000149
1130.283517,0.000133
1132.212328,0.000042
1134.141140,-0.000000
1136.069951,-0.000014
1137.998763,-0.000013
1139.927574,-0.000007
1141.856386,-0.000014
1143.785197,-0.000022
1145.714009,-0.000052
1147.642820,-0.000080
1149.571632,-0.000049
1151.500443,-0.000023
1153.429255,-0.000021
1155.358066,-0.000007
1157.286877,-0.000005
1159.215689,0.000023
1161.144500,0.000066
1163.073312,0.000079
1165.002123,0.000081
1166.930935,0.000063
1168.859746,0.000054
1170.788558,0.000064
1172.717369,0.000040
1174.646181,0.000015
1176.574992,0.000005
1178.503804,0.000002
1180.432615,0.000049
1182.361426,0.000055
1184.290238,-0.000000
1186.219049,0.000033
1188.147861,0.000120
1190.076672,0.000158
1192.005484,0.000200
1193.934295,0.000215
1195.863107,0.000132
1197.791918,0.000056
1199.720730,0.000029
1201.649541,0.000020
1203.578353,0.000016
1205.507164,-0.000000
1207.435975,0.000006
1209.364787,0.000015
1211.293598,0.000065
1213.222410,0.000136
1215.151221,0.000242
1217.080033,0.000454
1219.008844,0.000613
1220.937656,0.000774
1222.866467,0.000970
1224.795279,0.001214
1226.724090,0.001692
1228.652902,0.002205
1230.581713,0.002777
1232.510524,0.003589
1234.439336,0.004358
1236.368147,0.005225
1238.296959,0.006425
1240.225770,0.007578
1242.154582,0.008816
1244.083393,0.010263
1246.012205,0.011600
1247.941016,0.012902
1249.869828,0.013983
1251.798639,0.014583
1253.727451,0.013986
1255.656262,0.012472
1257.585073,0.011243
1259.513885,0.010503
1261.442696,0.013167
1263.371508,0.017202
1265.300319,0.015358
1267.229131,0.012051
1269.157942,0.013035
1271.086754,0.014777
1273.015565,0.015322
1274.944377,0.015141
1276.873188,0.014302
1278.802000,0.013273
1280.730811,0.012200
1282.659622,0.010967
1284.588434,0.009566
1286.517245,0.008317
1288.446057,0.007094
1290.374868,0.005965
1292.303680,0.005140
1294.232491,0.004367
1296.161303,0.003872
1298.090114,0.003609
1300.018926,0.003327
1301.947737,0.003182
1303.876549,0.003073
1305.805360,0.002901
1307.734172,0.002876
1309.662983,0.002944
1311.591794,0.002845
1313.520606,0.002704
1315.449417,0.002608
1317.378229,0.002465
1319.307040,0.002300
1321.235852,0.002126
1323.164663,0.002117
1325.093475,0.002187
1327.022286,0.002051
1328.951098,0.001897
1330.879909,0.001843
1332.808721,0.001759
1334.737532,0.001671
1336.666343,0.001546
1338.595155,0.001390
1340.523966,0.001299
1342.452778,0.001231
1344.381589,0.001139
1346.310401,0.000992
1348.239212,0.000810
1350.168024,0.000663
1352.096835,0.000558
1354.025647,0.000472
1355.954458,0.000417
1357.883270,0.000394
1359.812081,0.000223
1361.740892,-0.000082
1363.669704,-0.000113
1365.598515,0.000036
1367.527327,-0.000028
1369.456138,-0.000096
1371.384950,0.000030
1373.313761,-0.000035
1375.242573,0.000052
1377.171384,0.000473
1379.100196,0.000714
1381.029007,0.000842
1382.957819,0.001057
1384.886630,0.001090
1386.815441,0.001043
1388.744253,0.001302
1390.673064,0.001629
1392.601876,0.001573
1394.530687,0.001360
1396.459499,0.001391
1398.388310,0.001505
1400.317122,0.001740
1402.245933,0.001936
1404.174745,0.001839
1406.103556,0.001842
1408.032368,0.001990
1409.961179,0.002007
1411.889990,0.001977
1413.818802,0.001998
1415.747613,0.001850
1417.676425,0.001287
1419.605236,0.001051
1421.534048,0.001424
1423.462859,0.001512
1425.391671,0.001455
1427.320482,0.001430
1429.249294,0.001234
1431.178105,0.001258
1433.106917,0.001368
1435.035728,0.000898
1436.964539,0.000481
1438.893351,0.000923
1440.822162,0.001259
1442.750974,0.001269
1444.679785,0.001228
1446.608597,0.000987
1448.537408,0.000861
1450.466220,0.000967
1452.395031,0.000958
1454.323843,0.000498
1456.252654,-0.000516
1458.181466,-0.000602
1460.110277,0.000432
1462.039089,0.000817
1463.967900,0.000415
1465.896711,0.000401
1467.825523,0.000822
1469.754334,0.000516
1471.683146,-0.000347
1473.611957,-0.000501
1475.540769,-0.000069
1477.469580,0.000348
1479.398392,0.000612
1481.327203,0.000676
1483.256015,0.000751
1485.184826,0.000666
1487.113638,0.000275
1489.042449,-0.000065
1490.971260,0.000171
1492.900072,0.000706
1494.828883,0.000641
1496.757695,0.000254
1498.686506,0.000434
1500.615318,0.000935
1502.544129,0.001174
1504.472941,0.000390
1506.401752,-0.000850
1508.330564,-0.000233
1510.259375,0.000819
1512.188187,0.001242
1514.116998,0.001202
1516.045809,0.000793
1517.974621,0.000599
1519.903432,0.000319
1521.832244,0.000018
1523.761055,0.000524
1525.689867,0.000908
1527.618678,0.001131
1529.547490,0.001528
1531.476301,0.001342
1533.405113,0.000968
1535.333924,0.001341
1537.262736,0.001196
1539.191547,-0.000041
1541.120358,-0.000143
1543.049170,0.000684
1544.977981,0.001419
1546.906793,0.002052
1548.835604,0.002313
1550.764416,0.002471
1552.693227,0.002615
1554.622039,0.002724
1556.550850,0.002515
1558.479662,0.002255
1560.408473,0.004623
1562.337285,0.007647
1564.266096,0.010019
1566.194907,0.012779
1568.123719,0.015818
1570.052530,0.020288
1571.981342,0.026351
1573.910153,0.032364
1575.838965,0.040568
1577.767776,0.051717
1579.696588,0.063514
1581.625399,0.076960
1583.554211,0.092131
1585.483022,0.108866
1587.411834,0.126950
1589.340645,0.146022
1591.269456,0.165442
1593.198268,0.183089
1595.127079,0.197775
1597.055891,0.208270
1598.984702,0.214384
1600.913514,0.215515
1602.842325,0.211692
1604.771137,0.204485
1606.699948,0.193389
1608.628760,0.179497
1610.557571,0.162213
1612.486383,0.144049
1614.415194,0.125168
1616.344005,0.107111
1618.272817,0.122683
1620.201628,0.171499
1622.130440,0.223955
1624.059251,0.263158
1625.988063,0.284050
1627.916874,0.292270
1629.845686,0.287114
1631.774497,0.268122
1633.703309,0.240049
1635.632120,0.201026
1637.560932,0.164450
1639.489743,0.135528
1641.418555,0.103577
1643.347366,0.074621
1645.276177,0.052256
1647.204989,0.032733
1649.133800,0.020762
1651.062612,0.013091
1652.991423,0.005714
1654.920235,0.003356
1656.849046,0.003417
1658.777858,0.002725
1660.706669,0.001738
1662.635481,0.000836
1664.564292,0.000609
1666.493104,0.000487
1668.421915,-0.000341
1670.350726,-0.000207
1672.279538,0.000688
1674.208349,0.001225
1676.137161,0.002149
1678.065972,0.003617
1679.994784,0.004647
1681.923595,0.004785
1683.852407,0.004500
1685.781218,0.005070
1687.710030,0.005638
1689.638841,0.005101
1691.567653,0.004367
1693.496464,0.002958
1695.425275,0.002678
1697.354087,0.006908
1699.282898,0.007742
1701.211710,0.002489
1703.140521,0.001190
1705.069333,0.003236
1706.998144,0.005686
1708.926956,0.008156
1710.855767,0.009813
1712.784579,0.010305
1714.713390,0.009785
1716.642202,0.008687
1718.571013,0.007987
1720.499824,0.007831
1722.428636,0.007307
1724.357447,0.006292
1726.286259,0.005455
1728.215070,0.004671
1730.143882,0.004020
1732.072693,0.003384
1734.001505,0.002903
1735.930316,0.003737
1737.859128,0.004545
1739.787939,0.004749
1741.716751,0.005096
1743.645562,0.005422
1745.574373,0.005389
1747.503185,0.005099
1749.431996,0.004802
1751.360808,0.004956
1753.289619,0.005496
1755.218431,0.005695
1757.147242,0.005578
1759.076054,0.005297
1761.004865,0.004421
1762.933677,0.003458
1764.862488,0.002830
1766.791300,0.001954
1768.720111,0.001049
1770.648922,0.000226
1772.577734,-0.000333
1774.506545,-0.000017
1776.435357,0.000430
1778.364168,0.000490
1780.292980,0.000355
1782.221791,0.000387
1784.150603,0.000430
1786.079414,0.000495
1788.008226,0.000631
1789.937037,0.000331
1791.865849,-0.000174
1793.794660,0.000032
1795.723471,0.000509
1797.652283,0.000621
1799.581094,0.000537
1801.509906,0.000634
1803.438717,0.000953
1805.367529,0.001238
1807.296340,0.001371
1809.225152,0.001361
1811.153963,0.001454
1813.082775,0.001822
1815.011586,0.002164
1816.940398,0.002365
1818.869209,0.002597
1820.798021,0.002858
1822.726832,0.002992
1824.655643,0.003110
1826.584455,0.003358
1828.513266,0.003458
1830.442078,0.003631
1832.370889,0.004214
1834.299701,0.004701
1836.228512,0.004957
1838.157324,0.005203
1840.086135,0.005420
1842.014947,0.005568
1843.943758,0.005615
1845.872570,0.005776
1847.801381,0.006017
1849.730192,0.006082
1851.659004,0.006047
1853.587815,0.005974
1855.516627,0.005837
1857.445438,0.005566
1859.374250,0.005226
1861.303061,0.004828
1863.231873,0.004302
1865.160684,0.003553
1867.089496,0.002507
1869.018307,0.001645
1870.947119,0.001210
1872.875930,0.002102
1874.804741,0.003922
1876.733553,0.003233
1878.662364,0.001152
1880.591176,0.001248
1882.519987,0.002363
1884.448799,0.003286
1886.377610,0.004230
1888.306422,0.004991
1890.235233,0.005760
1892.164045,0.006495
1894.092856,0.007127
1896.021668,0.007675
1897.950479,0.008077
1899.879290,0.008345
1901.808102,0.008447
1903.736913,0.008439
1905.665725,0.008332
1907.594536,0.008160
1909.523348,0.007956
1911.452159,0.007659
1913.380971,0.007289
1915.309782,0.006726
1917.238594,0.005964
1919.167405,0.005493
1921.096217,0.005210
1923.025028,0.004714
1924.953839,0.004276
1926.882651,0.003884
1928.811462,0.003357
1930.740274,0.002852
1932.669085,0.002428
1934.597897,0.002048
1936.526708,0.001668
1938.455520,0.001336
1940.384331,0.000995
1942.313143,0.000642
1944.241954,0.000476
1946.170766,0.000408
1948.099577,0.000325
1950.028388,0.000258
1951.957200,0.000195
1953.886011,0.000109
1955.814823,0.000058
1957.743634,0.000080
1959.672446,0.000046
1961.601257,-0.000018
1963.530069,-0.000043
1965.458880,-0.000103
1967.387692,-0.000128
1969.316503,-0.000086
1971.245315,-0.000067
1973.174126,-0.000052
1975.102938,-0.000055
1977.031749,-0.000085
1978.960560,-0.000073
1980.889372,-0.000031
1982.818183,-0.000006
1984.746995,-0.000020
1986.675806,-0.000082
1988.604618,-0.000135
1990.533429,-0.000169
1992.462241,-0.000171
1994.391052,-0.000087
1996.319864,-0.000026
1998.248675,-0.000035
2000.177487,-0.000038
2002.106298,-0.000050
2004.035109,-0.000064
2005.963921,-0.000058
2007.892732,-0.000062
2009.821544,-0.000045
2011.750355,-0.000028
2013.679167,-0.000083
2015.607978,-0.000129
2017.536790,-0.000096
2019.465601,-0.000063
2021.394413,-0.000063
2023.323224,-0.000044
2025.252036,-0.000049
2027.180847,-0.000111
2029.109658,-0.000149
2031.038470,-0.000141
2032.967281,-0.000098
2034.896093,-0.000067
2036.824904,-0.000134
2038.753716,-0.000159
2040.682527,-0.000084
2042.611339,-0.000085
2044.540150,-0.000106
2046.468962,-0.000059
2048.397773,-0.000056
2050.326585,-0.000086
2052.255396,-0.000096
2054.184207,-0.000123
2056.113019,-0.000106
2058.041830,-0.000050
2059.970642,-0.000082
2061.899453,-0.000119
2063.828265,-0.000133
2065.757076,-0.000183
2067.685888,-0.000159
2069.614699,-0.000095
2071.543511,-0.000067
2073.472322,-0.000070
2075.401134,-0.000118
2077.329945,-0.000155
2079.258756,-0.000155
2081.187568,-0.000132
2083.116379,-0.000098
2085.045191,-0.000088
2086.974002,-0.000086
2088.902814,-0.000093
2090.831625,-0.000132
2092.760437,-0.000144
2094.689248,-0.000117
2096.618060,-0.000126
2098.546871,-0.000128
2100.475683,-0.000072
2102.404494,-0.000043
2104.333305,-0.000058
2106.262117,-0.000055
2108.190928,-0.000037
2110.119740,-0.000045
2112.048551,-0.000057
2113.977363,-0.000031
2115.906174,-0.000015
2117.834986,-0.000030
2119.763797,-0.000048
2121.692609,-0.000067
2123.621420,-0.000069
2125.550232,-0.000062
2127.479043,-0.000093
2129.407854,-0.000123
2131.336666,-0.000120
2133.265477,-0.000153
2135.194289,-0.000185
2137.123100,-0.000164
2139.051912,-0.000152
2140.980723,-0.000167
2142.909535,-0.000178
2144.838346,-0.000170
2146.767158,-0.000162
2148.695969,-0.000159
2150.624781,-0.000151
2152.553592,-0.000139
2154.482404,-0.000091
2156.411215,-0.000032
2158.340026,-0.000022
2160.268838,-0.000046
2162.197649,-0.000071
2164.126461,-0.000059
2166.055272,-0.000026
2167.984084,-0.000011
2169.912895,0.000028
2171.841707,0.000081
2173.770518,0.000084
2175.699330,0.000056
2177.628141,0.000073
2179.556953,0.000139
2181.485764,0.000173
2183.414575,0.000187
2185.343387,0.000221
2187.272198,0.000253
2189.201010,0.000325
2191.129821,0.000404
2193.058633,0.000442
2194.987444,0.000513
2196.916256,0.000587
2198.845067,0.000625
2200.773879,0.000694
2202.702690,0.000810
2204.631502,0.000925
2206.560313,0.000990
2208.489124,0.001040
2210.417936,0.001097
2212.346747,0.001087
2214.275559,0.001004
2216.204370,0.000896
2218.133182,0.000758
2220.061993,0.000564
2221.990805,0.000367
2223.919616,0.000304
2225.848428,0.000428
2227.777239,0.000695
2229.706051,0.000982
2231.634862,0.001199
2233.563673,0.001352
2235.492485,0.001438
2237.421296,0.001448
2239.350108,0.001386
2241.278919,0.001267
2243.207731,0.001108
2245.136542,0.000937
2247.065354,0.000782
2248.994165,0.000583
2250.922977,0.000382
2252.851788,0.000235
2254.780600,0.000103
2256.709411,0.000045
2258.638222,0.000018
2260.567034,-0.000030
2262.495845,-0.000025
2264.424657,-0.000031
2266.353468,-0.000054
2268.282280,-0.000031
2270.211091,0.000013
2272.139903,0.000053
2274.068714,0.000037
2275.997526,0.000001
2277.926337,0.000015
2279.855149,0.000044
2281.783960,0.000082
2283.712771,0.000120
2285.641583,0.000124
2287.570394,0.000091
2289.499206,0.000029
2291.428017,-0.000029
2293.356829,-0.000056
2295.285640,-0.000059
2297.214452,-0.000090
2299.143263,0.000005
2301.072075,0.000088
2303.000886,0.000155
2304.929698,0.000218
2306.858509,0.000303
2308.787320,0.000324
2310.716132,0.000259
2312.644943,0.000152
2314.573755,-0.000031
2316.502566,-0.000035
2318.431378,-0.000013
2320.360189,0.000043
2322.289001,0.000104
2324.217812,0.000166
2326.146624,0.000251
2328.075435,0.000381
2330.004247,0.000270
2331.933058,0.000221
2333.861870,0.000240
2335.790681,0.000274
2337.719492,0.000344
2339.648304,0.000501
2341.577115,0.000812
2343.505927,0.001342
2345.434738,0.002212
2347.363550,0.003313
2349.292361,0.003769
2351.221173,0.003049
2353.149984,0.001870
2355.078796,0.000981
2357.007607,0.000455
2358.936419,0.000260
2360.865230,0.000275
2362.794041,0.000492
2364.722853,0.000115
2366.651664,-0.000085
2368.580476,-0.000134
2370.509287,-0.000060
2372.438099,0.000163
2374.366910,0.000467
2376.295722,0.000683
2378.224533,0.000725
2380.153345,0.000588
2382.082156,0.000306
2384.010968,-0.000149
2385.939779,-0.000067
2387.868590,-0.000024
2389.797402,0.000001
2391.726213,-0.000008
2393.655025,-0.000003
2395.583836,0.000005
2397.512648,-0.000012
2399.441459,0.000001
2401.370271,0.000019
2403.299082,-0.000010
2405.227894,-0.000024
2407.156705,-0.000002
2409.085517,0.000020
2411.014328,-0.000008
2412.943139,-0.000038
2414.871951,-0.000004
2416.800762,-0.000012
2418.729574,-0.000060
2420.658385,-0.000048
2422.587197,0.000002
2424.516008,0.000034
2426.444820,0.000009
2428.373631,-0.000010
2430.302443,0.000003
2432.231254,-0.000018
2434.160066,-0.000029
2436.088877,-0.000002
2438.017688,0.000021
2439.946500,0.000045
2441.875311,0.000047
2443.804123,0.000002
2445.732934,-0.000025
2447.661746,-0.000004
2449.590557,0.000017
2451.519369,0.000019
2453.448180,0.000013
2455.376992,0.000027
2457.305803,0.000073
2459.234615,0.000072
2461.163426,0.000019
2463.092237,0.000021
2465.021049,0.000052
2466.949860,0.000049
2468.878672,0.000040
2470.807483,0.000067
2472.736295,0.000118
2474.665106,0.000114
2476.593918,0.000103
2478.522729,0.000122
2480.451541,0.000121
2482.380352,0.000172
2484.309164,0.000199
2486.237975,0.000132
2488.166786,0.000106
2490.095598,0.000151
2492.024409,0.000234
2493.953221,0.000246
2495.882032,0.000149
2497.810844,0.000103
2499.739655,0.000102
2501.668467,0.000091
2503.597278,0.000117
2505.526090,0.000174
2507.454901,0.000240
2509.383713,0.000255
2511.312524,0.000202
2513.241336,0.000179
2515.170147,0.000169
2517.098958,0.000099
2519.027770,0.000059
2520.956581,0.000083
2522.885393,0.000082
2524.814204,0.000050
2526.743016,0.000030
2528.671827,0.000004
2530.600639,-0.000027
2532.529450,-0.000026
2534.458262,-0.000020
2536.387073,-0.000015
2538.315885,0.000023
2540.244696,0.000054
2542.173507,0.000040
2544.102319,0.000013
2546.031130,0.000023
2547.959942,0.000059
2549.888753,0.000047
2551.817565,-0.000007
2553.746376,-0.000012
2555.675188,0.000045
2557.603999,0.000081
2559.532811,0.000063
2561.461622,0.000036
2563.390434,0.000007
2565.319245,-0.000005
2567.248056,0.000033
2569.176868,0.000065
2571.105679,0.000076
2573.034491,0.000086
2574.963302,0.000056
2576.892114,0.000017
2578.820925,0.000009
2580.749737,0.000000
2582.678548,0.000014
2584.607360,0.000047
2586.536171,0.000052
2588.464983,0.000069
2590.393794,0.000094
2592.322605,0.000067
2594.251417,0.000023
2596.180228,0.000020
2598.109040,0.000042
2600.037851,0.000073
2601.966663,0.000105
2603.895474,0.000074
2605.824286,0.000032
2607.753097,0.000040
2609.681909,0.000006
2611.610720,-0.000035
2613.539532,-0.000001
2615.468343,0.000042
2617.397154,0.000086
2619.325966,0.000112
2621.254777,0.000116
2623.183589,0.000155
2625.112400,0.000149
2627.041212,0.000104
2628.970023,0.000115
2630.898835,0.000139
2632.827646,0.000124
2634.756458,0.000071
2636.685269,0.000030
2638.614081,0.000036
2640.542892,0.000029
2642.471703,-0.000002
2644.400515,0.000001
2646.329326,0.000015
2648.258138,0.000008
2650.186949,0.000028
2652.115761,0.000033
2654.044572,-0.000008
2655.973384,-0.000029
2657.902195,-0.000062
2659.831007,-0.000091
2661.759818,-0.000066
2663.688630,-0.000076
2665.617441,-0.000094
2667.546253,-0.000062
2669.475064,-0.000047
2671.403875,-0.000088
2673.332687,-0.000098
2675.261498,-0.000024
2677.190310,-0.000012
2679.119121,-0.000063
2681.047933,-0.000045
2682.976744,-0.000049
2684.905556,-0.000087
2686.834367,-0.000057
2688.763179,-0.000021
2690.691990,-0.000049
2692.620802,-0.000084
2694.549613,-0.000097
2696.478424,-0.000102
2698.407236,-0.000060
2700.336047,0.000013
2702.264859,0.000023
2704.193670,-0.000014
2706.122482,-0.000042
2708.051293,-0.000050
2709.980105,-0.000039
2711.908916,-0.000064
2713.837728,-0.000111
2715.766539,-0.000080
2717.695351,-0.000013
2719.624162,0.000011
2721.552973,0.000027
2723.481785,0.000028
2725.410596,0.000009
2727.339408,0.000011
2729.268219,0.000004
2731.197031,-0.000039
2733.125842,-0.000070
2735.054654,-0.000034
2736.983465,0.000027
2738.912277,0.000040
2740.841088,0.000013
2742.769900,-0.000017
2744.698711,-0.000029
2746.627522,-0.000025
2748.556334,-0.000043
2750.485145,-0.000095
2752.413957,-0.000070
2754.342768,0.000067
2756.271580,0.000119
2758.200391,0.000030
2760.129203,-0.000044
2762.058014,-0.000066
2763.986826,-0.000059
2765.915637,-0.000015
2767.844449,0.000004
2769.773260,-0.000025
2771.702071,-0.000028
2773.630883,0.000023
2775.559694,0.000072
2777.488506,0.000061
2779.417317,0.000026
2781.346129,0.000022
2783.274940,0.000017
2785.203752,0.000003
2787.132563,-0.000019
2789.061375,-0.000027
2790.990186,-0.000004
2792.918998,-0.000016
2794.847809,-0.000050
2796.776620,-0.000058
2798.705432,-0.000016
2800.634243,0.000049
2802.563055,0.000046
2804.491866,0.000019
2806.420678,0.000003
2808.349489,-0.000031
2810.278301,-0.000038
2812.207112,-0.000021
2814.135924,0.000035
2816.064735,0.000066
2817.993547,0.000010
2819.922358,0.000034
2821.851169,0.000108
2823.779981,0.000110
2825.708792,0.000141
2827.637604,0.000159
2829.566415,0.000085
2831.495227,0.000063
2833.424038,0.000108
2835.352850,0.000083
2837.281661,0.000061
2839.210473,0.000142
2841.139284,0.000217
2843.068096,0.000246
2844.996907,0.000315
2846.925719,0.000431
2848.854530,0.000497
2850.783341,0.000553
2852.712153,0.000702
2854.640964,0.000853
2856.569776,0.001069
2858.498587,0.001366
2860.427399,0.001655
2862.356210,0.002027
2864.285022,0.002391
2866.213833,0.002822
2868.142645,0.003417
2870.071456,0.004006
2872.000268,0.004705
2873.929079,0.005520
2875.857890,0.006385
2877.786702,0.007316
2879.715513,0.008150
2881.644325,0.008965
2883.573136,0.009766
2885.501948,0.010360
2887.430759,0.010812
2889.359571,0.011119
2891.288382,0.011187
2893.217194,0.010990
2895.146005,0.010526
2897.074817,0.009923
2899.003628,0.009147
2900.932439,0.008202
2902.861251,0.007196
2904.790062,0.005935
2906.718874,0.005468
2908.647685,0.007422
2910.576497,0.010811
2912.505308,0.013791
2914.434120,0.016024
2916.362931,0.017340
2918.291743,0.017576
2920.220554,0.016823
2922.149366,0.015117
2924.078177,0.012730
2926.006988,0.009998
2927.935800,0.007211
2929.864611,0.004719
2931.793423,0.002760
2933.722234,0.001373
2935.651046,0.000492
2937.579857,0.000064
2939.508669,-0.000045
2941.437480,-0.000105
2943.366292,-0.000167
2945.295103,-0.000147
2947.223915,-0.000146
2949.152726,-0.000143
2951.081537,-0.000035
2953.010349,0.000082
2954.939160,0.000080
2956.867972,0.000002
2958.796783,-0.000053
2960.725595,-0.000070
2962.654406,-0.000029
2964.583218,0.000042
2966.512029,0.000035
2968.440841,-0.000003
2970.369652,0.000022
2972.298464,0.000027
2974.227275,-0.000022
2976.156086,-0.000005
2978.084898,0.000050
2980.013709,0.000064
2981.942521,0.000046
2983.871332,-0.000049
2985.800144,-0.000124
2987.728955,-0.000084
2989.657767,-0.000062
2991.586578,-0.000085
2993.515390,-0.000086
2995.444201,-0.000083
2997.373013,-0.000085
2999.301824,-0.000092
3001.230635,-0.000095
3003.159447,-0.000092
3005.088258,-0.000114
3007.017070,-0.000124
3008.945881,-0.000051
3010.874693,0.000028
3012.803504,-0.000001
3014.732316,-0.000048
3016.661127,-0.000070
3018.589939,-0.000133
3020.518750,-0.000152
3022.447562,-0.000105
3024.376373,-0.000099
3026.305185,-0.000109
3028.233996,-0.000075
3030.162807,-0.000045
3032.091619,-0.000035
3034.020430,-0.000056
3035.949242,-0.000075
3037.878053,-0.000026
3039.806865,-0.000017
3041.735676,-0.000043
3043.664488,0.000042
3045.593299,0.000130
3047.522111,0.000084
3049.450922,-0.000006
3051.379734,0.000003
3053.308545,0.000051
3055.237356,0.000059
3057.166168,0.000075
3059.094979,0.000077
3061.023791,0.000082
3062.952602,0.000094
3064.881414,0.000088
3066.810225,0.000125
3068.739037,0.000093
3070.667848,0.000063
3072.596660,0.000105
3074.525471,0.000068
3076.454283,0.000017
3078.383094,-0.000006
3080.311905,-0.000053
3082.240717,-0.000016
3084.169528,0.000033
3086.098340,-0.000018
3088.027151,-0.000037
3089.955963,-0.000010
3091.884774,0.000002
3093.813586,0.000043
3095.742397,0.000074
3097.671209,0.000035
3099.600020,-0.000029
3101.528832,-0.000065
3103.457643,-0.000063
3105.386454,-0.000022
3107.315266,0.000032
3109.244077,0.000031
3111.172889,-0.000013
3113.101700,-0.000028
3115.030512,-0.000023
3116.959323,0.000008
3118.888135,0.000029
3120.816946,-0.000057
3122.745758,-0.000148
3124.674569,-0.000056
3126.603381,0.000095
3128.532192,0.000054
3130.461003,-0.000046
3132.389815,-0.000002
3134.318626,-0.000001
3136.247438,-0.000113
3138.176249,-0.000128
3140.105061,-0.000028
3142.033872,0.000016
3143.962684,-0.000028
3145.891495,-0.000043
3147.820307,-0.000037
3149.749118,-0.000058
3151.677930,-0.000061
3153.606741,-0.000020
3155.535552,0.000054
3157.464364,0.000088
3159.393175,0.000062
3161.321987,-0.000012
3163.250798,-0.000042
3165.179610,0.000079
3167.108421,0.000137
3169.037233,0.000114
3170.966044,0.000189
3172.894856,0.000202
3174.823667,0.000152
3176.752479,0.000166
3178.681290,0.000173
3180.610102,0.000144
3182.538913,0.000109
3184.467724,0.000182
3186.396536,0.000304
3188.325347,0.000263
3190.254159,0.000187
3192.182970,0.000209
3194.111782,0.000220
3196.040593,0.000254
3197.969405,0.000344
3199.898216,0.000345
3201.827028,0.000275
3203.755839,0.000330
3205.684651,0.000440
3207.613462,0.000405
3209.542273,0.000366
3211.471085,0.000430
3213.399896,0.000448
3215.328708,0.000421
3217.257519,0.000392
3219.186331,0.000429
3221.115142,0.000589
3223.043954,0.000575
3224.972765,0.000364
3226.901577,0.000347
3228.830388,0.000465
3230.759200,0.000474
3232.688011,0.000447
3234.616822,0.000476
3236.545634,0.000545
3238.474445,0.000566
3240.403257,0.000544
3242.332068,0.000583
3244.260880,0.000614
3246.189691,0.000622
3248.118503,0.000667
3250.047314,0.000637
3251.976126,0.000524
3253.904937,0.000426
3255.833749,0.000446
3257.762560,0.000540
3259.691371,0.000486
3261.620183,0.000440
3263.548994,0.000542
3265.477806,0.000519
3267.406617,0.000377
3269.335429,0.000327
3271.264240,0.000373
3273.193052,0.000447
3275.121863,0.000399
3277.050675,0.000283
3278.979486,0.000357
3280.908298,0.000466
3282.837109,0.000414
3284.765920,0.000377
3286.694732,0.000391
3288.623543,0.000332
3290.552355,0.000284
3292.481166,0.000303
3294.409978,0.000213
3296.338789,0.000130
3298.267601,0.000233
3300.196412,0.000218
3302.125224,0.000082
3304.054035,0.000125
3305.982847,0.000229
3307.911658,0.000254
3309.840469,0.000243
3311.769281,0.000171
3313.698092,0.000067
3315.626904,0.000040
3317.555715,0.000038
3319.484527,-0.000043
3321.413338,-0.000064
3323.342150,0.000058
3325.270961,0.000146
3327.199773,0.000107
3329.128584,0.000017
3331.057396,-0.000058
3332.986207,-0.000076
3334.915018,-0.000089
3336.843830,-0.000078
3338.772641,0.000019
3340.701453,0.000111
3342.630264,0.000137
3344.559076,0.000152
3346.487887,0.000221
3348.416699,0.000251
3350.345510,0.000313
3352.274322,0.000438
3354.203133,0.000344
3356.131945,0.000236
3358.060756,0.000221
3359.989568,0.000175
3361.918379,0.000298
3363.847190,0.000370
3365.776002,0.000324
3367.704813,0.000384
3369.633625,0.000399
3371.562436,0.000249
3373.491248,-0.000000
3375.420059,-0.000114
3377.348871,-0.000013
3379.277682,0.000239
3381.206494,0.000434
3383.135305,0.000336
3385.064117,0.000287
3386.992928,0.000307
3388.921739,0.000186
3390.850551,0.000181
3392.779362,0.000185
3394.708174,0.000038
3396.636985,-0.000066
3398.565797,-0.000035
3400.494608,0.000001
3402.423420,-0.000022
3404.352231,0.000045
3406.281043,0.000019
3408.209854,0.000018
3410.138666,0.000147
3412.067477,0.000137
3413.996288,0.000062
3415.925100,0.000036
3417.853911,0.000028
3419.782723,0.000032
3421.711534,-0.000035
3423.640346,-0.000073
3425.569157,-0.000026
3427.497969,0.000053
3429.426780,0.000111
3431.355592,0.000098
3433.284403,0.000171
3435.213215,0.000301
3437.142026,0.000269
3439.070837,0.000223
3440.999649,0.000267
3442.928460,0.000261
3444.857272,0.000286
3446.786083,0.000389
3448.714895,0.000454
3450.643706,0.000509
3452.572518,0.000518
3454.501329,0.000457
3456.430141,0.000380
3458.358952,0.000239
3460.287764,0.000215
3462.216575,0.000324
3464.145386,0.000249
3466.074198,0.000156
3468.003009,0.000249
3469.931821,0.000333
3471.860632,0.000297
3473.789444,0.000152
3475.718255,0.000047
3477.647067,0.000007
3479.575878,-0.000065
3481.504690,-0.000153
3483.433501,-0.000225
3485.362313,-0.000143
3487.291124,0.000015
3489.219935,0.000059
3491.148747,0.000100
3493.077558,0.000199
3495.006370,0.000205
3496.935181,0.000061
3498.863993,0.000035
3500.792804,0.000110
3502.721616,0.000035
3504.650427,-0.000025
3506.579239,-0.000065
3508.508050,-0.000138
3510.436862,-0.000087
3512.365673,0.000040
3514.294484,0.000132
3516.223296,0.000011
3518.152107,-0.000212
3520.080919,-0.000140
3522.009730,-0.000024
3523.938542,-0.000025
3525.867353,0.000117
3527.796165,0.000070
3529.724976,-0.000117
3531.653788,-0.000004
3533.582599,0.000123
3535.511411,0.000130
3537.440222,0.000221
3539.369034,0.000362
3541.297845,0.000433
3543.226656,0.000332
3545.155468,0.000322
3547.084279,0.000457
3549.013091,0.000622
3550.941902,0.000765
3552.870714,0.000978
3554.799525,0.001304
3556.728337,0.001473
3558.657148,0.001652
3560.585960,0.002118
3562.514771,0.002541
3564.443583,0.002803
3566.372394,0.003021
3568.301205,0.003307
3570.230017,0.003850
3572.158828,0.004364
3574.087640,0.004556
3576.016451,0.004551
3577.945263,0.004484
3579.874074,0.004384
3581.802886,0.004135
3583.731697,0.003681
3585.660509,0.003295
3587.589320,0.003619
3589.518132,0.004303
3591.446943,0.003845
3593.375754,0.002912
3595.304566,0.003089
3597.233377,0.003892
3599.162189,0.004541
3601.091000,0.004951
3603.019812,0.005148
3604.948623,0.005213
3606.877435,0.004961
3608.806246,0.004522
3610.735058,0.004088
3612.663869,0.003568
3614.592681,0.003220
3616.521492,0.002985
3618.450303,0.002430
3620.379115,0.001968
3622.307926,0.001945
3624.236738,0.001881
3626.165549,0.001645
3628.094361,0.001201
3630.023172,0.000867
3631.951984,0.001055
3633.880795,0.001189
3635.809607,0.001209
3637.738418,0.001392
3639.667230,0.001407
3641.596041,0.001188
3643.524852,0.000972
3645.453664,0.000653
3647.382475,0.000191
3649.311287,-0.000185
3651.240098,-0.000155
3653.168910,0.000313
3655.097721,0.000539
3657.026533,0.000395
3658.955344,0.000503
3660.884156,0.000676
3662.812967,0.000629
3664.741779,0.000480
3666.670590,0.000318
3668.599401,-0.000039
3670.528213,-0.000590
3672.457024,-0.000594
3674.385836,-0.000519
3676.314647,-0.000743
3678.243459,-0.000377
3680.172270,0.000170
3682.101082,0.000288
3684.029893,0.000285
3685.958705,0.000268
3687.887516,-0.000031
3689.816328,-0.000392
3691.745139,-0.000189
3693.673951,0.000247
3695.602762,0.000466
3697.531573,0.000555
3699.460385,0.000536
3701.389196,0.000311
3703.318008,0.000169
3705.246819,0.000337
3707.175631,0.000353
3709.104442,0.000111
3711.033254,-0.000048
3712.962065,-0.000005
3714.890877,0.000244
3716.819688,0.000488
3718.748500,0.000623
3720.677311,0.000646
3722.606122,0.000643
3724.534934,0.000691
3726.463745,0.000656
3728.392557,0.000650
3730.321368,0.000558
3732.250180,0.000177
3734.178991,-0.000079
3736.107803,-0.000027
3738.036614,0.000121
3739.965426,0.000425
3741.894237,0.000629
3743.823049,0.000117
3745.751860,-0.000303
3747.680671,0.000077
3749.609483,0.000171
3751.538294,-0.000012
3753.467106,0.000314
3755.395917,0.000772
3757.324729,0.000986
3759.253540,0.000988
3761.182352,0.001017
3763.111163,0.001083
3765.039975,0.001040
3766.968786,0.001015
3768.897598,0.001002
3770.826409,0.001075
3772.755220,0.001260
3774.684032,0.001319
3776.612843,0.001262
3778.541655,0.001096
3780.470466,0.000992
3782.399278,0.001139
3784.328089,0.001229
3786.256901,0.001187
3788.185712,0.001208
3790.114524,0.001178
3792.043335,0.001053
3793.972147,0.000965
3795.900958,0.000701
3797.829769,0.000478
3799.758581,0.000475
3801.687392,0.000205
3803.616204,0.000236
3805.545015,0.000559
3807.473827,0.000541
3809.402638,0.000599
3811.331450,0.000749
3813.260261,0.000792
3815.189073,0.000499
3817.117884,0.000149
3819.046696,0.000290
3820.975507,0.000089
3822.904318,0.000016
3824.833130,0.000506
3826.761941,0.000615
3828.690753,0.000661
3830.619564,0.000648
3832.548376,0.000298
3834.477187,0.000230
3836.405999,0.000227
3838.334810,-0.000051
3840.263622,0.000003
3842.192433,0.000366
3844.121245,0.000505
3846.050056,0.000559
3847.978867,0.000648
3849.907679,0.000576
3851.836490,0.000279
3853.765302,-0.000270
3855.694113,-0.000426
3857.622925,-0.000026
3859.551736,0.000302
3861.480548,0.000325
3863.409359,0.000076
3865.338171,-0.000074
3867.266982,0.000124
3869.195794,0.000167
3871.124605,0.000096
3873.053417,0.000250
3874.982228,0.000334
3876.911039,0.000456
3878.839851,0.000489
3880.768662,0.000183
3882.697474,0.000167
3884.626285,0.000231
3886.555097,0.000082
3888.483908,0.000259
3890.412720,0.000270
3892.341531,-0.000026
3894.270343,0.000039
3896.199154,0.000140
3898.127966,-0.000083
3900.056777,-0.000263
3901.985588,-0.000198
3903.914400,-0.000184
3905.843211,-0.000187
3907.772023,0.000052
3909.700834,0.000320
3911.629646,0.000415
3913.558457,0.000375
3915.487269,0.000304
3917.416080,0.000262
3919.344892,0.000190
3921.273703,0.000172
3923.202515,0.000151
3925.131326,0.000001
3927.060137,-0.000029
3928.988949,0.000034
3930.917760,-0.000016
3932.846572,-0.000007
3934.775383,0.000089
3936.704195,0.000116
3938.633006,0.000137
3940.561818,0.000192
3942.490629,0.000163
3944.419441,0.000097
3946.348252,0.000092
3948.277064,0.000068
3950.205875,0.000028
3952.134686,-0.000015
3954.063498,-0.000038
3955.992309,0.000037
3957.921121,0.000054
3959.849932,-0.000052
3961.778744,-0.000086
3963.707555,-0.000011
3965.636367,0.000017
3967.565178,-0.000072
3969.493990,-0.000174
3971.422801,-0.000196
3973.351613,-0.000151
3975.280424,-0.000100
3977.209235,-0.000029
3979.138047,-0.000015
3981.066858,-0.000065
3982.995670,-0.000062
3984.924481,-0.000087
3986.853293,-0.000140
3988.782104,-0.000159
3990.710916,-0.000147
3992.639727,-0.000085
3994.568539,-0.000133
3996.497350,-0.000199
3998.426162,-0.000054
4000.354973,0.000061
